0.0,0.0,0.0
0.000204082,0.0,0.0
0.000408163,0.0,0.0
0.000612245,0.0,0.0
0.000816327,0.0,0.0
0.00102041,0.0,0.0
0.00122449,2.22326e-13,1.24944e-16
0.00142857,3.90242e-12,2.16019e-15
0.00163265,1.80282e-11,1.00496e-14
0.00183673,4.99309e-11,2.83728e-14
0.00204082,1.06155e-10,6.19347e-14
0.0022449,1.92107e-10,1.15512e-13
0.00244898,3.13009e-10,1.94367e-13
0.00265306,4.72968e-10,3.03641e-13
0.00285714,6.75093e-10,4.4857e-13
0.00306122,9.23556e-10,6.34377e-13
0.00326531,1.22146e-09,8.66656e-13
0.00346939,1.56888e-09,1.14928e-12
0.00367347,1.9704e-09,1.48863e-12
0.00387755,2.42942e-09,1.89416e-12
0.00408163,2.94379e-09,2.36171e-12
0.00428571,3.51743e-09,2.90546e-12
0.0044898,4.14927e-09,3.52025e-12
0.00469388,4.85062e-09,4.2257e-12
0.00489796,5.59768e-09,5.00099e-12
0.00510204,6.415e-09,5.87762e-12
0.00530612,7.31334e-09,6.85631e-12
0.0055102,8.26303e-09,7.92209e-12
0.00571429,9.28296e-09,9.10667e-12
0.00591837,1.03735e-08,1.04045e-11
0.00612245,1.15372e-08,1.17859e-11
0.00632653,1.27556e-08,1.3314e-11
0.00653061,1.40186e-08,1.49312e-11
0.00673469,1.54091e-08,1.67143e-11
0.00693878,1.68434e-08,1.86024e-11
0.00714286,1.83148e-08,2.05964e-11
0.00734694,1.98916e-08,2.27506e-11
0.00755102,2.15165e-08,2.50164e-11
0.0077551,2.325e-08,2.74899e-11
0.00795918,2.5033e-08,3.00775e-11
0.00816327,2.68755e-08,3.28585e-11
0.00836735,2.88126e-08,3.56484e-11
0.00857143,3.08759e-08,3.88831e-11
0.00877551,3.29188e-08,4.19882e-11
0.00897959,3.51769e-08,4.54692e-11
0.00918367,3.72592e-08,4.8905e-11
0.00938776,3.95812e-08,5.26472e-11
0.00959184,4.20311e-08,5.6685e-11
0.00979592,4.43275e-08,6.0405e-11
0.01,4.69858e-08,6.48839e-11
0.0118367,7.29783e-08,1.11318e-10
0.0136735,1.05676e-07,1.76151e-10
0.0155102,1.43826e-07,2.57318e-10
0.0173469,1.88287e-07,3.589e-10
0.0191837,2.39785e-07,4.85597e-10
0.0210204,2.9654e-07,6.2685e-10
0.0228571,3.58133e-07,7.91394e-10
0.0246939,4.30712e-07,9.87455e-10
0.0265306,5.05406e-07,1.20009e-09
0.0283673,5.85222e-07,1.42754e-09
0.0302041,6.7397e-07,1.69561e-09
0.0320408,7.6786e-07,1.97034e-09
0.0338776,8.68293e-07,2.28598e-09
0.0357143,9.75018e-07,2.63704e-09
0.037551,1.08628e-06,2.9463e-09
0.0393878,1.20417e-06,3.3074e-09
0.0412245,1.3305e-06,3.72432e-09
0.0430612,1.45452e-06,4.0826e-09
0.044898,1.59927e-06,4.57294e-09
0.0467347,1.72806e-06,4.99562e-09
0.0485714,1.88524e-06,5.51115e-09
0.0504082,2.02705e-06,5.92758e-09
0.0522449,2.19343e-06,6.36335e-09
0.0540816,2.35602e-06,6.94006e-09
0.0559184,2.53752e-06,7.55207e-09
0.0577551,2.7018e-06,8.0074e-09
0.0595918,2.88876e-06,8.571e-09
0.0614286,3.07611e-06,9.24377e-09
0.0632653,3.25389e-06,9.54377e-09
0.065102,3.45999e-06,1.01784e-08
0.0669388,3.66051e-06,1.09574e-08
0.0687755,3.86426e-06,1.13783e-08
0.0706122,4.09138e-06,1.19751e-08
0.072449,4.30084e-06,1.26762e-08
0.0742857,4.52197e-06,1.32843e-08
0.0761224,4.7533e-06,1.38815e-08
0.0779592,4.97884e-06,1.4487e-08
0.0797959,5.21316e-06,1.51875e-08
0.0816327,5.43963e-06,1.5626e-08
0.0834694,5.68973e-06,1.58272e-08
0.0853061,5.97465e-06,1.69851e-08
0.0871429,6.21654e-06,1.72322e-08
0.0889796,6.47787e-06,1.82505e-08
0.0908163,6.75499e-06,1.86268e-08
0.0926531,6.98358e-06,1.92646e-08
0.0944898,7.28606e-06,2.02743e-08
0.0963265,7.5856e-06,2.12291e-08
0.0981633,7.87663e-06,2.15813e-08
0.1,8.11363e-06,2.17103e-08
0.102041,8.48861e-06,2.27889e-08
0.104082,8.83331e-06,2.39644e-08
0.106122,9.14458e-06,2.46483e-08
0.108163,9.45176e-06,2.47734e-08
0.110204,9.80956e-06,2.67603e-08
0.112245,1.01802e-05,2.67342e-08
0.114286,1.04797e-05,2.65666e-08
0.116327,1.088e-05,2.83198e-08
0.118367,1.12443e-05,2.82848e-08
0.120408,1.16124e-05,2.90024e-08
0.122449,1.20324e-05,3.09633e-08
0.12449,1.23354e-05,3.11524e-08
0.126531,1.27448e-05,3.14458e-08
0.128571,1.31637e-05,3.27992e-08
0.130612,1.35838e-05,3.3482e-08
0.132653,1.3912e-05,3.39769e-08
0.134694,1.42877e-05,3.39693e-08
0.136735,1.47604e-05,3.72201e-08
0.138776,1.51626e-05,3.70084e-08
0.140816,1.55357e-05,3.71976e-08
0.142857,1.60298e-05,3.81674e-08
0.144898,1.63616e-05,3.84623e-08
0.146939,1.68872e-05,4.0472e-08
0.14898,1.72473e-05,4.11208e-08
0.15102,1.7675e-05,4.1557e-08
0.153061,1.81778e-05,4.32239e-08
0.155102,1.85806e-05,4.28572e-08
0.157143,1.90407e-05,4.44125e-08
0.159184,1.94633e-05,4.4991e-08
0.161224,1.99352e-05,4.58215e-08
0.163265,2.04374e-05,4.74399e-08
0.165306,2.08361e-05,4.70958e-08
0.167347,2.13472e-05,4.86272e-08
0.169388,2.18499e-05,5.11303e-08
0.171429,2.22933e-05,5.07622e-08
0.173469,2.27353e-05,5.18691e-08
0.17551,2.32801e-05,5.29373e-08
0.177551,2.38261e-05,5.34875e-08
0.179592,2.41248e-05,5.38602e-08
0.181633,2.48274e-05,5.77135e-08
0.183673,2.51821e-05,5.53305e-08
0.185714,2.57379e-05,5.94582e-08
0.187755,2.62259e-05,5.79361e-08
0.189796,2.67968e-05,6.13639e-08
0.191837,2.71692e-05,5.86655e-08
0.193878,2.76569e-05,6.01238e-08
0.195918,2.83461e-05,6.32855e-08
0.197959,2.87771e-05,6.18362e-08
0.2,2.93647e-05,6.29106e-08
0.202041,2.99211e-05,6.57329e-08
0.204082,3.03854e-05,6.40574e-08
0.206122,3.08436e-05,6.68383e-08
0.208163,3.14767e-05,6.9208e-08
0.210204,3.19063e-05,6.78054e-08
0.212245,3.24995e-05,7.07262e-08
0.214286,3.31831e-05,7.16752e-08
0.216327,3.37341e-05,7.36793e-08
0.218367,3.42856e-05,7.25756e-08
0.220408,3.47999e-05,7.34748e-08
0.222449,3.52442e-05,7.38026e-08
0.22449,3.60522e-05,7.72408e-08
0.226531,3.65512e-05,7.97387e-08
0.228571,3.70833e-05,7.77547e-08
0.230612,3.75403e-05,7.78382e-08
0.232653,3.82698e-05,8.2515e-08
0.234694,3.87321e-05,7.94786e-08
0.236735,3.9312e-05,8.22079e-08
0.238776,3.98474e-05,7.99437e-08
0.240816,4.04985e-05,8.23744e-08
0.242857,4.12788e-05,8.80286e-08
0.244898,4.1829e-05,8.85396e-08
0.246939,4.22648e-05,8.82503e-08
0.24898,4.27776e-05,8.67909e-08
0.25102,4.34299e-05,8.88829e-08
0.253061,4.39619e-05,8.75451e-08
0.255102,4.49763e-05,9.39847e-08
0.257143,4.52436e-05,9.1156e-08
0.259184,4.61302e-05,9.65253e-08
0.261224,4.64967e-05,9.2567e-08
0.263265,4.73916e-05,9.77274e-08
0.265306,4.78032e-05,1.03169e-07
0.267347,4.84573e-05,9.65504e-08
0.269388,4.91431e-05,1.01826e-07
0.271429,4.97971e-05,1.03538e-07
0.273469,5.03342e-05,9.92558e-08
0.27551,5.10048e-05,1.01646e-07
0.277551,5.16742e-05,1.04143e-07
0.279592,5.22967e-05,1.06863e-07
0.281633,5.29837e-05,1.05608e-07
0.283673,5.34752e-05,1.05949e-07
0.285714,5.41685e-05,1.06123e-07
0.287755,5.49359e-05,1.09542e-07
0.289796,5.53291e-05,1.09769e-07
0.291837,5.61917e-05,1.1074e-07
0.293878,5.68182e-05,1.16386e-07
0.295918,5.73718e-05,1.11237e-07
0.297959,5.81666e-05,1.20419e-07
0.3,5.89068e-05,1.15362e-07
0.302041,5.95216e-05,1.21936e-07
0.304082,6.02806e-05,1.19605e-07
0.306122,6.07895e-05,1.20631e-07
0.308163,6.13739e-05,1.22718e-07
0.310204,6.20614e-05,1.19357e-07
0.312245,6.30003e-05,1.23588e-07
0.314286,6.33361e-05,1.19034e-07
0.316327,6.4079e-05,1.20641e-07
0.318367,6.53285e-05,1.35328e-07
0.320408,6.5475e-05,1.26126e-07
0.322449,6.6348e-05,1.31695e-07
0.32449,6.69187e-05,1.29897e-07
0.326531,6.77949e-05,1.40761e-07
0.328571,6.84386e-05,1.29415e-07
0.330612,6.89927e-05,1.29624e-07
0.332653,6.96678e-05,1.33381e-07
0.334694,7.06604e-05,1.3834e-07
0.336735,7.12174e-05,1.3626e-07
0.338776,7.20291e-05,1.43298e-07
0.340816,7.26391e-05,1.47628e-07
0.342857,7.33035e-05,1.50434e-07
0.344898,7.40916e-05,1.39071e-07
0.346939,7.46443e-05,1.41417e-07
0.34898,7.57586e-05,1.62102e-07
0.35102,7.61452e-05,1.45272e-07
0.353061,7.68248e-05,1.45272e-07
0.355102,7.76808e-05,1.44944e-07
0.357143,7.84277e-05,1.5142e-07
0.359184,7.95096e-05,1.59876e-07
0.361224,7.99825e-05,1.56967e-07
0.363265,8.05867e-05,1.55215e-07
0.365306,8.14379e-05,1.60388e-07
0.367347,8.22174e-05,1.5832e-07
0.369388,8.24976e-05,1.50727e-07
0.371429,8.35392e-05,1.57641e-07
0.373469,8.38893e-05,1.55436e-07
0.37551,8.5025e-05,1.57121e-07
0.377551,8.54777e-05,1.54588e-07
0.379592,8.68247e-05,1.70417e-07
0.381633,8.74699e-05,1.68383e-07
0.383673,8.79601e-05,1.63048e-07
0.385714,8.8973e-05,1.67998e-07
0.387755,8.95692e-05,1.69346e-07
0.389796,9.05369e-05,1.67613e-07
0.391837,9.13903e-05,1.73344e-07
0.393878,9.1869e-05,1.75881e-07
0.395918,9.26009e-05,1.78847e-07
0.397959,9.32451e-05,1.73888e-07
0.4,9.42854e-05,1.76077e-07
0.402041,9.49053e-05,1.75849e-07
0.404082,9.58069e-05,1.7934e-07
0.406122,9.65829e-05,1.78319e-07
0.408163,9.71371e-05,1.76302e-07
0.410204,9.81735e-05,1.7564e-07
0.412245,9.88973e-05,1.86068e-07
0.414286,9.98408e-05,1.88974e-07
0.416327,0.000100559,1.91395e-07
0.418367,0.000101401,1.95166e-07
0.420408,0.000102173,1.94139e-07
0.422449,0.000102795,1.86172e-07
0.42449,0.000103899,1.96596e-07
0.426531,0.000104511,1.91875e-07
0.428571,0.000105331,2.05474e-07
0.430612,0.000106039,2.0221e-07
0.432653,0.000106614,2.00531e-07
0.434694,0.000108045,1.99916e-07
0.436735,0.000108593,1.97748e-07
0.438776,0.000109078,2.01245e-07
0.440816,0.000110084,1.96259e-07
0.442857,0.000111107,2.12115e-07
0.444898,0.000111643,2.07729e-07
0.446939,0.000112275,1.96261e-07
0.44898,0.000113755,2.20441e-07
0.45102,0.000113894,2.09114e-07
0.453061,0.00011518,2.0912e-07
0.455102,0.000115519,2.17405e-07
0.457143,0.000116987,2.15159e-07
0.459184,0.000117409,2.15204e-07
0.461224,0.000118233,2.10697e-07
0.463265,0.000119004,2.28763e-07
0.465306,0.000119897,2.21393e-07
0.467347,0.000120928,2.27276e-07
0.469388,0.000121439,2.1478e-07
0.471429,0.000122319,2.12537e-07
0.473469,0.000123286,2.29507e-07
0.47551,0.000124141,2.23084e-07
0.477551,0.000124921,2.29772e-07
0.479592,0.000125671,2.21665e-07
0.481633,0.000126776,2.25853e-07
0.483673,0.000127575,2.30739e-07
0.485714,0.000128462,2.39636e-07
0.487755,0.000129127,2.32486e-07
0.489796,0.000130095,2.35411e-07
0.491837,0.000131132,2.4098e-07
0.493878,0.000131922,2.3836e-07
0.495918,0.000132446,2.3195e-07
0.497959,0.000133885,2.46097e-07
0.5,0.000134317,2.4187e-07
0.502041,0.000134855,2.47627e-07
0.504082,0.000136242,2.48721e-07
0.506122,0.000136626,2.42358e-07
0.508163,0.000137678,2.44511e-07
0.510204,0.000138254,2.47904e-07
0.512245,0.000139839,2.60138e-07
0.514286,0.000140208,2.58477e-07
0.516327,0.000141126,2.61602e-07
0.518367,0.000141873,2.52113e-07
0.520408,0.000142578,2.51461e-07
0.522449,0.000143615,2.73372e-07
0.52449,0.000144409,2.4842e-07
0.526531,0.000145547,2.57797e-07
0.528571,0.000146445,2.61712e-07
0.530612,0.000147148,2.49991e-07
0.532653,0.000147906,2.73285e-07
0.534694,0.000149162,2.68526e-07
0.536735,0.000150135,2.68258e-07
0.538776,0.000150698,2.56626e-07
0.540816,0.000151875,2.63926e-07
0.542857,0.000152646,2.64828e-07
0.544898,0.000153582,2.76339e-07
0.546939,0.000154558,2.75855e-07
0.54898,0.000155241,2.69957e-07
0.55102,0.000156472,2.70118e-07
0.553061,0.000157,2.79845e-07
0.555102,0.000158022,2.74874e-07
0.557143,0.000158732,2.82809e-07
0.559184,0.000159513,2.68222e-07
0.561224,0.000160578,2.9497e-07
0.563265,0.000161373,2.80183e-07
0.565306,0.000161724,2.76467e-07
0.567347,0.000163517,2.9196e-07
0.569388,0.000164063,2.83791e-07
0.571429,0.000165358,3.20387e-07
0.573469,0.000165942,2.75946e-07
0.57551,0.000166859,2.96177e-07
0.577551,0.000168054,2.97126e-07
0.579592,0.00016854,2.85845e-07
0.581633,0.00017013,3.0621e-07
0.583673,0.000170573,2.91409e-07
0.585714,0.000171179,2.91808e-07
0.587755,0.00017268,2.94797e-07
0.589796,0.000173168,3.0629e-07
0.591837,0.0001742,2.89001e-07
0.593878,0.000175795,3.07054e-07
0.595918,0.000176554,3.11677e-07
0.597959,0.000177021,3.02695e-07
0.6,0.00017831,3.11085e-07
0.602041,0.00017878,3.05342e-07
0.604082,0.000180097,3.14565e-07
0.606122,0.000180576,3.28361e-07
0.608163,0.000181937,3.22044e-07
0.610204,0.000183073,3.31204e-07
0.612245,0.000183378,3.15775e-07
0.614286,0.000184892,3.10684e-07
0.616327,0.000185541,3.1669e-07
0.618367,0.000186039,3.30071e-07
0.620408,0.000187294,3.19514e-07
0.622449,0.000188921,3.46365e-07
0.62449,0.000189722,3.2829e-07
0.626531,0.000190111,3.42511e-07
0.628571,0.000191798,3.38234e-07
0.630612,0.000192788,3.27978e-07
0.632653,0.000193188,3.39755e-07
0.634694,0.00019359,3.53359e-07
0.636735,0.000194872,3.28562e-07
0.638776,0.000196226,3.45808e-07
0.640816,0.000197332,3.53511e-07
0.642857,0.000198038,3.31819e-07
0.644898,0.000199457,3.5118e-07
0.646939,0.000199885,3.41006e-07
0.64898,0.000201351,3.69544e-07
0.65102,0.00020156,3.40419e-07
0.653061,0.000202694,3.97056e-07
0.655102,0.000204206,3.5843e-07
0.657143,0.000204807,3.59169e-07
0.659184,0.000206152,3.57077e-07
0.661224,0.000206186,3.45406e-07
0.663265,0.000208067,3.56574e-07
0.665306,0.000208696,3.54565e-07
0.667347,0.00021007,3.73802e-07
0.669388,0.000210417,3.54123e-07
0.671429,0.000211799,3.70319e-07
0.673469,0.000212476,3.65388e-07
0.67551,0.000213352,3.66699e-07
0.677551,0.000214092,3.8589e-07
0.679592,0.000215596,3.58212e-07
0.681633,0.000216672,3.73243e-07
0.683673,0.000217453,3.6129e-07
0.685714,0.000218127,4.09521e-07
0.687755,0.000219464,3.7176e-07
0.689796,0.000220206,3.89429e-07
0.691837,0.000221359,3.78764e-07
0.693878,0.000222126,3.7698e-07
0.695918,0.00022315,3.91702e-07
0.697959,0.000224943,4.1257e-07
0.7,0.000225813,3.92479e-07
0.702041,0.000226507,3.81804e-07
0.704082,0.000227461,4.02509e-07
0.706122,0.000228335,4.02617e-07
0.708163,0.000229466,3.8811e-07
0.710204,0.000229833,3.87543e-07
0.712245,0.000231302,4.14743e-07
0.714286,0.000231918,4.15582e-07
0.716327,0.000232814,4.01007e-07
0.718367,0.000234226,4.0746e-07
0.720408,0.000235713,4.01778e-07
0.722449,0.000235903,3.82123e-07
0.72449,0.000237402,3.92887e-07
0.726531,0.000238251,4.13169e-07
0.728571,0.000239299,4.04596e-07
0.730612,0.000239783,4.00343e-07
0.732653,0.000240623,3.8895e-07
0.734694,0.000242446,4.30265e-07
0.736735,0.000243611,4.23838e-07
0.738776,0.000244482,4.04576e-07
0.740816,0.000245495,4.21379e-07
0.742857,0.000246275,4.25563e-07
0.744898,0.000247487,4.11571e-07
0.746939,0.00024877,4.40655e-07
0.74898,0.000248567,4.22277e-07
0.75102,0.000250425,4.20153e-07
0.753061,0.000251307,4.13226e-07
0.755102,0.000251839,4.20673e-07
0.757143,0.000253135,4.35161e-07
0.759184,0.000254397,4.57003e-07
0.761224,0.000255703,4.39442e-07
0.763265,0.000256563,4.42865e-07
0.765306,0.000257289,4.33587e-07
0.767347,0.000259427,4.6536e-07
0.769388,0.000260735,4.68441e-07
0.771429,0.000260655,4.49428e-07
0.773469,0.000261355,4.49891e-07
0.77551,0.000263049,4.3321e-07
0.777551,0.000263589,4.60839e-07
0.779592,0.000264747,4.58461e-07
0.781633,0.000266656,4.87669e-07
0.783673,0.000267243,4.55752e-07
0.785714,0.000268122,4.65715e-07
0.787755,0.000268265,4.345e-07
0.789796,0.000269533,4.66884e-07
0.791837,0.000269943,4.80455e-07
0.793878,0.000272089,4.63097e-07
0.795918,0.000272701,4.49202e-07
0.797959,0.000274231,4.80806e-07
0.8,0.000274185,4.41586e-07
0.802041,0.000276834,4.89775e-07
0.804082,0.000276855,4.84789e-07
0.806122,0.000278739,5.01666e-07
0.808163,0.000279378,4.61753e-07
0.810204,0.000281117,5.17193e-07
0.812245,0.000280739,4.81634e-07
0.814286,0.000281916,4.606e-07
0.816327,0.000282558,4.68118e-07
0.818367,0.000284397,4.63538e-07
0.820408,0.000285763,4.79691e-07
0.822449,0.000286412,4.5897e-07
0.82449,0.000287166,4.75322e-07
0.826531,0.000289287,5.53644e-07
0.828571,0.000290176,4.77083e-07
0.830612,0.000291446,5.05019e-07
0.832653,0.000291804,5.15356e-07
0.834694,0.000292988,5.12102e-07
0.836735,0.000292895,5.10152e-07
0.838776,0.000295937,5.31924e-07
0.840816,0.000295042,4.99349e-07
0.842857,0.00029678,4.92776e-07
0.844898,0.000298445,4.93336e-07
0.846939,0.000299994,5.25394e-07
0.84898,0.000299817,5.0941e-07
0.85102,0.000301043,5.05421e-07
0.853061,0.000301522,4.83174e-07
0.855102,0.000303492,4.95129e-07
0.857143,0.000304843,4.97804e-07
0.859184,0.000306474,5.2446e-07
0.861224,0.000306968,6.70383e-07
0.863265,0.000308526,5.16527e-07
0.865306,0.000309575,5.33156e-07
0.867347,0.000310058,5.07579e-07
0.869388,0.00031198,5.37958e-07
0.871429,0.00031243,5.24442e-07
0.873469,0.000312442,5.23026e-07
0.87551,0.000314144,5.05582e-07
0.877551,0.000314944,5.19896e-07
0.879592,0.000316269,5.44456e-07
0.881633,0.000317819,5.38489e-07
0.883673,0.000318662,5.26045e-07
0.885714,0.000319669,5.23762e-07
0.887755,0.000320735,5.25615e-07
0.889796,0.00032308,5.87253e-07
0.891837,0.00032298,5.71205e-07
0.893878,0.000324131,5.56491e-07
0.895918,0.000325556,5.72196e-07
0.897959,0.000325642,5.30375e-07
0.9,0.000326541,5.04915e-07
0.902041,0.000329172,5.85957e-07
0.904082,0.000328475,5.24749e-07
0.906122,0.000330124,5.65763e-07
0.908163,0.0003318,5.31267e-07
0.910204,0.000332851,5.55171e-07
0.912245,0.000334049,6.09358e-07
0.914286,0.000335456,5.60801e-07
0.916327,0.000335798,5.71659e-07
0.918367,0.000338091,7.19898e-07
0.920408,0.000338097,5.64471e-07
0.922449,0.000339272,5.60882e-07
0.92449,0.000340739,5.35928e-07
0.926531,0.00034184,5.89664e-07
0.928571,0.000342963,5.81063e-07
0.930612,0.000343209,5.45257e-07
0.932653,0.000345248,5.68874e-07
0.934694,0.00034529,5.7169e-07
0.936735,0.000347287,5.7041e-07
0.938776,0.000348046,5.8368e-07
0.940816,0.000349797,5.91289e-07
0.942857,0.000351426,6.44559e-07
0.944898,0.000351045,6.11908e-07
0.946939,0.000353316,6.3564e-07
0.94898,0.000353738,6.41382e-07
0.95102,0.000354702,5.74968e-07
0.953061,0.000356579,6.92673e-07
0.955102,0.000357667,6.03078e-07
0.957143,0.000357997,5.67553e-07
0.959184,0.000358969,5.65775e-07
0.961224,0.000360072,5.91588e-07
0.963265,0.000362602,5.99253e-07
0.965306,0.000362141,5.68985e-07
0.967347,0.000363126,6.11606e-07
0.969388,0.000365226,5.96865e-07
0.971429,0.000367061,6.45887e-07
0.973469,0.000366843,5.86995e-07
0.97551,0.000368573,6.38699e-07
0.977551,0.000369075,6.27957e-07
0.979592,0.000371279,6.41185e-07
0.981633,0.000371083,5.98267e-07
0.983673,0.000373132,5.96875e-07
0.985714,0.000373664,5.89513e-07
0.987755,0.000375865,6.66576e-07
0.989796,0.000376709,6.32253e-07
0.991837,0.000377092,6.03237e-07
0.993878,0.000378765,7.02009e-07
0.995918,0.00037945,6.1228e-07
0.997959,0.000381458,6.83874e-07
1.0,0.000381972,6.71554e-07
1.08163,0.000428659,7.0291e-07
1.16327,0.000473229,7.59538e-07
1.2449,0.000523405,8.28748e-07
1.32653,0.00057374,9.24255e-07
1.40816,0.000625387,1.31275e-06
1.4898,0.000675369,1.11289e-06
1.57143,0.000728666,1.18918e-06
1.65306,0.000782101,1.24212e-06
1.73469,0.000833217,1.28905e-06
1.81633,0.000887148,1.42944e-06
1.89796,0.000943476,1.50993e-06
1.97959,0.000999028,1.52719e-06
2.06122,0.00105606,1.84848e-06
2.14286,0.00111308,1.71407e-06
2.22449,0.00117127,1.79407e-06
2.30612,0.00123035,1.87892e-06
2.38776,0.00128926,2.0604e-06
2.46939,0.00134779,2.10196e-06
2.55102,0.00140704,2.13162e-06
2.63265,0.00147008,2.3754e-06
2.71429,0.00153308,2.45096e-06
2.79592,0.00159475,2.54331e-06
2.87755,0.00165597,2.61989e-06
2.95918,0.00172234,2.88695e-06
3.04082,0.00177805,2.83791e-06
3.12245,0.00184531,2.75701e-06
3.20408,0.00191034,2.85398e-06
3.28571,0.00197279,2.87253e-06
3.36735,0.00204468,3.82769e-06
3.44898,0.00210776,4.1475e-06
3.53061,0.00217185,3.48743e-06
3.61224,0.00223558,3.35703e-06
3.69388,0.0022956,3.49476e-06
3.77551,0.00236581,3.55985e-06
3.85714,0.00244396,5.9236e-06
3.93878,0.00250628,4.935e-06
4.02041,0.00256768,3.83274e-06
4.10204,0.00264049,3.85245e-06
4.18367,0.00270412,4.08467e-06
4.26531,0.00278091,4.31133e-06
4.34694,0.00284259,4.21322e-06
4.42857,0.00291713,4.62254e-06
4.5102,0.00299004,5.3078e-06
4.59184,0.00305118,4.27131e-06
4.67347,0.00313468,4.87614e-06
4.7551,0.00319232,5.08168e-06
4.83673,0.00327858,6.74706e-06
4.91837,0.00334125,5.10148e-06
5.0,0.00340736,5.14362e-06
5.10204,0.00350142,5.78604e-06
5.20408,0.00358581,5.6246e-06
5.30612,0.00367456,5.27076e-06
5.40816,0.00377522,5.99401e-06
5.5102,0.003865,6.7469e-06
5.61224,0.00395044,6.18477e-06
5.71429,0.00404863,6.66483e-06
5.81633,0.00413369,6.22457e-06
5.91837,0.00424058,8.82728e-06
6.02041,0.00433195,6.94772e-06
6.12245,0.00441869,6.80973e-06
6.22449,0.004511,7.21098e-06
6.32653,0.00460045,7.03085e-06
6.42857,0.00470635,6.81692e-06
6.53061,0.00479275,7.55395e-06
6.63265,0.00489613,8.15969e-06
6.73469,0.00499227,7.37087e-06
6.83673,0.00508224,8.47606e-06
6.93878,0.0051554,7.56591e-06
7.04082,0.00527433,8.10467e-06
7.14286,0.0053844,8.16879e-06
7.2449,0.00547492,1.15419e-05
7.34694,0.00555954,9.20712e-06
7.44898,0.00565221,8.77378e-06
7.55102,0.00576227,8.47081e-06
7.65306,0.00587667,9.43354e-06
7.7551,0.00593285,9.23227e-06
7.85714,0.00608209,1.14693e-05
7.95918,0.00617379,1.24946e-05
8.06122,0.00626015,1.09267e-05
8.16327,0.0063497,9.73253e-06
8.26531,0.00646214,1.02227e-05
8.36735,0.00654052,1.04589e-05
8.46939,0.00663927,9.52756e-06
8.57143,0.00674724,1.18259e-05
8.67347,0.00685863,1.0885e-05
8.77551,0.00696856,1.21952e-05
8.87755,0.00705209,1.03051e-05
8.97959,0.00716587,1.11938e-05
9.08163,0.00726035,1.43151e-05
9.18367,0.00735756,1.13971e-05
9.28571,0.00745258,1.2275e-05
9.38776,0.00756893,1.50702e-05
9.4898,0.00766593,1.1728e-05
9.59184,0.0077803,1.34345e-05
9.69388,0.00786061,1.1846e-05
9.79592,0.00797196,1.20906e-05
9.89796,0.00808217,1.29616e-05
10.0,0.00816964,1.35014e-05
10.2041,0.00837056,1.23304e-05
10.4082,0.00859165,1.3605e-05
10.6122,0.00878851,1.40152e-05
10.8163,0.00902296,1.39884e-05
11.0204,0.00921246,1.45759e-05
11.2245,0.00941403,1.3769e-05
11.4286,0.00962808,1.64573e-05
11.6327,0.00986892,2.18481e-05
11.8367,0.010069,1.54863e-05
12.0408,0.0102398,1.53162e-05
12.2449,0.010505,1.68139e-05
12.449,0.0106955,1.55697e-05
12.6531,0.0109664,1.85244e-05
12.8571,0.011158,1.62467e-05
13.0612,0.01135,1.68169e-05
13.2653,0.0115617,1.85979e-05
13.4694,0.0118129,1.90471e-05
13.6735,0.0120216,2.12219e-05
13.8776,0.0122286,1.77217e-05
14.0816,0.0124682,2.33501e-05
14.2857,0.0126685,1.88392e-05
14.4898,0.012871,2.57853e-05
14.6939,0.0131316,2.27414e-05
14.898,0.0133237,2.21046e-05
15.102,0.0135884,2.58274e-05
15.3061,0.0137953,2.55781e-05
15.5102,0.0139597,1.95315e-05
15.7143,0.0142201,2.2563e-05
15.9184,0.0144961,2.87111e-05
16.1224,0.0146855,2.49386e-05
16.3265,0.014917,2.29889e-05
16.5306,0.0151108,2.42539e-05
16.7347,0.0153357,2.2834e-05
16.9388,0.0156357,2.40614e-05
17.1429,0.0158213,2.45522e-05
17.3469,0.016029,2.42996e-05
17.551,0.0162535,2.4112e-05
17.7551,0.0165231,2.84287e-05
17.9592,0.0167978,3.06554e-05
18.1633,0.0170281,2.74507e-05
18.3673,0.017188,2.78821e-05
18.5714,0.0174714,3.75245e-05
18.7755,0.0176724,2.90289e-05
18.9796,0.0178931,2.7607e-05
19.1837,0.0181604,3.16017e-05
19.3878,0.0183438,2.78224e-05
19.5918,0.0186549,3.79035e-05
19.7959,0.0188423,3.14715e-05
20.0,0.0190764,3.164e-05
20.4082,0.0196147,3.42966e-05
20.8163,0.0200284,3.65551e-05
21.2245,0.0204459,3.33109e-05
21.6327,0.0209227,2.96817e-05
22.0408,0.0214215,3.74507e-05
22.449,0.0218282,3.4047e-05
22.8571,0.0223844,3.84412e-05
23.2653,0.0228723,3.76151e-05
23.6735,0.0233722,4.36345e-05
24.0816,0.0238429,3.78716e-05
24.4898,0.024287,3.72162e-05
24.898,0.0247492,3.5979e-05
25.3061,0.0252848,3.81569e-05
25.7143,0.025806,4.24695e-05
26.1224,0.0262406,4.00311e-05
26.5306,0.0267441,4.25134e-05
26.9388,0.0271948,4.17375e-05
27.3469,0.0277515,4.62346e-05
27.7551,0.0283857,6.0028e-05
28.1633,0.0288065,4.98257e-05
28.5714,0.0293109,5.52624e-05
28.9796,0.0296931,7.28085e-05
29.3878,0.0301508,5.23667e-05
29.7959,0.030791,5.7172e-05
30.2041,0.0311652,5.09088e-05
30.6122,0.0317383,4.9074e-05
31.0204,0.0323116,5.83167e-05
31.4286,0.0327203,5.15544e-05
31.8367,0.033212,5.86559e-05
32.2449,0.0338266,5.90102e-05
32.6531,0.0344819,0.000122633
33.0612,0.0348169,5.39742e-05
33.4694,0.0351531,5.92647e-05
33.8776,0.0359288,8.96258e-05
34.2857,0.0363053,6.14398e-05
34.6939,0.036773,5.89249e-05
35.102,0.0373853,5.81294e-05
35.5102,0.0379515,7.07433e-05
35.9184,0.0383463,6.82773e-05
36.3265,0.0388918,6.99069e-05
36.7347,0.0392123,5.93334e-05
37.1429,0.0397767,6.21762e-05
37.551,0.04039,6.37308e-05
37.9592,0.0409139,6.4347e-05
38.3673,0.0413745,7.25027e-05
38.7755,0.0418998,6.40832e-05
39.1837,0.0424804,6.74701e-05
39.5918,0.042945,7.02528e-05
40.0,0.0434255,6.45088e-05
40.4082,0.0440492,6.99913e-05
40.8163,0.0445469,9.21461e-05
41.2245,0.045011,6.96521e-05
41.6327,0.0457995,8.6017e-05
42.0408,0.0460866,7.06623e-05
42.449,0.0466038,7.83122e-05
42.8571,0.0473116,8.35965e-05
43.2653,0.047682,7.8068e-05
43.6735,0.0482943,8.08584e-05
44.0816,0.048786,9.56949e-05
44.4898,0.0493658,8.35836e-05
44.898,0.0498466,8.23387e-05
45.3061,0.0504733,8.98034e-05
45.7143,0.0509899,7.76753e-05
46.1224,0.0514289,7.99622e-05
46.5306,0.0519225,8.1273e-05
46.9388,0.0525259,8.19418e-05
47.3469,0.0532065,9.82293e-05
47.7551,0.0535917,8.39345e-05
48.1633,0.0542801,0.000100911
48.5714,0.0545569,8.50238e-05
48.9796,0.0553627,9.64404e-05
49.3878,0.0559049,0.000103156
49.7959,0.0561803,8.43022e-05
50.2041,0.0568023,8.93307e-05
50.6122,0.0573293,9.59098e-05
51.0204,0.0580188,0.000120691
51.4286,0.0590953,0.000462583
51.8367,0.0589384,8.62878e-05
52.2449,0.0595582,9.48741e-05
52.6531,0.0601068,0.000104837
53.0612,0.060753,0.000100488
53.4694,0.0611337,8.85385e-05
53.8776,0.0615476,0.000105212
54.2857,0.0621876,9.7281e-05
54.6939,0.0627803,0.000107478
55.102,0.0635116,0.000105477
55.5102,0.0639562,0.000115785
55.9184,0.0644467,0.000126495
56.3265,0.0649599,0.000106061
56.7347,0.0656858,0.000120776
57.1429,0.066299,0.000132426
57.551,0.0670886,0.000201057
57.9592,0.0672588,0.000121105
58.3673,0.0679704,0.00012722
58.7755,0.0683023,0.000112357
59.1837,0.0687975,0.000106868
59.5918,0.0695353,0.000137043
60.0,0.0701113,0.000112619
60.4082,0.0705378,0.000138322
60.8163,0.0710278,0.000118093
61.2245,0.0714137,0.000110577
61.6327,0.0722966,0.000129473
62.0408,0.0727518,0.000122408
62.449,0.0733934,0.000125343
62.8571,0.0738415,0.000111977
63.2653,0.074371,0.000142715
63.6735,0.0750423,0.000134181
64.0816,0.0755579,0.000141882
64.4898,0.0761357,0.000122154
64.898,0.0767188,0.000124528
65.3061,0.0772492,0.00012892
65.7143,0.0778206,0.000128469
66.1224,0.0782967,0.000132826
66.5306,0.0789485,0.00014166
66.9388,0.0794791,0.000152126
67.3469,0.0798844,0.000129058
67.7551,0.0805974,0.000129626
68.1633,0.0813192,0.000130403
68.5714,0.0820646,0.00013389
68.9796,0.0824699,0.000150155
69.3878,0.0827191,0.000128307
69.7959,0.0833108,0.000143039
70.2041,0.0839163,0.000139226
70.6122,0.0847608,0.000145484
71.0204,0.0850311,0.000132919
71.4286,0.0858704,0.000165313
71.8367,0.0863743,0.0001523
72.2449,0.0866833,0.00013328
72.6531,0.0873228,0.000158046
73.0612,0.088106,0.000138715
73.4694,0.0886757,0.000275165
73.8776,0.0890022,0.0001324
74.2857,0.0897822,0.00015305
74.6939,0.089887,0.000149456
75.102,0.0906321,0.000143503
75.5102,0.0910564,0.000127508
75.9184,0.0919015,0.000181678
76.3265,0.0926694,0.000170414
76.7347,0.0930408,0.000141541
77.1429,0.0933989,0.000142202
77.551,0.0940646,0.000156773
77.9592,0.0950996,0.000154272
78.3673,0.095565,0.000179598
78.7755,0.0960533,0.00017534
79.1837,0.0966563,0.000172725
79.5918,0.097137,0.000159843
80.0,0.0976591,0.000176927
80.4082,0.0985228,0.000172243
80.8163,0.0990163,0.00016351
81.2245,0.0996651,0.000154382
81.6327,0.100156,0.000169143
82.0408,0.100899,0.000184825
82.449,0.101578,0.000215339
82.8571,0.101821,0.000153692
83.2653,0.102895,0.000206341
83.6735,0.103136,0.000161404
84.0816,0.103586,0.000169715
84.4898,0.103977,0.000172013
84.898,0.104862,0.000203988
85.3061,0.105354,0.000246863
85.7143,0.105768,0.000181767
86.1224,0.106642,0.000185964
86.5306,0.107234,0.000265361
86.9388,0.107551,0.000186876
87.3469,0.108252,0.000178944
87.7551,0.108543,0.000179596
88.1633,0.109512,0.000187606
88.5714,0.109817,0.00016873
88.9796,0.110835,0.000216425
89.3878,0.111038,0.000176986
89.7959,0.11196,0.00018926
90.2041,0.111901,0.000168248
90.6122,0.112832,0.000181978
91.0204,0.113727,0.000204909
91.4286,0.114186,0.000182356
91.8367,0.114745,0.00018911
92.2449,0.115149,0.000224848
92.6531,0.11582,0.000207114
93.0612,0.116558,0.000198941
93.4694,0.116958,0.000191536
93.8776,0.117894,0.000220473
94.2857,0.118226,0.000192474
94.6939,0.118944,0.000203119
95.102,0.119571,0.000214799
95.5102,0.119817,0.000214015
95.9184,0.120875,0.000277615
96.3265,0.121427,0.000194236
96.7347,0.121586,0.000203155
97.1429,0.122844,0.00073006
97.551,0.122812,0.000188577
97.9592,0.123642,0.000265012
98.3673,0.12394,0.000206555
98.7755,0.124806,0.00023844
99.1837,0.125552,0.000271432
99.5918,0.126329,0.000248843
100.0,0.126671,0.000195954
100.816,0.127888,0.000221041
101.633,0.128508,0.000206568
102.449,0.130078,0.000196022
103.265,0.130835,0.00020252
104.082,0.132598,0.000234499
104.898,0.133554,0.000214651
105.714,0.134812,0.000234637
106.531,0.136593,0.000442286
107.347,0.137379,0.00023797
108.163,0.138094,0.000243838
108.98,0.139357,0.000214251
109.796,0.141281,0.000240101
110.612,0.142077,0.000242755
111.429,0.143355,0.000258335
112.245,0.144446,0.000215414
113.061,0.14589,0.000250928
113.878,0.146744,0.000230189
114.694,0.14794,0.000234022
115.51,0.149037,0.000254152
116.327,0.150847,0.000465347
117.143,0.152042,0.000275292
117.959,0.153377,0.00035255
118.776,0.154365,0.000312631
119.592,0.155542,0.000261039
120.408,0.15639,0.000279641
121.224,0.157558,0.000248909
122.041,0.159257,0.000256851
122.857,0.160845,0.00032045
123.673,0.161791,0.00026844
124.49,0.162948,0.000274871
125.306,0.164111,0.000297488
126.122,0.165194,0.000302018
126.939,0.166774,0.000345301
127.755,0.169248,0.000872576
128.571,0.169125,0.000414764
129.388,0.170291,0.000324593
130.204,0.171795,0.000313539
131.02,0.172775,0.00030299
131.837,0.173693,0.000254023
132.653,0.175374,0.000368211
133.469,0.175903,0.000270946
134.286,0.177434,0.000308831
135.102,0.178747,0.000304885
135.918,0.180414,0.000395285
136.735,0.181199,0.000318686
137.551,0.182192,0.0002672
138.367,0.183816,0.000471509
139.184,0.185389,0.000390276
140.0,0.186244,0.000315868
140.816,0.188462,0.000593884
141.633,0.18844,0.000360835
142.449,0.189511,0.000287853
143.265,0.191497,0.000328185
144.082,0.19226,0.000345204
144.898,0.19318,0.00029903
145.714,0.194707,0.000371568
146.531,0.195963,0.000336211
147.347,0.197291,0.000319766
148.163,0.198452,0.000314276
148.98,0.199846,0.000326174
149.796,0.201462,0.000348397
150.612,0.202273,0.000336173
151.429,0.204071,0.000471735
152.245,0.204727,0.000358536
153.061,0.206562,0.000578274
153.878,0.207564,0.000350603
154.694,0.209623,0.000384685
155.51,0.210363,0.000422172
156.327,0.211144,0.00033015
157.143,0.212474,0.000395894
157.959,0.213788,0.000348982
158.776,0.214957,0.000350245
159.592,0.216487,0.000388961
160.408,0.218978,0.00150022
161.224,0.218504,0.00034418
162.041,0.219936,0.000369326
162.857,0.220688,0.000368514
163.673,0.22251,0.000346951
164.49,0.224698,0.000610427
165.306,0.224452,0.000344865
166.122,0.226398,0.00036052
166.939,0.227164,0.000403024
167.755,0.228501,0.0003679
168.571,0.229973,0.000422511
169.388,0.232894,0.000658422
170.204,0.232844,0.000416087
171.02,0.234321,0.00041744
171.837,0.23544,0.000491794
172.653,0.236946,0.00115048
173.469,0.237742,0.0004026
174.286,0.238853,0.000405428
175.102,0.239981,0.000403133
175.918,0.241566,0.000439255
176.735,0.242843,0.000451725
177.551,0.244492,0.000547836
178.367,0.246084,0.000456655
179.184,0.246052,0.000375903
180.0,0.247408,0.00040078
180.816,0.248832,0.000411317
181.633,0.251531,0.000485524
182.449,0.251267,0.000432519
183.265,0.252747,0.000486548
184.082,0.255329,0.000517773
184.898,0.255913,0.000433761
185.714,0.257255,0.000503634
186.531,0.258099,0.000409512
187.347,0.259713,0.000438513
188.163,0.261034,0.000466828
188.98,0.26265,0.000535282
189.796,0.262836,0.000408802
190.612,0.264735,0.000407886
191.429,0.266313,0.000526133
192.245,0.26744,0.000554622
193.061,0.268992,0.000563597
193.878,0.269925,0.00055702
194.694,0.272181,0.000562416
195.51,0.273697,0.000842125
196.327,0.273877,0.000503786
197.143,0.274623,0.000435652
197.959,0.276219,0.000502899
198.776,0.277264,0.000443944
199.592,0.278592,0.000493727
200.408,0.280315,0.000502458
201.224,0.281959,0.000495965
202.041,0.283016,0.000546128
202.857,0.285461,0.00083261
203.673,0.285864,0.000525072
204.49,0.286769,0.000497501
205.306,0.290058,0.00125911
206.122,0.289507,0.000528249
206.939,0.291857,0.000612339
207.755,0.2914,0.000475036
208.571,0.294144,0.000877468
209.388,0.294589,0.000480164
210.204,0.296769,0.000568112
211.02,0.298316,0.000509766
211.837,0.299964,0.00137424
212.653,0.300205,0.000486708
213.469,0.300235,0.000547216
214.286,0.301447,0.000457448
215.102,0.303765,0.000501856
215.918,0.305744,0.000602342
216.735,0.306007,0.000534238
217.551,0.308449,0.00123394
218.367,0.308991,0.000505177
219.184,0.311369,0.0010897
220.0,0.311282,0.000508854
221.633,0.313969,0.000527928
223.265,0.316404,0.000704216
224.898,0.32026,0.000616377
226.531,0.322554,0.000550115
228.163,0.323969,0.000512693
229.796,0.327072,0.000612635
231.429,0.329918,0.000629926
233.061,0.33253,0.000583923
234.694,0.335327,0.000585368
236.327,0.337994,0.000954599
237.959,0.340891,0.000634358
239.592,0.343175,0.000653108
241.224,0.346051,0.000587944
242.857,0.34826,0.00060542
244.49,0.350375,0.000593682
246.122,0.353755,0.000574978
247.755,0.357881,0.0012789
249.388,0.359936,0.00072205
251.02,0.362153,0.000662853
252.653,0.36456,0.000592293
254.286,0.367508,0.000678391
255.918,0.369969,0.000748606
257.551,0.373456,0.000662611
259.184,0.375896,0.00076531
260.816,0.378031,0.000815553
262.449,0.378975,0.000572666
264.082,0.382583,0.00072671
265.714,0.387016,0.000686065
267.347,0.389211,0.00078223
268.98,0.392411,0.000858892
270.612,0.394136,0.000691585
272.245,0.3966,0.000764253
273.878,0.399637,0.00072047
275.51,0.401727,0.000657481
277.143,0.404072,0.000683874
278.776,0.408242,0.000734913
280.408,0.410488,0.000717078
282.041,0.413035,0.000854055
283.673,0.415634,0.000728793
285.306,0.419012,0.00129399
286.939,0.422347,0.00122359
288.571,0.423478,0.000712167
290.204,0.426538,0.000803739
291.837,0.429304,0.000964323
293.469,0.431969,0.000794759
295.102,0.435371,0.00106922
296.735,0.437645,0.000938143
298.367,0.439977,0.000736889
300.0,0.44193,0.000833367
301.633,0.445689,0.00084368
303.265,0.448276,0.000874798
304.898,0.452488,0.00159028
306.531,0.45379,0.000935363
308.163,0.457466,0.00160756
309.796,0.459761,0.000932289
311.429,0.463314,0.00098274
313.061,0.464069,0.00076407
314.694,0.467336,0.000856823
316.327,0.469783,0.000952039
317.959,0.473126,0.00117502
319.592,0.477316,0.00149949
321.224,0.478928,0.0010015
322.857,0.480823,0.00081746
324.49,0.484497,0.000864811
326.122,0.4883,0.00118467
327.755,0.489642,0.00103486
329.388,0.492467,0.000815341
331.02,0.496279,0.000888769
332.653,0.499335,0.00108629
334.286,0.502488,0.00115453
335.918,0.504311,0.00115998
337.551,0.505716,0.000941971
339.184,0.508986,0.000994065
340.816,0.512373,0.000935376
342.449,0.512415,0.000774354
344.082,0.515493,0.00089014
345.714,0.519142,0.000885745
347.347,0.521758,0.000939393
348.98,0.526321,0.00096933
350.612,0.525294,0.000774711
352.245,0.53058,0.00104818
353.878,0.533299,0.000929436
355.51,0.53638,0.000982152
357.143,0.538379,0.00101643
358.776,0.541024,0.000950171
360.408,0.544249,0.000965871
362.041,0.546536,0.000963395
363.673,0.550479,0.000996881
365.306,0.552498,0.000992595
366.939,0.555106,0.000960201
368.571,0.557452,0.00113989
370.204,0.561466,0.00113278
371.837,0.563976,0.000906065
373.469,0.566184,0.000988705
375.102,0.56939,0.000895827
376.735,0.572995,0.00109154
378.367,0.576133,0.00104591
380.0,0.578294,0.00114163
382.449,0.581801,0.000961116
384.898,0.584869,0.000898982
387.347,0.589233,0.00108197
389.796,0.593902,0.000947047
392.245,0.599337,0.00102586
394.694,0.604852,0.00158595
397.143,0.606662,0.00111674
399.592,0.610529,0.000977482
402.041,0.615039,0.00182899
404.49,0.619921,0.00110545
406.939,0.624613,0.00126961
409.388,0.627202,0.000974657
411.837,0.631799,0.00127468
414.286,0.637535,0.00116585
416.735,0.642678,0.00113774
419.184,0.644026,0.00100421
421.633,0.651073,0.0012617
424.082,0.653446,0.0011198
426.531,0.65729,0.00117619
428.98,0.662625,0.00147764
431.429,0.665485,0.00110452
433.878,0.671191,0.00121771
436.327,0.678624,0.0014042
438.776,0.67875,0.00141006
441.224,0.687337,0.00182538
443.673,0.688451,0.00145094
446.122,0.692726,0.00152056
448.571,0.696725,0.00117313
451.02,0.701164,0.00141545
453.469,0.707237,0.00196668
455.918,0.711787,0.00138943
458.367,0.713288,0.00137294
460.816,0.717581,0.00130134
463.265,0.721849,0.00124263
465.714,0.72577,0.00143103
468.163,0.729033,0.0013029
470.612,0.734081,0.00120985
473.061,0.738682,0.00127878
475.51,0.744567,0.0013764
477.959,0.750784,0.0019534
480.408,0.751154,0.00123961
482.857,0.756822,0.00138082
485.306,0.75999,0.00136968
487.755,0.765459,0.0012353
490.204,0.768291,0.00134552
492.653,0.773648,0.00132928
495.102,0.778684,0.0016152
497.551,0.784624,0.00183057
500.0,0.786407,0.00151504
502.449,0.789927,0.00127977
504.898,0.795119,0.00131592
507.347,0.799059,0.00197941
509.796,0.805133,0.00132453
512.245,0.807207,0.0014331
514.694,0.81313,0.00213192
517.143,0.817297,0.00125975
519.592,0.820562,0.0013393
522.041,0.827029,0.00192193
524.49,0.831146,0.00158841
526.939,0.833818,0.00143901
529.388,0.838693,0.00154803
531.837,0.842319,0.00139509
534.286,0.845481,0.00136231
536.735,0.851114,0.00139154
539.184,0.8572,0.00164448
541.633,0.859987,0.00174937
544.082,0.864332,0.00139937
546.531,0.869099,0.00179388
548.98,0.869207,0.00133102
551.429,0.879708,0.00364281
553.878,0.881523,0.00161644
556.327,0.886973,0.00168845
558.776,0.888654,0.00158641
561.224,0.893761,0.00142278
563.673,0.899128,0.00163589
566.122,0.900786,0.00142207
568.571,0.913303,0.0022969
571.02,0.918188,0.0023746
573.469,0.916528,0.00165806
575.918,0.924947,0.00202626
578.367,0.926576,0.00186684
580.816,0.934098,0.00176917
583.265,0.936583,0.00224491
585.714,0.93859,0.00159868
588.163,0.94253,0.00170847
590.612,0.946845,0.00170932
593.061,0.953586,0.00183584
595.51,0.957648,0.0018755
597.959,0.963868,0.00471498
600.408,0.965917,0.00164869
602.857,0.970777,0.00209957
605.306,0.970518,0.00151612
607.755,0.974959,0.00155231
610.204,0.984006,0.00185878
612.653,0.988201,0.00183412
615.102,0.992686,0.00242484
617.551,0.996709,0.00192549
620.0,0.999705,0.00169059
622.449,1.00638,0.00205584
624.898,1.01077,0.00199591
627.347,1.01017,0.00162235
629.796,1.01783,0.00191819
632.245,1.0223,0.00199125
634.694,1.03036,0.00321983
637.143,1.03117,0.00191642
639.592,1.03222,0.00171814
642.041,1.0378,0.00183558
644.49,1.04605,0.00194943
646.939,1.0477,0.00176921
649.388,1.05545,0.00350581
651.837,1.05886,0.00186827
654.286,1.0574,0.00169428
656.735,1.06925,0.00215287
659.184,1.06857,0.00198999
661.633,1.07676,0.00189564
664.082,1.0829,0.00245653
666.531,1.08973,0.00253718
668.98,1.08895,0.00185479
671.429,1.09049,0.0017018
673.878,1.09859,0.00202333
676.327,1.10052,0.0023064
678.776,1.10724,0.00208776
681.224,1.11194,0.00205891
683.673,1.12076,0.00244394
686.122,1.12361,0.00245923
688.571,1.12385,0.0029276
691.02,1.13,0.00190609
693.469,1.13198,0.00249307
695.918,1.14021,0.00229307
698.367,1.14233,0.00191853
700.816,1.15148,0.00230899
703.265,1.15078,0.00199808
705.714,1.15246,0.0017973
708.163,1.16113,0.00225334
710.612,1.16324,0.00207791
713.061,1.16968,0.00197585
715.51,1.17873,0.0039642
717.959,1.17769,0.00193044
720.408,1.18088,0.00193982
722.857,1.19209,0.00226181
725.306,1.19078,0.00184698
727.755,1.194,0.00191118
730.204,1.20132,0.00208024
732.653,1.20415,0.00213286
735.102,1.21052,0.0022271
737.551,1.21716,0.00369145
740.0,1.21704,0.00207764
743.265,1.22153,0.00209037
746.531,1.23671,0.00349307
749.796,1.23564,0.00195739
753.061,1.24031,0.00215159
756.327,1.24713,0.00272051
759.592,1.25722,0.00334924
762.857,1.26409,0.00234012
766.122,1.26833,0.00224096
769.388,1.28098,0.00508538
772.653,1.27787,0.0025146
775.918,1.28881,0.00291655
779.184,1.29393,0.00220258
782.449,1.29926,0.00280886
785.714,1.30522,0.00589731
788.98,1.30973,0.00280643
792.245,1.3211,0.00272162
795.51,1.32122,0.00257518
798.776,1.3295,0.0030112
802.041,1.33034,0.00234971
805.306,1.33878,0.00234526
808.571,1.35014,0.00322426
811.837,1.34909,0.00223296
815.102,1.36131,0.00313845
818.367,1.36454,0.00261034
821.633,1.37012,0.00251099
824.898,1.37493,0.00247855
828.163,1.38264,0.00289123
831.429,1.38809,0.00301847
834.694,1.39311,0.00225208
837.959,1.39735,0.00250136
841.224,1.40754,0.00260969
844.49,1.4137,0.00298264
847.755,1.41922,0.0027042
851.02,1.42983,0.00502135
854.286,1.43287,0.00237526
857.551,1.43835,0.00284931
860.816,1.44363,0.00304277
864.082,1.4507,0.00383701
867.347,1.46045,0.00410762
870.612,1.46481,0.00282277
873.878,1.4684,0.00265966
877.143,1.47593,0.00309078
880.408,1.47419,0.00243838
883.673,1.48455,0.00273529
886.939,1.49529,0.00345474
890.204,1.50174,0.00304026
893.469,1.50379,0.0029632
896.735,1.51126,0.0028617
900.0,1.51148,0.00250709
903.265,1.52685,0.00328728
906.531,1.53228,0.00405243
909.796,1.53317,0.00246864
913.061,1.54182,0.00270338
916.327,1.54579,0.00280839
919.592,1.54682,0.00254619
922.857,1.5602,0.00493612
926.122,1.56395,0.00303786
929.388,1.56666,0.00261061
932.653,1.58127,0.00305729
935.918,1.58661,0.00294738
939.184,1.58536,0.00285014
942.449,1.59917,0.00300121
945.714,1.60491,0.00275604
948.98,1.60671,0.00266778
952.245,1.62318,0.00783355
955.51,1.6196,0.00320362
958.776,1.62509,0.00280231
962.041,1.63863,0.00331574
965.306,1.63673,0.00279864
968.571,1.65019,0.00352714
971.837,1.65319,0.00316769
975.102,1.65452,0.00271672
978.367,1.6714,0.00570258
981.633,1.66491,0.00296617
984.898,1.67117,0.00274811
988.163,1.67776,0.0027054
991.429,1.69134,0.0057247
994.694,1.69107,0.00420538
997.959,1.70323,0.00370812
1001.22,1.71108,0.00294953
1004.49,1.71698,0.00452226
1007.76,1.71563,0.00411738
1011.02,1.71984,0.00291854
1014.29,1.73348,0.00348239
1017.55,1.73802,0.00320831
1020.82,1.74013,0.00294814
1024.08,1.74847,0.00316171
1027.35,1.75534,0.00329194
1030.61,1.75688,0.00307616
1033.88,1.76469,0.00301113
1037.14,1.77511,0.00300567
1040.41,1.785,0.0036123
1043.67,1.79151,0.00553287
1046.94,1.79838,0.00419451
1050.2,1.80348,0.00332399
1053.47,1.80287,0.00293795
1056.73,1.8125,0.00364883
1060.0,1.81327,0.00357476
1064.9,1.82498,0.00334286
1069.8,1.8348,0.00326138
1074.69,1.84319,0.00335845
1079.59,1.85693,0.0037518
1084.49,1.86734,0.00352309
1089.39,1.87562,0.00503423
1094.29,1.88539,0.00328945
1099.18,1.89415,0.00382321
1104.08,1.89456,0.00297288
1108.98,1.90687,0.00329084
1113.88,1.93018,0.00416316
1118.78,1.9314,0.00337134
1123.67,1.94146,0.00423474
1128.57,1.95453,0.00423766
1133.47,1.9633,0.0041498
1138.37,1.9734,0.00506151
1143.27,1.98223,0.00600735
1148.16,1.98784,0.0036323
1153.06,1.99666,0.00368267
1157.96,2.00297,0.00349437
1162.86,2.01154,0.00327201
1167.76,2.02374,0.00357645
1172.65,2.03613,0.00330369
1177.55,2.04478,0.00377454
1182.45,2.05135,0.00352453
1187.35,2.05874,0.00352312
1192.24,2.07617,0.00431608
1197.14,2.08118,0.00355544
1202.04,2.09212,0.00418996
1206.94,2.09814,0.00354234
1211.84,2.11555,0.00471263
1216.73,2.1189,0.0036546
1221.63,2.13146,0.00439468
1226.53,2.14032,0.00371625
1231.43,2.14461,0.00363929
1236.33,2.15525,0.0045387
1241.22,2.16689,0.00397655
1246.12,2.18173,0.0059048
1251.02,2.18447,0.00396553
1255.92,2.19105,0.00371373
1260.82,2.1974,0.00366682
1265.71,2.21034,0.00402606
1270.61,2.22801,0.00660151
1275.51,2.22984,0.00372478
1280.41,2.24946,0.00441693
1285.31,2.24851,0.00428954
1290.2,2.26908,0.00508834
1295.1,2.27027,0.00424254
1300.0,2.28877,0.00446556
1304.9,2.28513,0.0040466
1309.8,2.30586,0.00465324
1314.69,2.31395,0.00544847
1319.59,2.31522,0.0039524
1324.49,2.3267,0.00416214
1329.39,2.3366,0.00474485
1334.29,2.35629,0.00551096
1339.18,2.36608,0.00531823
1344.08,2.36282,0.00490609
1348.98,2.37495,0.00418809
1353.88,2.38923,0.00498547
1358.78,2.39391,0.0043663
1363.67,2.40913,0.00413465
1368.57,2.41151,0.00520795
1373.47,2.42662,0.00478669
1378.37,2.42967,0.00429399
1383.27,2.43857,0.00419768
1388.16,2.45555,0.00499963
1393.06,2.46284,0.00645881
1397.96,2.48085,0.00529658
1402.86,2.47756,0.0053523
1407.76,2.49139,0.00437236
1412.65,2.50243,0.00475041
1417.55,2.504,0.0043887
1422.45,2.52684,0.00551479
1427.35,2.53565,0.00578656
1432.24,2.53563,0.00408197
1437.14,2.54984,0.00462419
1442.04,2.56416,0.00506754
1446.94,2.56127,0.00445641
1451.84,2.57728,0.00515505
1456.73,2.5846,0.00435362
1461.63,2.60082,0.00593988
1466.53,2.61916,0.00625433
1471.43,2.61503,0.00486948
1476.33,2.63467,0.00512182
1481.22,2.63514,0.00487964
1486.12,2.64163,0.00504581
1491.02,2.67522,0.0120093
1495.92,2.66054,0.00484123
1500.82,2.67414,0.00449889
1505.71,2.68319,0.00555758
1510.61,2.6973,0.00982996
1515.51,2.69394,0.00435763
1520.41,2.71838,0.00580481
1525.31,2.71815,0.00552365
1530.2,2.72932,0.00499233
1535.1,2.74361,0.00534313
1540.0,2.75424,0.00531689
1547.35,2.77599,0.0132835
1554.69,2.78098,0.00560231
1562.04,2.79336,0.00502326
1569.39,2.81205,0.00544448
1576.73,2.82923,0.00533385
1584.08,2.83264,0.00489364
1591.43,2.85477,0.00612797
1598.78,2.86383,0.00488455
1606.12,2.88749,0.0052068
1613.47,2.89534,0.00474625
1620.82,2.90951,0.00542511
1628.16,2.92833,0.00491013
1635.51,2.93859,0.00559416
1642.86,2.96115,0.00637902
1650.2,2.97298,0.00546349
1657.55,2.98935,0.00616425
1664.9,3.00624,0.0063678
1672.24,3.02108,0.00552111
1679.59,3.03186,0.00606
1686.94,3.03301,0.00549265
1694.29,3.06277,0.00710891
1701.63,3.0592,0.0052732
1708.98,3.0891,0.00592933
1716.33,3.10834,0.00805637
1723.67,3.12161,0.00642916
1731.02,3.13932,0.00716473
1738.37,3.14317,0.00559495
1745.71,3.15872,0.00604061
1753.06,3.17449,0.00529368
1760.41,3.18113,0.00615442
1767.76,3.21491,0.00646898
1775.1,3.22259,0.00544958
1782.45,3.23654,0.00598456
1789.8,3.24338,0.005899
1797.14,3.25969,0.00638906
1804.49,3.27884,0.00686114
1811.84,3.2864,0.00608579
1819.18,3.30176,0.00686835
1826.53,3.31559,0.00552894
1833.88,3.3319,0.00639599
1841.22,3.34604,0.00619141
1848.57,3.3727,0.00613287
1855.92,3.37882,0.00588364
1863.27,3.39647,0.00768902
1870.61,3.41028,0.00671542
1877.96,3.44042,0.0129014
1885.31,3.44148,0.00639261
1892.65,3.45204,0.00611196
1900.0,3.48532,0.0083201
1907.35,3.48377,0.0065452
1914.69,3.50564,0.00834623
1922.04,3.52262,0.00934609
1929.39,3.53779,0.00714071
1936.73,3.54031,0.00683586
1944.08,3.55897,0.00724278
1951.43,3.57539,0.0080775
1958.78,3.58441,0.00628642
1966.12,3.59758,0.00678162
1973.47,3.62885,0.00726371
1980.82,3.63052,0.00626298
1988.16,3.64572,0.00623017
1995.51,3.663,0.00665287
2002.86,3.67521,0.0061886
2010.2,3.70365,0.0102119
2017.55,3.71196,0.00730063
2024.9,3.72633,0.00689905
2032.24,3.74634,0.00912642
2039.59,3.75967,0.00940998
2046.94,3.7668,0.00659074
2054.29,3.79881,0.0172152
2061.63,3.80088,0.00886561
2068.98,3.81974,0.00766028
2076.33,3.82481,0.00748373
2083.67,3.86287,0.0141417
2091.02,3.86386,0.00823591
2098.37,3.86421,0.00838509
2105.71,3.89981,0.00755097
2113.06,3.89895,0.00738674
2120.41,3.92397,0.00924516
2127.76,3.92798,0.00770876
2135.1,3.94821,0.00743783
2142.45,3.9696,0.00754651
2149.8,3.98571,0.0111325
2157.14,3.9876,0.00823694
2164.49,4.01152,0.00903276
2171.84,4.02712,0.00980414
2179.18,4.03977,0.00781256
2186.53,4.05638,0.00792315
2193.88,4.09331,0.0101654
2201.22,4.08145,0.00853954
2208.57,4.09625,0.00999454
2215.92,4.12376,0.0138022
2223.27,4.12882,0.00744891
2230.61,4.17938,0.0240117
2237.96,4.16015,0.012101
2245.31,4.17687,0.00760864
2252.65,4.19925,0.00904591
2260.0,4.21017,0.00824607
2271.02,4.23245,0.00869477
2282.04,4.24968,0.00800902
2293.06,4.27114,0.00801677
2304.08,4.29408,0.00785856
2315.1,4.30154,0.007172
2326.12,4.33633,0.00814163
2337.14,4.35618,0.00768611
2348.16,4.39904,0.016113
2359.18,4.41251,0.00783248
2370.2,4.40645,0.00722669
2381.22,4.43519,0.00763265
2392.24,4.46753,0.00738697
2403.27,4.50573,0.00878765
2414.29,4.50371,0.00770913
2425.31,4.55239,0.0134865
2436.33,4.57195,0.010688
2447.35,4.58346,0.00768345
2458.37,4.61331,0.00794863
2469.39,4.65642,0.011086
2480.41,4.64645,0.00983559
2491.43,4.68,0.0108142
2502.45,4.69965,0.00899154
2513.47,4.72603,0.00869331
2524.49,4.73469,0.00827876
2535.51,4.77184,0.00894113
2546.53,4.79595,0.0113021
2557.55,4.81905,0.00926588
2568.57,4.84587,0.00988295
2579.59,4.85703,0.00814971
2590.61,4.88375,0.009159
2601.63,4.90382,0.00883461
2612.65,4.92934,0.00907942
2623.67,4.96549,0.0130485
2634.69,4.96586,0.0084778
2645.71,4.99744,0.0120967
2656.73,5.01458,0.0114903
2667.76,5.04768,0.00855173
2678.78,5.05386,0.00908857
2689.8,5.07612,0.00878319
2700.82,5.09305,0.00844056
2711.84,5.12678,0.00922802
2722.86,5.18312,0.017726
2733.88,5.18703,0.0092512
2744.9,5.2145,0.00921576
2755.92,5.22345,0.00940957
2766.94,5.26189,0.0104755
2777.96,5.27808,0.010355
2788.98,5.27799,0.0102365
2800.0,5.33172,0.0112163
2814.29,5.34333,0.00976016
2828.57,5.37342,0.00997719
2842.86,5.40059,0.012119
2857.14,5.43091,0.00997439
2871.43,5.47319,0.00973802
2885.71,5.54922,0.0406572
2900.0,5.53936,0.00987768
2914.29,5.55923,0.0118718
2928.57,5.57272,0.00921106
2942.86,5.61423,0.0109686
2957.14,5.65359,0.0108174
2971.43,5.67932,0.010575
2985.71,5.72678,0.0226549
3000.0,5.72576,0.00974544
3014.29,5.75455,0.0103343
3028.57,5.79568,0.0120448
3042.86,5.82874,0.0149468
3057.14,5.85455,0.010257
3071.43,5.87291,0.0113682
3085.71,5.93399,0.0116355
3100.0,5.97747,0.0210116
3114.29,5.96691,0.0101308
3128.57,6.00967,0.010769
3142.86,6.05839,0.0134518
3157.14,6.05362,0.0101015
3171.43,6.10292,0.011297
3185.71,6.13714,0.0137884
3200.0,6.14774,0.0108466
3214.29,6.20717,0.0151027
3228.57,6.23678,0.0217561
3242.86,6.28096,0.0183535
3257.14,6.26898,0.0117613
3271.43,6.33059,0.0139138
3285.71,6.33887,0.0118692
3300.0,6.3485,0.0110093
3314.29,6.4077,0.0131587
3328.57,6.42541,0.0117796
3342.86,6.4425,0.0111508
3357.14,6.49232,0.0122585
3371.43,6.51099,0.0116997
3385.71,6.54047,0.0121044
3400.0,6.59416,0.0196839
3414.29,6.59906,0.0118512
3428.57,6.66546,0.0138349
3442.86,6.67753,0.0181627
3457.14,6.72234,0.0138387
3471.43,6.74157,0.0151354
3485.71,6.77891,0.0142439
3500.0,6.77624,0.0127038
3520.41,6.82597,0.0114825
3540.82,6.86698,0.0121259
3561.22,6.92231,0.0127512
3581.63,6.97067,0.0140739
3602.04,7.04026,0.0134294
3622.45,7.06859,0.0138877
3642.86,7.09818,0.0151568
3663.27,7.15751,0.0147201
3683.67,7.19903,0.0157829
3704.08,7.24759,0.0145604
3724.49,7.29316,0.0254458
3744.9,7.28524,0.0123083
3765.31,7.35799,0.0131872
3785.71,7.42251,0.0169999
3806.12,7.45063,0.0145973
3826.53,7.50396,0.0146513
3846.94,7.54667,0.0144473
3867.35,7.57713,0.0176229
3887.76,7.67705,0.0197272
3908.16,7.67637,0.0142638
3928.57,7.75122,0.0183388
3948.98,7.74474,0.0172256
3969.39,7.80373,0.0147557
3989.8,7.85596,0.0143638
4010.2,7.89603,0.0203446
4030.61,7.96239,0.0403465
4051.02,7.98495,0.0163097
4071.43,8.0012,0.0146825
4091.84,8.03966,0.0146222
4112.24,8.12168,0.0159713
4132.65,8.17114,0.0207709
4153.06,8.18894,0.0175852
4173.47,8.23977,0.0163666
4193.88,8.29637,0.0147963
4214.29,8.31211,0.0156613
4234.69,8.36799,0.0157728
4255.1,8.41317,0.0168847
4275.51,8.47255,0.0149386
4295.92,8.54138,0.0206082
4316.33,8.56725,0.0154102
4336.73,8.60494,0.0175362
4357.14,8.63558,0.0159832
4377.55,8.71931,0.0251199
4397.96,8.75177,0.0198181
4418.37,8.79836,0.017917
4438.78,8.8522,0.0234995
4459.18,8.86806,0.0199811
4479.59,8.92936,0.0232623
4500.0,8.97032,0.0191151
4530.61,8.99792,0.0174015
4561.22,9.07492,0.0181482
4591.84,9.20062,0.0574871
4622.45,9.20689,0.0163562
4653.06,9.27814,0.019275
4683.67,9.32749,0.0161438
4714.29,9.40829,0.0224028
4744.9,9.48706,0.0165701
4775.51,9.55868,0.0224182
4806.12,9.6097,0.0175967
4836.73,9.69873,0.0248444
4867.35,9.80845,0.0355047
4897.96,9.85102,0.0356271
4928.57,9.90584,0.0194851
4959.18,9.97071,0.0205443
4989.8,9.99733,0.0167133
5020.41,10.0664,0.0222821
5051.02,10.1557,0.0236758
5081.63,10.2615,0.0205336
5112.24,10.3059,0.0213839
5142.86,10.3881,0.0241065
5173.47,10.4465,0.0280013
5204.08,10.498,0.0186777
5234.69,10.5372,0.0196535
5265.31,10.6327,0.021812
5295.92,10.6948,0.0219471
5326.53,10.7453,0.0198758
5357.14,10.839,0.0203135
5387.76,10.9164,0.0210943
5418.37,10.997,0.0227315
5448.98,11.0514,0.02547
5479.59,11.1053,0.0194329
5510.2,11.1509,0.0221317
5540.82,11.2344,0.0214595
5571.43,11.3449,0.0316377
5602.04,11.4025,0.0375982
5632.65,11.4494,0.024658
5663.27,11.4989,0.021743
5693.88,11.5785,0.0230752
5724.49,11.6873,0.0305201
5755.1,11.7299,0.0287532
5785.71,11.807,0.0216612
5816.33,11.8681,0.0224898
5846.94,11.9307,0.0211933
5877.55,12.0155,0.027775
5908.16,12.0492,0.0221212
5938.78,12.1259,0.023337
5969.39,12.1836,0.0273967
6000.0,12.2582,0.0227394
6040.82,12.3412,0.0242914
6081.63,12.4428,0.0247361
6122.45,12.5948,0.0479616
6163.27,12.5886,0.023451
6204.08,12.7367,0.0289207
6244.9,12.8369,0.0246678
6285.71,12.8963,0.0366128
6326.53,13.0147,0.0338931
6367.35,13.0516,0.0278707
6408.16,13.2132,0.0355596
6448.98,13.258,0.0261994
6489.8,13.3407,0.0219639
6530.61,13.5109,0.0367487
6571.43,13.5562,0.0290828
6612.24,13.6214,0.0251381
6653.06,13.7533,0.0484553
6693.88,13.873,0.0535594
6734.69,13.9478,0.0315209
6775.51,13.9803,0.0249195
6816.33,14.0724,0.0256151
6857.14,14.2256,0.0295356
6897.96,14.277,0.0263701
6938.78,14.38,0.0325819
6979.59,14.4788,0.0330471
7020.41,14.4973,0.0249003
7061.22,14.6277,0.0281198
7102.04,14.7744,0.0347572
7142.86,14.8273,0.0301113
7183.67,14.9401,0.0338567
7224.49,14.9912,0.0285284
7265.31,15.1514,0.0517264
7306.12,15.368,0.0939826
7346.94,15.276,0.0303769
7387.76,15.4432,0.0361108
7428.57,15.4443,0.0288878
7469.39,15.5949,0.0336586
7510.2,15.6724,0.0323303
7551.02,15.7328,0.0275166
7591.84,15.8982,0.038133
7632.65,15.934,0.0295157
7673.47,16.0188,0.0293742
7714.29,16.2522,0.14012
7755.1,16.2188,0.0293347
7795.92,16.2771,0.0296421
7836.73,16.4325,0.047825
7877.55,16.4985,0.0313459
7918.37,16.5242,0.0305678
7959.18,16.6735,0.0326615
8000.0,16.8527,0.045358
8040.82,16.899,0.0368011
8081.63,16.977,0.0313635
8122.45,17.0449,0.0324495
8163.27,17.1925,0.0369933
8204.08,17.2096,0.0295489
8244.9,17.3548,0.0369566
8285.71,17.4776,0.0396568
8326.53,17.5458,0.0326844
8367.35,17.6305,0.0331113
8408.16,17.7953,0.0538301
8448.98,17.7914,0.0320667
8489.8,17.8794,0.0469583
8530.61,17.9649,0.0302551
8571.43,18.0876,0.0322117
8612.24,18.2422,0.0630821
8653.06,18.3421,0.0505807
8693.88,18.3028,0.029602
8734.69,18.4119,0.0327749
8775.51,18.5501,0.0350794
8816.33,18.6055,0.0318711
8857.14,18.7763,0.0339417
8897.96,18.844,0.0363745
8938.78,18.9555,0.0467533
8979.59,19.0156,0.0377308
9020.41,19.2148,0.0691229
9061.22,19.1847,0.0335865
9102.04,19.3201,0.0400497
9142.86,19.5358,0.090743
9183.67,19.51,0.0464113
9224.49,19.7177,0.0730963
9265.31,19.7133,0.0469628
9306.12,19.769,0.0418199
9346.94,19.9126,0.052096
9387.76,19.9803,0.0380562
9428.57,20.0639,0.0431513
9469.39,20.2118,0.0540127
9510.2,20.3304,0.0400162
9551.02,20.3248,0.0367857
9591.84,20.4353,0.0458215
9632.65,20.6113,0.0534049
9673.47,20.7057,0.0396412
9714.29,20.6641,0.0355694
9755.1,20.8154,0.0449939
9795.92,20.9648,0.0417136
9836.73,21.0181,0.0404598
9877.55,21.0943,0.0369107
9918.37,21.2112,0.0393832
9959.18,21.2421,0.0395127
10000.0,21.51,0.161481
