0.0,0.0,0.0
0.000204082,0.0,0.0
0.000408163,0.0,0.0
0.000612245,0.0,0.0
0.000816327,0.0,0.0
0.00102041,0.0,0.0
0.00122449,0.0,0.0
0.00142857,0.0,0.0
0.00163265,0.0,0.0
0.00183673,0.0,0.0
0.00204082,0.0,0.0
0.0022449,0.0,0.0
0.00244898,0.0,0.0
0.00265306,0.0,0.0
0.00285714,0.0,0.0
0.00306122,0.0,0.0
0.00326531,0.0,0.0
0.00346939,0.0,0.0
0.00367347,0.0,0.0
0.00387755,0.0,0.0
0.00408163,0.0,0.0
0.00428571,0.0,0.0
0.0044898,0.0,0.0
0.00469388,0.0,0.0
0.00489796,0.0,0.0
0.00510204,0.0,0.0
0.00530612,0.0,0.0
0.0055102,0.0,0.0
0.00571429,0.0,0.0
0.00591837,0.0,0.0
0.00612245,0.0,0.0
0.00632653,0.0,0.0
0.00653061,0.0,0.0
0.00673469,0.0,0.0
0.00693878,0.0,0.0
0.00714286,0.0,0.0
0.00734694,0.0,0.0
0.00755102,0.0,0.0
0.0077551,0.0,0.0
0.00795918,0.0,0.0
0.00816327,0.0,0.0
0.00836735,0.0,0.0
0.00857143,0.0,0.0
0.00877551,0.0,0.0
0.00897959,0.0,0.0
0.00918367,0.0,0.0
0.00938776,0.0,0.0
0.00959184,0.0,0.0
0.00979592,0.0,0.0
0.01,0.0,0.0
0.0118367,0.0,0.0
0.0136735,0.0,0.0
0.0155102,0.0,0.0
0.0173469,0.0,0.0
0.0191837,0.0,0.0
0.0210204,0.0,0.0
0.0228571,0.0,0.0
0.0246939,0.0,0.0
0.0265306,0.0,0.0
0.0283673,0.0,0.0
0.0302041,0.0,0.0
0.0320408,0.0,0.0
0.0338776,0.0,0.0
0.0357143,0.0,0.0
0.037551,0.0,0.0
0.0393878,0.0,0.0
0.0412245,0.0,0.0
0.0430612,0.0,0.0
0.044898,0.0,0.0
0.0467347,0.0,0.0
0.0485714,0.0,0.0
0.0504082,0.0,0.0
0.0522449,0.0,0.0
0.0540816,0.0,0.0
0.0559184,0.0,0.0
0.0577551,0.0,0.0
0.0595918,0.0,0.0
0.0614286,0.0,0.0
0.0632653,0.0,0.0
0.065102,0.0,0.0
0.0669388,0.0,0.0
0.0687755,0.0,0.0
0.0706122,0.0,0.0
0.072449,0.0,0.0
0.0742857,0.0,0.0
0.0761224,0.0,0.0
0.0779592,0.0,0.0
0.0797959,0.0,0.0
0.0816327,0.0,0.0
0.0834694,0.0,0.0
0.0853061,0.0,0.0
0.0871429,0.0,0.0
0.0889796,0.0,0.0
0.0908163,0.0,0.0
0.0926531,0.0,0.0
0.0944898,0.0,0.0
0.0963265,0.0,0.0
0.0981633,0.0,0.0
0.1,0.0,0.0
0.102041,0.0,0.0
0.104082,0.0,0.0
0.106122,0.0,0.0
0.108163,0.0,0.0
0.110204,0.0,0.0
0.112245,0.0,0.0
0.114286,0.0,0.0
0.116327,0.0,0.0
0.118367,0.0,0.0
0.120408,0.0,0.0
0.122449,0.0,0.0
0.12449,0.0,0.0
0.126531,0.0,0.0
0.128571,0.0,0.0
0.130612,0.0,0.0
0.132653,0.0,0.0
0.134694,0.0,0.0
0.136735,0.0,0.0
0.138776,0.0,0.0
0.140816,0.0,0.0
0.142857,0.0,0.0
0.144898,0.0,0.0
0.146939,0.0,0.0
0.14898,0.0,0.0
0.15102,0.0,0.0
0.153061,0.0,0.0
0.155102,0.0,0.0
0.157143,0.0,0.0
0.159184,0.0,0.0
0.161224,0.0,0.0
0.163265,0.0,0.0
0.165306,0.0,0.0
0.167347,0.0,0.0
0.169388,0.0,0.0
0.171429,0.0,0.0
0.173469,0.0,0.0
0.17551,0.0,0.0
0.177551,0.0,0.0
0.179592,0.0,0.0
0.181633,0.0,0.0
0.183673,0.0,0.0
0.185714,0.0,0.0
0.187755,0.0,0.0
0.189796,0.0,0.0
0.191837,0.0,0.0
0.193878,0.0,0.0
0.195918,0.0,0.0
0.197959,0.0,0.0
0.2,0.0,0.0
0.202041,0.0,0.0
0.204082,0.0,0.0
0.206122,0.0,0.0
0.208163,0.0,0.0
0.210204,0.0,0.0
0.212245,5.62263e-19,3.56775e-22
0.214286,3.24554e-16,2.2077e-19
0.216327,4.89269e-15,3.36518e-18
0.218367,2.80119e-14,1.89608e-17
0.220408,1.01075e-13,6.63383e-17
0.222449,2.77793e-13,1.75193e-16
0.22449,6.38496e-13,3.85716e-16
0.226531,1.29164e-12,7.4646e-16
0.228571,2.37051e-12,1.31065e-15
0.230612,4.03794e-12,2.14446e-15
0.232653,6.48626e-12,3.31603e-15
0.234694,9.93526e-12,4.90633e-15
0.236735,1.45797e-11,7.01095e-15
0.238776,2.06731e-11,9.73337e-15
0.240816,2.8536e-11,1.32213e-14
0.242857,3.84035e-11,1.76424e-14
0.244898,5.05658e-11,2.31727e-14
0.246939,6.53232e-11,3.00287e-14
0.24898,8.28884e-11,3.84615e-14
0.25102,1.03727e-10,4.86977e-14
0.253061,1.28154e-10,6.1269e-14
0.255102,1.56228e-10,7.61497e-14
0.257143,1.88676e-10,9.42403e-14
0.259184,2.25538e-10,1.15324e-13
0.261224,2.66875e-10,1.40194e-13
0.263265,3.14374e-10,1.69791e-13
0.265306,3.66908e-10,2.03382e-13
0.267347,4.25009e-10,2.4295e-13
0.269388,4.89533e-10,2.87446e-13
0.271429,5.60679e-10,3.38642e-13
0.273469,6.39801e-10,3.97254e-13
0.27551,7.24669e-10,4.61162e-13
0.277551,8.17598e-10,5.35465e-13
0.279592,9.20257e-10,6.17684e-13
0.281633,1.03005e-09,7.06548e-13
0.283673,1.1502e-09,8.0923e-13
0.285714,1.27629e-09,9.18672e-13
0.287755,1.41604e-09,1.03886e-12
0.289796,1.56527e-09,1.17286e-12
0.291837,1.7261e-09,1.31924e-12
0.293878,1.89776e-09,1.47558e-12
0.295918,2.0761e-09,1.64203e-12
0.297959,2.27985e-09,1.83256e-12
0.3,2.488e-09,2.0314e-12
0.302041,2.70853e-09,2.24098e-12
0.304082,2.946e-09,2.47341e-12
0.306122,3.19488e-09,2.71567e-12
0.308163,3.4659e-09,2.98094e-12
0.310204,3.75022e-09,3.25795e-12
0.312245,4.05392e-09,3.55773e-12
0.314286,4.36353e-09,3.87069e-12
0.316327,4.70813e-09,4.21211e-12
0.318367,5.06225e-09,4.55649e-12
0.320408,5.44339e-09,4.93797e-12
0.322449,5.85027e-09,5.34679e-12
0.32449,6.25894e-09,5.74882e-12
0.326531,6.69206e-09,6.18148e-12
0.328571,7.16499e-09,6.64054e-12
0.330612,7.67084e-09,7.1402e-12
0.332653,8.17683e-09,7.64235e-12
0.334694,8.72301e-09,8.17966e-12
0.336735,9.2932e-09,8.72975e-12
0.338776,9.88255e-09,9.29746e-12
0.340816,1.05055e-08,9.90436e-12
0.342857,1.11681e-08,1.05447e-11
0.344898,1.18591e-08,1.11995e-11
0.346939,1.26188e-08,1.191e-11
0.34898,1.3348e-08,1.25902e-11
0.35102,1.41337e-08,1.33262e-11
0.353061,1.49921e-08,1.4131e-11
0.355102,1.58631e-08,1.49226e-11
0.357143,1.67646e-08,1.57477e-11
0.359184,1.77346e-08,1.66264e-11
0.361224,1.87436e-08,1.75139e-11
0.363265,1.98073e-08,1.84883e-11
0.365306,2.08646e-08,1.9405e-11
0.367347,2.2037e-08,2.04247e-11
0.369388,2.31996e-08,2.14333e-11
0.371429,2.44351e-08,2.25094e-11
0.373469,2.57268e-08,2.35769e-11
0.37551,2.6992e-08,2.46555e-11
0.377551,2.84463e-08,2.58726e-11
0.379592,2.99478e-08,2.71181e-11
0.381633,3.13558e-08,2.82497e-11
0.383673,3.29708e-08,2.95782e-11
0.385714,3.46544e-08,3.09404e-11
0.387755,3.63314e-08,3.22341e-11
0.389796,3.81543e-08,3.37124e-11
0.391837,3.99678e-08,3.51035e-11
0.393878,4.19115e-08,3.66105e-11
0.395918,4.3908e-08,3.81415e-11
0.397959,4.58344e-08,3.9585e-11
0.4,4.80653e-08,4.12382e-11
0.402041,5.02737e-08,4.28795e-11
0.404082,5.24773e-08,4.45728e-11
0.406122,5.50185e-08,4.64117e-11
0.408163,5.73439e-08,4.80843e-11
0.410204,5.9954e-08,4.99659e-11
0.412245,6.26082e-08,5.18145e-11
0.414286,6.53153e-08,5.37471e-11
0.416327,6.80746e-08,5.56373e-11
0.418367,7.11382e-08,5.77593e-11
0.420408,7.41064e-08,5.98087e-11
0.422449,7.72622e-08,6.1919e-11
0.42449,8.03717e-08,6.40299e-11
0.426531,8.38126e-08,6.63062e-11
0.428571,8.72219e-08,6.85896e-11
0.430612,9.06422e-08,7.07847e-11
0.432653,9.44122e-08,7.31619e-11
0.434694,9.82697e-08,7.57841e-11
0.436735,1.02053e-07,7.80841e-11
0.438776,1.06093e-07,8.07319e-11
0.440816,1.1026e-07,8.33136e-11
0.442857,1.14517e-07,8.59351e-11
0.444898,1.19066e-07,8.87151e-11
0.446939,1.23429e-07,9.14359e-11
0.44898,1.28237e-07,9.43238e-11
0.45102,1.32984e-07,9.71437e-11
0.453061,1.37997e-07,1.00233e-10
0.455102,1.43318e-07,1.03284e-10
0.457143,1.4838e-07,1.063e-10
0.459184,1.53647e-07,1.09404e-10
0.461224,1.59129e-07,1.12553e-10
0.463265,1.64933e-07,1.16038e-10
0.465306,1.70872e-07,1.19373e-10
0.467347,1.76778e-07,1.22646e-10
0.469388,1.83036e-07,1.26293e-10
0.471429,1.8948e-07,1.2981e-10
0.473469,1.95997e-07,1.33426e-10
0.47551,2.02622e-07,1.37034e-10
0.477551,2.09298e-07,1.40719e-10
0.479592,2.16308e-07,1.44482e-10
0.481633,2.23693e-07,1.48557e-10
0.483673,2.31527e-07,1.52796e-10
0.485714,2.3867e-07,1.56639e-10
0.487755,2.46774e-07,1.61046e-10
0.489796,2.54564e-07,1.65096e-10
0.491837,2.62445e-07,1.69006e-10
0.493878,2.71249e-07,1.73859e-10
0.495918,2.79979e-07,1.78268e-10
0.497959,2.88277e-07,1.82332e-10
0.5,2.97448e-07,1.87025e-10
0.502041,3.06566e-07,1.91698e-10
0.504082,3.15876e-07,1.96454e-10
0.506122,3.26005e-07,2.0165e-10
0.508163,3.35565e-07,2.06275e-10
0.510204,3.46113e-07,2.11677e-10
0.512245,3.56141e-07,2.16595e-10
0.514286,3.67021e-07,2.21927e-10
0.516327,3.77249e-07,2.26898e-10
0.518367,3.88794e-07,2.32571e-10
0.520408,4.00159e-07,2.38052e-10
0.522449,4.11353e-07,2.43446e-10
0.52449,4.23376e-07,2.491e-10
0.526531,4.35594e-07,2.54845e-10
0.528571,4.47829e-07,2.60884e-10
0.530612,4.60312e-07,2.66635e-10
0.532653,4.73145e-07,2.72744e-10
0.534694,4.85734e-07,2.78303e-10
0.536735,4.99537e-07,2.84818e-10
0.538776,5.13275e-07,2.91505e-10
0.540816,5.27008e-07,2.9768e-10
0.542857,5.41233e-07,3.04297e-10
0.544898,5.55608e-07,3.10383e-10
0.546939,5.70928e-07,3.17673e-10
0.54898,5.85834e-07,3.24384e-10
0.55102,6.01005e-07,3.31121e-10
0.553061,6.17324e-07,3.38412e-10
0.555102,6.33234e-07,3.45621e-10
0.557143,6.48817e-07,3.52353e-10
0.559184,6.65793e-07,3.60056e-10
0.561224,6.82433e-07,3.67267e-10
0.563265,6.99672e-07,3.74762e-10
0.565306,7.17887e-07,3.82787e-10
0.567347,7.35094e-07,3.90449e-10
0.569388,7.53806e-07,3.9843e-10
0.571429,7.71293e-07,4.05994e-10
0.573469,7.90618e-07,4.14279e-10
0.57551,8.10597e-07,4.22834e-10
0.577551,8.30492e-07,4.31434e-10
0.579592,8.49594e-07,4.39064e-10
0.581633,8.70413e-07,4.47918e-10
0.583673,8.89953e-07,4.56282e-10
0.585714,9.11699e-07,4.6541e-10
0.587755,9.32946e-07,4.74289e-10
0.589796,9.54803e-07,4.83672e-10
0.591837,9.76895e-07,4.92588e-10
0.593878,9.98658e-07,5.01768e-10
0.595918,1.02179e-06,5.11382e-10
0.597959,1.04527e-06,5.2087e-10
0.6,1.06935e-06,5.30802e-10
0.602041,1.09295e-06,5.4023e-10
0.604082,1.11704e-06,5.50428e-10
0.606122,1.14247e-06,5.60614e-10
0.608163,1.16636e-06,5.70133e-10
0.610204,1.19288e-06,5.81076e-10
0.612245,1.21821e-06,5.90787e-10
0.614286,1.24525e-06,6.01342e-10
0.616327,1.27225e-06,6.12372e-10
0.618367,1.29889e-06,6.23086e-10
0.620408,1.32723e-06,6.34378e-10
0.622449,1.35393e-06,6.44511e-10
0.62449,1.38309e-06,6.5668e-10
0.626531,1.41119e-06,6.67193e-10
0.628571,1.44071e-06,6.78311e-10
0.630612,1.47121e-06,6.90786e-10
0.632653,1.50066e-06,7.01546e-10
0.634694,1.53267e-06,7.14703e-10
0.636735,1.56406e-06,7.26861e-10
0.638776,1.59427e-06,7.38196e-10
0.640816,1.62593e-06,7.50294e-10
0.642857,1.65906e-06,7.63203e-10
0.644898,1.69135e-06,7.75262e-10
0.646939,1.72664e-06,7.89065e-10
0.64898,1.75996e-06,8.01357e-10
0.65102,1.79471e-06,8.14016e-10
0.653061,1.82956e-06,8.27857e-10
0.655102,1.86387e-06,8.40559e-10
0.657143,1.89985e-06,8.53954e-10
0.659184,1.93694e-06,8.6851e-10
0.661224,1.97139e-06,8.80648e-10
0.663265,2.01026e-06,8.95076e-10
0.665306,2.04862e-06,9.09523e-10
0.667347,2.08703e-06,9.23898e-10
0.669388,2.1255e-06,9.38267e-10
0.671429,2.16574e-06,9.52803e-10
0.673469,2.20391e-06,9.66846e-10
0.67551,2.2453e-06,9.82107e-10
0.677551,2.28671e-06,9.97837e-10
0.679592,2.32764e-06,1.0125e-09
0.681633,2.37008e-06,1.02738e-09
0.683673,2.41203e-06,1.04278e-09
0.685714,2.45712e-06,1.05896e-09
0.687755,2.49866e-06,1.07479e-09
0.689796,2.54133e-06,1.0892e-09
0.691837,2.58819e-06,1.10647e-09
0.693878,2.63441e-06,1.12313e-09
0.695918,2.6788e-06,1.1385e-09
0.697959,2.72373e-06,1.15439e-09
0.7,2.77229e-06,1.17197e-09
0.702041,2.81913e-06,1.18848e-09
0.704082,2.86489e-06,1.20504e-09
0.706122,2.91768e-06,1.22326e-09
0.708163,2.96636e-06,1.24058e-09
0.710204,3.01489e-06,1.25733e-09
0.712245,3.06794e-06,1.27702e-09
0.714286,3.11772e-06,1.29346e-09
0.716327,3.16959e-06,1.31172e-09
0.718367,3.2206e-06,1.32947e-09
0.720408,3.27353e-06,1.34782e-09
0.722449,3.32808e-06,1.36695e-09
0.72449,3.38188e-06,1.38611e-09
0.726531,3.4345e-06,1.40418e-09
0.728571,3.49067e-06,1.42362e-09
0.730612,3.54673e-06,1.4417e-09
0.732653,3.60372e-06,1.4617e-09
0.734694,3.65709e-06,1.47951e-09
0.736735,3.71744e-06,1.50096e-09
0.738776,3.77814e-06,1.52205e-09
0.740816,3.8353e-06,1.54131e-09
0.742857,3.89613e-06,1.56147e-09
0.744898,3.95225e-06,1.57993e-09
0.746939,4.0171e-06,1.60181e-09
0.74898,4.08112e-06,1.62378e-09
0.75102,4.13766e-06,1.64307e-09
0.753061,4.20462e-06,1.66564e-09
0.755102,4.26927e-06,1.68756e-09
0.757143,4.3337e-06,1.70933e-09
0.759184,4.39547e-06,1.72897e-09
0.761224,4.46198e-06,1.75061e-09
0.763265,4.52513e-06,1.77278e-09
0.765306,4.5953e-06,1.79565e-09
0.767347,4.66318e-06,1.81828e-09
0.769388,4.73399e-06,1.84154e-09
0.771429,4.80137e-06,1.86397e-09
0.773469,4.8716e-06,1.8869e-09
0.77551,4.94057e-06,1.90953e-09
0.777551,5.00777e-06,1.93111e-09
0.779592,5.08457e-06,1.9571e-09
0.781633,5.15371e-06,1.97953e-09
0.783673,5.22896e-06,2.00385e-09
0.785714,5.30356e-06,2.02836e-09
0.787755,5.37608e-06,2.05165e-09
0.789796,5.44954e-06,2.07557e-09
0.791837,5.53009e-06,2.10214e-09
0.793878,5.60475e-06,2.12639e-09
0.795918,5.68394e-06,2.15202e-09
0.797959,5.76256e-06,2.17785e-09
0.8,5.83684e-06,2.20085e-09
0.802041,5.9192e-06,2.22716e-09
0.804082,5.99754e-06,2.25164e-09
0.806122,6.07985e-06,2.27964e-09
0.808163,6.16208e-06,2.3056e-09
0.810204,6.24594e-06,2.33233e-09
0.812245,6.32956e-06,2.35767e-09
0.814286,6.41519e-06,2.3864e-09
0.816327,6.49301e-06,2.41096e-09
0.818367,6.58678e-06,2.43958e-09
0.820408,6.66905e-06,2.46581e-09
0.822449,6.759e-06,2.49454e-09
0.82449,6.8426e-06,2.51939e-09
0.826531,6.93544e-06,2.55121e-09
0.828571,7.03129e-06,2.5796e-09
0.830612,7.1154e-06,2.6084e-09
0.832653,7.20898e-06,2.63571e-09
0.834694,7.29916e-06,2.66353e-09
0.836735,7.39233e-06,2.69271e-09
0.838776,7.48307e-06,2.72103e-09
0.840816,7.57768e-06,2.75137e-09
0.842857,7.67207e-06,2.77904e-09
0.844898,7.77145e-06,2.81151e-09
0.846939,7.87389e-06,2.8431e-09
0.84898,7.96554e-06,2.87044e-09
0.85102,8.06404e-06,2.89916e-09
0.853061,8.16143e-06,2.93181e-09
0.855102,8.26458e-06,2.96242e-09
0.857143,8.36565e-06,2.99354e-09
0.859184,8.46883e-06,3.02501e-09
0.861224,8.57162e-06,3.0565e-09
0.863265,8.66982e-06,3.0862e-09
0.865306,8.77249e-06,3.1172e-09
0.867347,8.87817e-06,3.14993e-09
0.869388,8.98707e-06,3.18321e-09
0.871429,9.09181e-06,3.21453e-09
0.873469,9.20042e-06,3.24823e-09
0.87551,9.30874e-06,3.28041e-09
0.877551,9.41906e-06,3.31332e-09
0.879592,9.52943e-06,3.34829e-09
0.881633,9.64181e-06,3.38038e-09
0.883673,9.75203e-06,3.41373e-09
0.885714,9.86333e-06,3.44851e-09
0.887755,9.98121e-06,3.483e-09
0.889796,1.00939e-05,3.51808e-09
0.891837,1.02128e-05,3.55396e-09
0.893878,1.0325e-05,3.58548e-09
0.895918,1.04438e-05,3.62112e-09
0.897959,1.05618e-05,3.6568e-09
0.9,1.06819e-05,3.69256e-09
0.902041,1.07989e-05,3.72711e-09
0.904082,1.0923e-05,3.76397e-09
0.906122,1.10398e-05,3.79975e-09
0.908163,1.11603e-05,3.8338e-09
0.910204,1.12899e-05,3.87217e-09
0.912245,1.14109e-05,3.90772e-09
0.914286,1.15325e-05,3.94466e-09
0.916327,1.16609e-05,3.98148e-09
0.918367,1.1791e-05,4.01886e-09
0.920408,1.19145e-05,4.05658e-09
0.922449,1.2043e-05,4.09325e-09
0.92449,1.21836e-05,4.13465e-09
0.926531,1.23124e-05,4.17316e-09
0.928571,1.24364e-05,4.20738e-09
0.930612,1.25667e-05,4.24892e-09
0.932653,1.27102e-05,4.28756e-09
0.934694,1.28364e-05,4.32504e-09
0.936735,1.29836e-05,4.36686e-09
0.938776,1.31137e-05,4.40413e-09
0.940816,1.32506e-05,4.44432e-09
0.942857,1.33883e-05,4.48505e-09
0.944898,1.35323e-05,4.52584e-09
0.946939,1.36641e-05,4.56372e-09
0.94898,1.38217e-05,4.61058e-09
0.95102,1.39448e-05,4.64389e-09
0.953061,1.40995e-05,4.68837e-09
0.955102,1.42355e-05,4.72644e-09
0.957143,1.43814e-05,4.76899e-09
0.959184,1.45259e-05,4.81027e-09
0.961224,1.46774e-05,4.85331e-09
0.963265,1.48234e-05,4.89582e-09
0.965306,1.49707e-05,4.93866e-09
0.967347,1.51156e-05,4.98016e-09
0.969388,1.52639e-05,5.02098e-09
0.971429,1.5426e-05,5.06747e-09
0.973469,1.55777e-05,5.11039e-09
0.97551,1.57232e-05,5.15188e-09
0.977551,1.5888e-05,5.19896e-09
0.979592,1.60459e-05,5.2423e-09
0.981633,1.61933e-05,5.28508e-09
0.983673,1.63495e-05,5.32822e-09
0.985714,1.65123e-05,5.3738e-09
0.987755,1.66776e-05,5.4206e-09
0.989796,1.68373e-05,5.46633e-09
0.991837,1.69945e-05,5.5081e-09
0.993878,1.71561e-05,5.55531e-09
0.995918,1.73264e-05,5.60213e-09
0.997959,1.74948e-05,5.64992e-09
1.0,1.76491e-05,5.69324e-09
1.08163,2.51471e-05,7.73395e-09
1.16327,3.43962e-05,1.01471e-08
1.2449,4.55603e-05,1.29575e-08
1.32653,5.87172e-05,1.61634e-08
1.40816,7.39569e-05,1.97719e-08
1.4898,9.12474e-05,2.3756e-08
1.57143,0.000110919,2.81804e-08
1.65306,0.000132669,3.29743e-08
1.73469,0.000156801,3.81918e-08
1.81633,0.000183236,4.38005e-08
1.89796,0.000211978,4.98049e-08
1.97959,0.000243028,5.6197e-08
2.06122,0.000276396,6.29747e-08
2.14286,0.000312289,7.01443e-08
2.22449,0.000350314,7.76983e-08
2.30612,0.00039093,8.56409e-08
2.38776,0.000433727,9.39692e-08
2.46939,0.000479039,1.02676e-07
2.55102,0.000526301,1.11721e-07
2.63265,0.000576158,1.21172e-07
2.71429,0.0006285,1.3101e-07
2.79592,0.000682489,1.41082e-07
2.87755,0.000739267,1.51629e-07
2.95918,0.000798028,1.62522e-07
3.04082,0.000859226,1.73742e-07
3.12245,0.000922192,1.85333e-07
3.20408,0.000988027,1.9725e-07
3.28571,0.00105587,2.09554e-07
3.36735,0.0011254,2.22222e-07
3.44898,0.0011975,2.35143e-07
3.53061,0.00127127,2.48394e-07
3.61224,0.0013474,2.62049e-07
3.69388,0.00142572,2.76053e-07
3.77551,0.00150577,2.90277e-07
3.85714,0.00158833,3.0505e-07
3.93878,0.00167204,3.19885e-07
4.02041,0.00175847,3.35151e-07
4.10204,0.00184723,3.50894e-07
4.18367,0.0019372,3.66825e-07
4.26531,0.0020292,3.83136e-07
4.34694,0.00212265,3.99639e-07
4.42857,0.00221877,4.16431e-07
4.5102,0.00231611,4.3358e-07
4.59184,0.00241663,4.51245e-07
4.67347,0.00251797,4.69187e-07
4.7551,0.00261996,4.87016e-07
4.83673,0.0027263,5.0568e-07
4.91837,0.00283355,5.2457e-07
5.0,0.00294079,5.43418e-07
5.10204,0.00307912,5.67829e-07
5.20408,0.00321967,5.92405e-07
5.30612,0.00336293,6.17605e-07
5.40816,0.00350869,6.43319e-07
5.5102,0.00365985,6.69823e-07
5.61224,0.00381104,6.96466e-07
5.71429,0.00396318,7.23115e-07
5.81633,0.00411951,7.50582e-07
5.91837,0.00428055,7.78842e-07
6.02041,0.00443921,8.0707e-07
6.12245,0.00460458,8.36232e-07
6.22449,0.00476674,8.65087e-07
6.32653,0.00493861,8.95093e-07
6.42857,0.00510874,9.25386e-07
6.53061,0.00528099,9.55739e-07
6.63265,0.0054584,9.871e-07
6.73469,0.00563436,1.01837e-06
6.83673,0.00581426,1.05049e-06
6.93878,0.00599597,1.08298e-06
7.04082,0.00617867,1.11542e-06
7.14286,0.00636815,1.14911e-06
7.2449,0.00655549,1.1825e-06
7.34694,0.006746,1.21671e-06
7.44898,0.00693791,1.25123e-06
7.55102,0.00713274,1.28613e-06
7.65306,0.00732901,1.32115e-06
7.7551,0.0075291,1.35713e-06
7.85714,0.00773034,1.39319e-06
7.95918,0.00792929,1.42901e-06
8.06122,0.00813668,1.46662e-06
8.16327,0.00834502,1.50425e-06
8.26531,0.00855195,1.54192e-06
8.36735,0.00876516,1.581e-06
8.46939,0.00897826,1.61913e-06
8.57143,0.00918925,1.65722e-06
8.67347,0.00940678,1.69719e-06
8.77551,0.0096221,1.73624e-06
8.87755,0.00984137,1.77672e-06
8.97959,0.0100673,1.81718e-06
9.08163,0.0102907,1.85868e-06
9.18367,0.010516,1.89975e-06
9.28571,0.010747,1.94238e-06
9.38776,0.0109736,1.98446e-06
9.4898,0.0112011,2.02654e-06
9.59184,0.0114329,2.06966e-06
9.69388,0.011667,2.11281e-06
9.79592,0.0119074,2.15702e-06
9.89796,0.0121399,2.20013e-06
10.0,0.0123816,2.24472e-06
10.2041,0.0128623,2.33454e-06
10.4082,0.0133531,2.42636e-06
10.6122,0.0138518,2.51974e-06
10.8163,0.0143496,2.61408e-06
11.0204,0.0148587,2.71024e-06
11.2245,0.015372,2.80673e-06
11.4286,0.0158941,2.90539e-06
11.6327,0.0164157,3.00498e-06
11.8367,0.0169531,3.10753e-06
12.0408,0.0174886,3.21059e-06
12.2449,0.0180354,3.31487e-06
12.449,0.0185815,3.42144e-06
12.6531,0.0191346,3.52692e-06
12.8571,0.0196942,3.63569e-06
13.0612,0.020265,3.74593e-06
13.2653,0.0208298,3.85701e-06
13.4694,0.0214084,3.96971e-06
13.6735,0.0219862,4.08373e-06
13.8776,0.02257,4.20045e-06
14.0816,0.0231599,4.31394e-06
14.2857,0.0237507,4.43096e-06
14.4898,0.0243521,4.54863e-06
14.6939,0.0249625,4.67191e-06
14.898,0.0255684,4.79344e-06
15.102,0.0261829,4.91446e-06
15.3061,0.0268095,5.04007e-06
15.5102,0.0274252,5.1649e-06
15.7143,0.0280502,5.29059e-06
15.9184,0.0286955,5.42044e-06
16.1224,0.0293231,5.54851e-06
16.3265,0.0299672,5.67901e-06
16.5306,0.0306234,5.81146e-06
16.7347,0.0312655,5.94424e-06
16.9388,0.0319228,6.07832e-06
17.1429,0.0325852,6.2142e-06
17.3469,0.0332443,6.35006e-06
17.551,0.0339091,6.48719e-06
17.7551,0.0345703,6.61969e-06
17.9592,0.0352587,6.76689e-06
18.1633,0.035936,6.90634e-06
18.3673,0.0366144,7.04847e-06
18.5714,0.0372989,7.18958e-06
18.7755,0.037987,7.33351e-06
18.9796,0.0386861,7.48065e-06
19.1837,0.0393952,7.62744e-06
19.3878,0.0400839,7.77422e-06
19.5918,0.0407988,7.9258e-06
19.7959,0.0415087,8.0723e-06
20.0,0.0422066,8.22392e-06
20.4082,0.0436471,8.53164e-06
20.8163,0.0451132,8.84316e-06
21.2245,0.0465642,9.15233e-06
21.6327,0.0480618,9.47898e-06
22.0408,0.0495286,9.79056e-06
22.449,0.0510242,1.0116e-05
22.8571,0.0525536,1.0451e-05
23.2653,0.0540729,1.07805e-05
23.6735,0.0555996,1.11211e-05
24.0816,0.0571759,1.1467e-05
24.4898,0.0587629,1.18142e-05
24.898,0.060313,1.21594e-05
25.3061,0.0619014,1.25139e-05
25.7143,0.0634996,1.28742e-05
26.1224,0.0650968,1.32314e-05
26.5306,0.0667461,1.36004e-05
26.9388,0.0683768,1.39711e-05
27.3469,0.0700361,1.4343e-05
27.7551,0.0716711,1.4725e-05
28.1633,0.0733363,1.51007e-05
28.5714,0.0750295,1.54884e-05
28.9796,0.0767111,1.58653e-05
29.3878,0.0784012,1.6267e-05
29.7959,0.0801009,1.66539e-05
30.2041,0.0818429,1.7062e-05
30.6122,0.083571,1.74647e-05
31.0204,0.0852567,1.78578e-05
31.4286,0.0870154,1.82694e-05
31.8367,0.0888078,1.86923e-05
32.2449,0.0905814,1.91056e-05
32.6531,0.092341,1.95241e-05
33.0612,0.0941402,1.9946e-05
33.4694,0.0959587,2.03806e-05
33.8776,0.0977127,2.07893e-05
34.2857,0.0994997,2.12164e-05
34.6939,0.101341,2.16612e-05
35.102,0.103156,2.2093e-05
35.5102,0.104985,2.25441e-05
35.9184,0.106864,2.29881e-05
36.3265,0.108694,2.34333e-05
36.7347,0.110545,2.38872e-05
37.1429,0.112426,2.43388e-05
37.551,0.114281,2.48085e-05
37.9592,0.116151,2.52461e-05
38.3673,0.118044,2.57167e-05
38.7755,0.119968,2.6185e-05
39.1837,0.121863,2.66515e-05
39.5918,0.12381,2.71271e-05
40.0,0.125695,2.75949e-05
40.4082,0.127627,2.80777e-05
40.8163,0.129617,2.85759e-05
41.2245,0.131543,2.90542e-05
41.6327,0.133476,2.95297e-05
42.0408,0.135466,3.00347e-05
42.449,0.137414,3.05122e-05
42.8571,0.13941,3.10299e-05
43.2653,0.141352,3.15054e-05
43.6735,0.14329,3.20046e-05
44.0816,0.145308,3.25053e-05
44.4898,0.147315,3.30187e-05
44.898,0.149331,3.35279e-05
45.3061,0.151364,3.40392e-05
45.7143,0.153359,3.45416e-05
46.1224,0.155366,3.50531e-05
46.5306,0.15745,3.56055e-05
46.9388,0.1595,3.61161e-05
47.3469,0.161552,3.66578e-05
47.7551,0.163554,3.71755e-05
48.1633,0.165697,3.77119e-05
48.5714,0.16768,3.82323e-05
48.9796,0.169753,3.87601e-05
49.3878,0.171846,3.93124e-05
49.7959,0.173915,3.98532e-05
50.2041,0.176048,4.03989e-05
50.6122,0.178197,4.09756e-05
51.0204,0.180208,4.14802e-05
51.4286,0.182323,4.20249e-05
51.8367,0.184467,4.25975e-05
52.2449,0.186609,4.3142e-05
52.6531,0.18865,4.36889e-05
53.0612,0.190739,4.42491e-05
53.4694,0.192885,4.48e-05
53.8776,0.195084,4.54091e-05
54.2857,0.197306,4.5962e-05
54.6939,0.199302,4.65176e-05
55.102,0.201549,4.71258e-05
55.5102,0.203656,4.7642e-05
55.9184,0.205868,4.82606e-05
56.3265,0.207959,4.88091e-05
56.7347,0.210269,4.94463e-05
57.1429,0.212411,5.00128e-05
57.551,0.214607,5.06119e-05
57.9592,0.216771,5.12017e-05
58.3673,0.21901,5.17632e-05
58.7755,0.221162,5.23951e-05
59.1837,0.223428,5.29843e-05
59.5918,0.225624,5.35707e-05
60.0,0.227854,5.41627e-05
60.4082,0.230101,5.47791e-05
60.8163,0.232355,5.53836e-05
61.2245,0.234516,5.59814e-05
61.6327,0.236756,5.65782e-05
62.0408,0.239067,5.72147e-05
62.449,0.241324,5.78277e-05
62.8571,0.24349,5.84259e-05
63.2653,0.245718,5.90445e-05
63.6735,0.248015,5.96915e-05
64.0816,0.250356,6.03246e-05
64.4898,0.252694,6.09798e-05
64.898,0.255035,6.15719e-05
65.3061,0.257205,6.21855e-05
65.7143,0.259424,6.28121e-05
66.1224,0.261738,6.34586e-05
66.5306,0.264145,6.41271e-05
66.9388,0.266345,6.47275e-05
67.3469,0.268678,6.53974e-05
67.7551,0.270808,6.59557e-05
68.1633,0.273277,6.66336e-05
68.5714,0.275632,6.72891e-05
68.9796,0.277978,6.79695e-05
69.3878,0.2803,6.86191e-05
69.7959,0.282517,6.92468e-05
70.2041,0.284856,6.99101e-05
70.6122,0.287177,7.05512e-05
71.0204,0.289635,7.12742e-05
71.4286,0.291944,7.18839e-05
71.8367,0.294319,7.25247e-05
72.2449,0.296741,7.32257e-05
72.6531,0.299063,7.38861e-05
73.0612,0.301336,7.45524e-05
73.4694,0.303584,7.51751e-05
73.8776,0.306201,7.5898e-05
74.2857,0.308473,7.65366e-05
74.6939,0.310982,7.7288e-05
75.102,0.313409,7.7962e-05
75.5102,0.315679,7.86346e-05
75.9184,0.318095,7.92644e-05
76.3265,0.320696,8.00397e-05
76.7347,0.322916,8.06918e-05
77.1429,0.325167,8.13015e-05
77.551,0.327726,8.20372e-05
77.9592,0.330202,8.27478e-05
78.3673,0.332554,8.34056e-05
78.7755,0.335078,8.41628e-05
79.1837,0.337394,8.48135e-05
79.5918,0.339988,8.56161e-05
80.0,0.342111,8.61839e-05
80.4082,0.34469,8.69699e-05
80.8163,0.347181,8.76521e-05
81.2245,0.349672,8.83872e-05
81.6327,0.35202,8.9057e-05
82.0408,0.354433,8.97758e-05
82.449,0.356903,9.04479e-05
82.8571,0.359581,9.13037e-05
83.2653,0.361923,9.19358e-05
83.6735,0.364372,9.26758e-05
84.0816,0.366793,9.33915e-05
84.4898,0.369419,9.41116e-05
84.898,0.371826,9.4871e-05
85.3061,0.374213,9.54987e-05
85.7143,0.377001,9.62536e-05
86.1224,0.379267,9.69756e-05
86.5306,0.381707,9.77473e-05
86.9388,0.384125,9.83892e-05
87.3469,0.386842,9.92176e-05
87.7551,0.389354,9.9983e-05
88.1633,0.391778,0.000100619
88.5714,0.394225,0.000101396
88.9796,0.39685,0.000102141
89.3878,0.399339,0.000102924
89.7959,0.401896,0.000103631
90.2041,0.404365,0.000104394
90.6122,0.407107,0.000105204
91.0204,0.4094,0.00010591
91.4286,0.411799,0.000106563
91.8367,0.41451,0.000107395
92.2449,0.417106,0.000108178
92.6531,0.419598,0.000108983
93.0612,0.422071,0.000109716
93.4694,0.424725,0.00011044
93.8776,0.42712,0.000111227
94.2857,0.429768,0.000111973
94.6939,0.43229,0.000112711
95.102,0.434885,0.000113481
95.5102,0.437474,0.000114263
95.9184,0.440184,0.000115069
96.3265,0.44255,0.000115727
96.7347,0.445289,0.000116581
97.1429,0.447641,0.000117283
97.551,0.450446,0.000118139
97.9592,0.453145,0.000119024
98.3673,0.455647,0.000119694
98.7755,0.458096,0.000120499
99.1837,0.460795,0.00012121
99.5918,0.463515,0.000122096
100.0,0.465958,0.000122792
100.816,0.471241,0.000124369
101.633,0.476212,0.000125991
102.449,0.481572,0.000127609
103.265,0.486797,0.000129146
104.082,0.492065,0.000130789
104.898,0.497479,0.000132493
105.714,0.502488,0.000133945
106.531,0.508158,0.000135639
107.347,0.513324,0.000137308
108.163,0.518988,0.000139027
108.98,0.52385,0.000140529
109.796,0.529252,0.000142221
110.612,0.534866,0.000143935
111.429,0.540066,0.000145518
112.245,0.545644,0.00014729
113.061,0.550799,0.000148825
113.878,0.556211,0.000150684
114.694,0.561289,0.000152133
115.51,0.566761,0.000153834
116.327,0.572333,0.000155529
117.143,0.57794,0.000157255
117.959,0.583126,0.00015904
118.776,0.589103,0.000160754
119.592,0.594269,0.000162418
120.408,0.599789,0.000164154
121.224,0.605415,0.000165974
122.041,0.610709,0.000167527
122.857,0.616245,0.000169349
123.673,0.621622,0.000171122
124.49,0.627262,0.000172875
125.306,0.632842,0.000174643
126.122,0.638444,0.000176442
126.939,0.643957,0.000178161
127.755,0.649801,0.00017998
128.571,0.654914,0.000181678
129.388,0.660619,0.000183516
130.204,0.666569,0.000185415
131.02,0.671937,0.000187119
131.837,0.677488,0.000188903
132.653,0.683206,0.000190584
133.469,0.688661,0.000192316
134.286,0.694443,0.000194285
135.102,0.700264,0.000196283
135.918,0.705592,0.000197985
136.735,0.71124,0.000199767
137.551,0.717321,0.000201745
138.367,0.722862,0.000203568
139.184,0.728588,0.000205341
140.0,0.734518,0.000207338
140.816,0.740271,0.00020911
141.633,0.745585,0.000210802
142.449,0.751336,0.000212879
143.265,0.757058,0.000214589
144.082,0.76286,0.000216623
144.898,0.768726,0.000218238
145.714,0.774075,0.000220076
146.531,0.780516,0.000222349
147.347,0.786232,0.000224245
148.163,0.791454,0.000225801
148.98,0.797498,0.000227955
149.796,0.803611,0.000229831
150.612,0.809234,0.000231618
151.429,0.81575,0.000234014
152.245,0.821153,0.000235726
153.061,0.826968,0.000237696
153.878,0.832148,0.000239297
154.694,0.838375,0.000241514
155.51,0.844497,0.000243322
156.327,0.850466,0.000245314
157.143,0.856263,0.000247291
157.959,0.862047,0.000249254
158.776,0.867914,0.000251081
159.592,0.874039,0.00025315
160.408,0.879752,0.000255145
161.224,0.88605,0.000257171
162.041,0.891932,0.000258969
162.857,0.897292,0.000261053
163.673,0.903193,0.000263012
164.49,0.909493,0.000265138
165.306,0.915678,0.000267135
166.122,0.921805,0.000269316
166.939,0.92743,0.000271063
167.755,0.933262,0.000273059
168.571,0.939787,0.000275434
169.388,0.94557,0.000277536
170.204,0.95103,0.000278973
171.02,0.957424,0.00028138
171.837,0.963272,0.000283026
172.653,0.969518,0.000285559
173.469,0.975651,0.000287341
174.286,0.981467,0.000289318
175.102,0.987899,0.00029134
175.918,0.993364,0.000293177
176.735,0.999773,0.000295528
177.551,1.00578,0.000297671
178.367,1.01131,0.000299304
179.184,1.01774,0.000301814
180.0,1.02463,0.000304085
180.816,1.03051,0.000306053
181.633,1.03664,0.000308322
182.449,1.04291,0.000310314
183.265,1.04894,0.000312552
184.082,1.05499,0.00031463
184.898,1.06097,0.000316377
185.714,1.06701,0.000318574
186.531,1.07283,0.000320349
187.347,1.07921,0.000322843
188.163,1.0854,0.000324846
188.98,1.09188,0.000327719
189.796,1.09799,0.000329178
190.612,1.10387,0.000331266
191.429,1.10995,0.000333321
192.245,1.11617,0.000335484
193.061,1.12295,0.000338068
193.878,1.12864,0.000340097
194.694,1.13566,0.000342595
195.51,1.14092,0.000344065
196.327,1.14777,0.00034662
197.143,1.1536,0.00034854
197.959,1.15935,0.00035027
198.776,1.16631,0.00035323
199.592,1.17254,0.000355065
200.408,1.17907,0.000357686
201.224,1.18483,0.000359735
202.041,1.19112,0.000361746
202.857,1.19715,0.000363862
203.673,1.20473,0.000366569
204.49,1.20978,0.000368171
205.306,1.21645,0.00037054
206.122,1.22297,0.000373095
206.939,1.22885,0.000374795
207.755,1.23466,0.000376724
208.571,1.24167,0.00037885
209.388,1.24821,0.00038169
210.204,1.25467,0.000384003
211.02,1.26048,0.000385819
211.837,1.26681,0.000388612
212.653,1.27236,0.000390333
213.469,1.27907,0.000392334
214.286,1.28595,0.000395098
215.102,1.29203,0.000396998
215.918,1.29877,0.000399832
216.735,1.30514,0.000401846
217.551,1.31152,0.000404321
218.367,1.31732,0.000406398
219.184,1.32403,0.000408716
220.0,1.33077,0.000410665
221.633,1.34274,0.000415214
223.265,1.35678,0.000420266
224.898,1.36925,0.000424987
226.531,1.38295,0.000429499
228.163,1.39441,0.00043326
229.796,1.40755,0.000438734
231.429,1.42076,0.000443287
233.061,1.43347,0.000447644
234.694,1.44735,0.000452695
236.327,1.45988,0.000457338
237.959,1.47302,0.00046159
239.592,1.48557,0.000466301
241.224,1.49927,0.000471302
242.857,1.51208,0.000476122
244.49,1.52607,0.000480357
246.122,1.53847,0.000485318
247.755,1.55195,0.000490616
249.388,1.56486,0.000495114
251.02,1.57769,0.000500652
252.653,1.59121,0.000504403
254.286,1.60421,0.000509345
255.918,1.61768,0.000514574
257.551,1.6302,0.000518902
259.184,1.64435,0.000524561
260.816,1.65846,0.000529555
262.449,1.6716,0.000534023
264.082,1.68407,0.000539125
265.714,1.69838,0.000544393
267.347,1.71127,0.000548795
268.98,1.72472,0.000553654
270.612,1.7373,0.000558604
272.245,1.75129,0.000563796
273.878,1.76467,0.000568115
275.51,1.77924,0.000574002
277.143,1.79127,0.000578014
278.776,1.80587,0.000584117
280.408,1.82026,0.000590146
282.041,1.8327,0.000594161
283.673,1.84655,0.000598507
285.306,1.85927,0.000603862
286.939,1.87316,0.000609331
288.571,1.88746,0.000616176
290.204,1.8996,0.000618898
291.837,1.91492,0.000625099
293.469,1.92865,0.000630319
295.102,1.94249,0.000635479
296.735,1.95544,0.000640442
298.367,1.96925,0.000644118
300.0,1.9824,0.000649364
301.633,1.99647,0.000655833
303.265,2.01102,0.000661417
304.898,2.02279,0.000664507
306.531,2.03812,0.000671284
308.163,2.05069,0.00067557
309.796,2.06599,0.00068154
311.429,2.07898,0.000687488
313.061,2.09316,0.000692733
314.694,2.10644,0.000696728
316.327,2.12219,0.000702643
317.959,2.13432,0.000707501
319.592,2.14934,0.000714102
321.224,2.16353,0.000719509
322.857,2.17559,0.000723367
324.49,2.19075,0.000729473
326.122,2.2036,0.000734425
327.755,2.21939,0.000740808
329.388,2.23379,0.000745938
331.02,2.24847,0.000751514
332.653,2.26059,0.0007557
334.286,2.27504,0.000762595
335.918,2.28969,0.000768396
337.551,2.30345,0.000773484
339.184,2.31715,0.000777805
340.816,2.33114,0.000782947
342.449,2.34649,0.000790097
344.082,2.36001,0.00079502
345.714,2.37379,0.000799274
347.347,2.38782,0.000805701
348.98,2.40156,0.000810274
350.612,2.41586,0.000815929
352.245,2.43092,0.000822686
353.878,2.44579,0.000828559
355.51,2.45919,0.000833542
357.143,2.47416,0.000839209
358.776,2.48819,0.000844571
360.408,2.50311,0.00085119
362.041,2.51721,0.000855488
363.673,2.53159,0.000861921
365.306,2.5464,0.000867819
366.939,2.55921,0.000872356
368.571,2.57443,0.000877955
370.204,2.58922,0.000884126
371.837,2.60217,0.000889986
373.469,2.61931,0.000897534
375.102,2.63133,0.000900172
376.735,2.64624,0.000905562
378.367,2.66073,0.000913856
380.0,2.67523,0.000917447
382.449,2.69687,0.000925947
384.898,2.71826,0.000934523
387.347,2.73873,0.000943601
389.796,2.76362,0.000952602
392.245,2.78457,0.000961085
394.694,2.80616,0.000970752
397.143,2.83046,0.000978808
399.592,2.84854,0.000987339
402.041,2.87348,0.00099666
404.49,2.89599,0.00100693
406.939,2.91748,0.00101326
409.388,2.93931,0.00102309
411.837,2.96216,0.00103239
414.286,2.98325,0.00103978
416.735,3.00417,0.0010496
419.184,3.02576,0.0010588
421.633,3.04859,0.00106619
424.082,3.07258,0.00107702
426.531,3.09478,0.00108502
428.98,3.11856,0.00109784
431.429,3.13852,0.00110385
433.878,3.16007,0.00111104
436.327,3.18428,0.00112253
438.776,3.20588,0.00113075
441.224,3.22992,0.00114008
443.673,3.2506,0.00114777
446.122,3.27333,0.00115801
448.571,3.29646,0.00116994
451.02,3.31578,0.00117683
453.469,3.33984,0.0011855
455.918,3.36257,0.0011923
458.367,3.38486,0.00120325
460.816,3.4068,0.00121208
463.265,3.43276,0.00122306
465.714,3.45434,0.00123298
468.163,3.47594,0.00124021
470.612,3.49885,0.00124999
473.061,3.52123,0.0012581
475.51,3.54503,0.00126994
477.959,3.56679,0.00127805
480.408,3.591,0.00129013
482.857,3.6139,0.00129947
485.306,3.63519,0.00130396
487.755,3.65882,0.00131818
490.204,3.67997,0.00132409
492.653,3.70507,0.00133697
495.102,3.72825,0.00134332
497.551,3.75092,0.00135245
500.0,3.7704,0.00136182
502.449,3.79797,0.00137361
504.898,3.81979,0.00138359
507.347,3.84248,0.00139326
509.796,3.86804,0.00140257
512.245,3.8893,0.00141219
514.694,3.91238,0.00142185
517.143,3.93483,0.00142936
519.592,3.95827,0.00144278
522.041,3.98207,0.00145068
524.49,4.00418,0.00145855
526.939,4.02895,0.00147067
529.388,4.05122,0.00147873
531.837,4.07419,0.00148994
534.286,4.09742,0.00149902
536.735,4.11957,0.0015077
539.184,4.1442,0.0015172
541.633,4.16627,0.00152637
544.082,4.19281,0.0015394
546.531,4.21392,0.00154546
548.98,4.23973,0.00156139
551.429,4.26224,0.00156858
553.878,4.28137,0.00157756
556.327,4.31218,0.00159239
558.776,4.33059,0.00159504
561.224,4.35439,0.00160505
563.673,4.38068,0.00161828
566.122,4.40341,0.00162856
568.571,4.42854,0.0016392
571.02,4.45134,0.00164758
573.469,4.47733,0.00166026
575.918,4.49772,0.00167039
578.367,4.52305,0.00167974
580.816,4.54541,0.00169108
583.265,4.56602,0.00169801
585.714,4.59327,0.00170987
588.163,4.61822,0.00172118
590.612,4.64079,0.00172693
593.061,4.66519,0.00173935
595.51,4.68999,0.00175193
597.959,4.71223,0.0017622
600.408,4.7376,0.00177371
602.857,4.76201,0.00178175
605.306,4.78137,0.00178743
607.755,4.80881,0.0018016
610.204,4.83047,0.00180912
612.653,4.85883,0.00182714
615.102,4.88047,0.00183225
617.551,4.90384,0.00184325
620.0,4.92444,0.00184796
622.449,4.95099,0.00185899
624.898,4.97311,0.00187218
627.347,5.0012,0.00188556
629.796,5.02419,0.00189463
632.245,5.04634,0.00190364
634.694,5.07171,0.00191328
637.143,5.09663,0.00192641
639.592,5.12167,0.00193692
642.041,5.14619,0.00194823
644.49,5.16938,0.00196028
646.939,5.19231,0.00196874
649.388,5.21634,0.00197786
651.837,5.23887,0.00198636
654.286,5.26677,0.00199856
656.735,5.29095,0.00201439
659.184,5.3157,0.00202243
661.633,5.33743,0.00203188
664.082,5.36356,0.00204251
666.531,5.38392,0.00205024
668.98,5.40903,0.00206118
671.429,5.43588,0.00207359
673.878,5.45994,0.00208271
676.327,5.48563,0.00209738
678.776,5.50953,0.00210347
681.224,5.53573,0.00211854
683.673,5.55824,0.00213161
686.122,5.58212,0.00213847
688.571,5.60551,0.00214578
691.02,5.63163,0.00216089
693.469,5.65774,0.00216835
695.918,5.6824,0.00218503
698.367,5.70536,0.00219155
700.816,5.73253,0.00220378
703.265,5.75973,0.00222001
705.714,5.77659,0.00222484
708.163,5.80574,0.00223872
710.612,5.82786,0.0022476
713.061,5.85524,0.00225948
715.51,5.87792,0.00226978
717.959,5.90014,0.00227826
720.408,5.92831,0.0022935
722.857,5.95243,0.00230301
725.306,5.97895,0.00231484
727.755,5.99818,0.00231993
730.204,6.02681,0.00233786
732.653,6.05141,0.00234506
735.102,6.07411,0.00235127
737.551,6.1027,0.00236832
740.0,6.12366,0.00237559
743.265,6.16076,0.00239364
746.531,6.19237,0.00240884
749.796,6.22495,0.00242099
753.061,6.26203,0.00244448
756.327,6.28942,0.0024521
759.592,6.32589,0.00246597
762.857,6.3575,0.00248069
766.122,6.39094,0.00250049
769.388,6.42716,0.00251563
772.653,6.45888,0.00252698
775.918,6.48734,0.00253926
779.184,6.52458,0.00255559
782.449,6.5608,0.00257558
785.714,6.58678,0.00258091
788.98,6.61892,0.00259905
792.245,6.65886,0.00261674
795.51,6.69288,0.00263143
798.776,6.72699,0.00264885
802.041,6.76215,0.00266531
805.306,6.79277,0.0026789
808.571,6.82677,0.00269456
811.837,6.86162,0.0027082
815.102,6.89461,0.00272546
818.367,6.9266,0.00273536
821.633,6.96449,0.00275705
824.898,6.99846,0.00277281
828.163,7.02748,0.00278578
831.429,7.06701,0.00280288
834.694,7.09348,0.00281314
837.959,7.13338,0.00283099
841.224,7.16402,0.00284973
844.49,7.20109,0.00286278
847.755,7.23505,0.00288003
851.02,7.26383,0.00288781
854.286,7.29829,0.00290501
857.551,7.33479,0.00292718
860.816,7.37134,0.00294523
864.082,7.4007,0.00295536
867.347,7.43779,0.00297267
870.612,7.46681,0.00298415
873.878,7.50223,0.00300012
877.143,7.54465,0.00302155
880.408,7.57172,0.00303586
883.673,7.61379,0.00305195
886.939,7.64364,0.00306037
890.204,7.67488,0.00307687
893.469,7.70847,0.00309179
896.735,7.74271,0.00310737
900.0,7.78133,0.00313381
903.265,7.81242,0.0031386
906.531,7.85128,0.00316155
909.796,7.88426,0.00318142
913.061,7.91354,0.00318466
916.327,7.95307,0.00321278
919.592,7.9853,0.00322601
922.857,8.02039,0.00324216
926.122,8.05813,0.00326451
929.388,8.08894,0.00327551
932.653,8.12989,0.00329016
935.918,8.15865,0.00330344
939.184,8.1939,0.00331805
942.449,8.23133,0.00333907
945.714,8.26064,0.00334394
948.98,8.30222,0.00337709
952.245,8.32626,0.00338128
955.51,8.36528,0.00340338
958.776,8.41174,0.00342309
962.041,8.43821,0.00343445
965.306,8.46813,0.00345097
968.571,8.50624,0.0034669
971.837,8.5333,0.00347444
975.102,8.57608,0.00350053
978.367,8.61362,0.00351714
981.633,8.64407,0.00352866
984.898,8.67726,0.00354302
988.163,8.7223,0.00356473
991.429,8.74864,0.00357988
994.694,8.78352,0.00359588
997.959,8.81654,0.00361075
1001.22,8.85781,0.0036339
1004.49,8.89518,0.00364845
1007.76,8.93093,0.0036578
1011.02,8.96108,0.00368098
1014.29,9.00506,0.00370506
1017.55,9.03308,0.00370869
1020.82,9.06914,0.0037236
1024.08,9.10346,0.00374357
1027.35,9.14218,0.00376152
1030.61,9.16913,0.00377261
1033.88,9.20532,0.00379337
1037.14,9.24483,0.0038083
1040.41,9.28425,0.0038305
1043.67,9.31142,0.00384863
1046.94,9.35486,0.00386461
1050.2,9.37947,0.0038705
1053.47,9.42073,0.00389237
1056.73,9.45534,0.00390795
1060.0,9.49007,0.00393602
1064.9,9.55076,0.003967
1069.8,9.59933,0.0039818
1074.69,9.64552,0.004003
1079.59,9.70219,0.00403576
1084.49,9.76228,0.00406481
1089.39,9.8092,0.00407799
1094.29,9.86061,0.00410461
1099.18,9.91989,0.00413637
1104.08,9.96677,0.00415274
1108.98,10.0195,0.00418133
1113.88,10.0794,0.00420217
1118.78,10.1344,0.00423855
1123.67,10.1829,0.00426008
1128.57,10.2353,0.00427981
1133.47,10.2963,0.00431461
1138.37,10.3452,0.00433622
1143.27,10.4108,0.00437772
1148.16,10.4515,0.00438371
1153.06,10.5149,0.0044215
1157.96,10.5708,0.0044505
1162.86,10.6246,0.00447141
1167.76,10.6659,0.00449317
1172.65,10.7243,0.00451734
1177.55,10.7853,0.00455224
1182.45,10.828,0.00457478
1187.35,10.8936,0.00460717
1192.24,10.9466,0.0046313
1197.14,10.9958,0.00466078
1202.04,11.049,0.00468486
1206.94,11.0996,0.00470105
1211.84,11.1616,0.00473067
1216.73,11.2087,0.00475602
1221.63,11.2637,0.0047875
1226.53,11.3219,0.00481537
1231.43,11.3744,0.00483527
1236.33,11.4255,0.00485554
1241.22,11.4744,0.00487202
1246.12,11.5323,0.00490853
1251.02,11.5983,0.00493953
1255.92,11.6477,0.0049577
1260.82,11.702,0.00498074
1265.71,11.7552,0.00502031
1270.61,11.8109,0.00504683
1275.51,11.8783,0.00508857
1280.41,11.9239,0.00510872
1285.31,11.9846,0.00512643
1290.2,12.0305,0.00516087
1295.1,12.0934,0.00519054
1300.0,12.1426,0.00519559
1304.9,12.2011,0.00523833
1309.8,12.2515,0.0052806
1314.69,12.2979,0.00527407
1319.59,12.363,0.00531723
1324.49,12.419,0.00533225
1329.39,12.4744,0.00537825
1334.29,12.5299,0.0053964
1339.18,12.5801,0.00541724
1344.08,12.6428,0.00545312
1348.98,12.6948,0.00547665
1353.88,12.7487,0.00549334
1358.78,12.8073,0.00552577
1363.67,12.8558,0.00554861
1368.57,12.9173,0.00558321
1373.47,12.9732,0.00562276
1378.37,13.0234,0.00564976
1383.27,13.086,0.00569221
1388.16,13.1382,0.00569276
1393.06,13.1998,0.00573408
1397.96,13.2447,0.00574783
1402.86,13.3131,0.0057916
1407.76,13.3672,0.0058168
1412.65,13.4119,0.00584316
1417.55,13.4741,0.00587324
1422.45,13.53,0.00590786
1427.35,13.5775,0.00591681
1432.24,13.6367,0.00594521
1437.14,13.6951,0.00598756
1442.04,13.7542,0.00599181
1446.94,13.8131,0.00604382
1451.84,13.879,0.00608962
1456.73,13.9284,0.0061013
1461.63,13.9754,0.00611532
1466.53,14.0331,0.00614647
1471.43,14.0956,0.0061778
1476.33,14.1438,0.00618811
1481.22,14.2028,0.00623069
1486.12,14.2485,0.00623748
1491.02,14.3198,0.00628624
1495.92,14.3761,0.00632869
1500.82,14.4403,0.00635461
1505.71,14.4793,0.00637185
1510.61,14.5366,0.00639125
1515.51,14.5927,0.00642076
1520.41,14.6568,0.00647072
1525.31,14.7087,0.00649412
1530.2,14.7591,0.00650997
1535.1,14.8319,0.00655893
1540.0,14.8846,0.00656967
1547.35,14.9751,0.00663912
1554.69,15.0603,0.00665978
1562.04,15.1463,0.00671396
1569.39,15.2154,0.00674024
1576.73,15.3089,0.00678985
1584.08,15.3854,0.00682636
1591.43,15.4864,0.00687616
1598.78,15.5565,0.00689922
1606.12,15.6512,0.00698053
1613.47,15.7345,0.0069959
1620.82,15.8336,0.00703928
1628.16,15.9114,0.00711141
1635.51,16.0115,0.00714557
1642.86,16.0797,0.00718364
1650.2,16.1648,0.00722451
1657.55,16.2541,0.00727132
1664.9,16.3235,0.00730212
1672.24,16.4135,0.00735191
1679.59,16.5021,0.00736595
1686.94,16.5903,0.00744175
1694.29,16.6821,0.00746015
1701.63,16.7778,0.00753844
1708.98,16.8461,0.00756617
1716.33,16.947,0.00762323
1723.67,17.021,0.0076761
1731.02,17.1084,0.00769349
1738.37,17.21,0.00777522
1745.71,17.2739,0.00778308
1753.06,17.3782,0.00784911
1760.41,17.4694,0.00788048
1767.76,17.5455,0.00791692
1775.1,17.6303,0.00799438
1782.45,17.7244,0.00805145
1789.8,17.8213,0.00809964
1797.14,17.896,0.00811273
1804.49,17.9887,0.00815416
1811.84,18.069,0.00820862
1819.18,18.1717,0.00826205
1826.53,18.2427,0.00830168
1833.88,18.3574,0.00835762
1841.22,18.4263,0.0083799
1848.57,18.507,0.00841522
1855.92,18.5936,0.00848462
1863.27,18.6763,0.00852978
1870.61,18.7834,0.00859322
1877.96,18.8722,0.00864409
1885.31,18.9597,0.00868862
1892.65,19.0347,0.00867668
1900.0,19.1337,0.00875087
1907.35,19.1963,0.00879149
1914.69,19.2965,0.00886522
1922.04,19.3837,0.00889289
1929.39,19.4854,0.00893067
1936.73,19.5466,0.00894638
1944.08,19.6581,0.00901055
1951.43,19.7278,0.00906095
1958.78,19.8388,0.00912313
1966.12,19.8999,0.00917059
1973.47,20.0003,0.0092159
1980.82,20.0899,0.00923267
1988.16,20.182,0.00930697
1995.51,20.2804,0.00936754
2002.86,20.3526,0.00937618
2010.2,20.4491,0.00944191
2017.55,20.5319,0.00949333
2024.9,20.614,0.00950412
2032.24,20.7207,0.00956466
2039.59,20.8084,0.00965077
2046.94,20.9163,0.00969817
2054.29,20.981,0.00974757
2061.63,21.0688,0.00976844
2068.98,21.1693,0.00982056
2076.33,21.2505,0.00988581
2083.67,21.3488,0.0099358
2091.02,21.4375,0.00998787
2098.37,21.5084,0.00995705
2105.71,21.605,0.010062
2113.06,21.696,0.0100737
2120.41,21.7763,0.0100942
2127.76,21.8947,0.0102188
2135.1,21.9704,0.0102398
2142.45,22.0574,0.0103045
2149.8,22.1405,0.0103224
2157.14,22.225,0.0103876
2164.49,22.3489,0.0104799
2171.84,22.4295,0.0105005
2179.18,22.5087,0.0105784
2186.53,22.6071,0.0106029
2193.88,22.6853,0.0106476
2201.22,22.7674,0.0106986
2208.57,22.8589,0.0107459
2215.92,22.9657,0.0107606
2223.27,23.0426,0.0108264
2230.61,23.1335,0.0108315
2237.96,23.226,0.0109125
2245.31,23.3208,0.0109888
2252.65,23.3904,0.0109807
2260.0,23.4988,0.0110693
2271.02,23.6377,0.0111059
2282.04,23.7578,0.0111946
2293.06,23.8925,0.011264
2304.08,24.0538,0.0113613
2315.1,24.1865,0.0113831
2326.12,24.3083,0.0114484
2337.14,24.4257,0.0115623
2348.16,24.5999,0.0116676
2359.18,24.7237,0.0117233
2370.2,24.859,0.0118051
2381.22,24.9871,0.0118494
2392.24,25.1157,0.0119373
2403.27,25.2602,0.0119742
2414.29,25.4073,0.0121008
2425.31,25.5167,0.0120898
2436.33,25.6822,0.0122363
2447.35,25.8348,0.012327
2458.37,25.9358,0.0123768
2469.39,26.1083,0.0124863
2480.41,26.2151,0.0124782
2491.43,26.3771,0.012617
2502.45,26.5012,0.0126613
2513.47,26.6415,0.0128051
2524.49,26.7946,0.0128773
2535.51,26.945,0.0129296
2546.53,27.0587,0.0130294
2557.55,27.1933,0.0130611
2568.57,27.3352,0.0131319
2579.59,27.4718,0.0132451
2590.61,27.6061,0.0132373
2601.63,27.745,0.0133176
2612.65,27.8761,0.0134366
2623.67,28.0409,0.0135193
2634.69,28.1538,0.0135754
2645.71,28.3204,0.0136617
2656.73,28.4513,0.0137384
2667.76,28.5816,0.0138023
2678.78,28.7435,0.0139494
2689.8,28.8344,0.0139632
2700.82,29.004,0.0140921
2711.84,29.164,0.0141686
2722.86,29.2905,0.0142629
2733.88,29.4321,0.0142978
2744.9,29.569,0.0143629
2755.92,29.6954,0.0144259
2766.94,29.8429,0.0145419
2777.96,29.9613,0.014538
2788.98,30.134,0.0147309
2800.0,30.2618,0.0147537
2814.29,30.4537,0.0147955
2828.57,30.6566,0.0149931
2842.86,30.8062,0.0150353
2857.14,31.0166,0.0152145
2871.43,31.1746,0.0152778
2885.71,31.3742,0.0153383
2900.0,31.5541,0.0154971
2914.29,31.7451,0.0155416
2928.57,31.9091,0.0156868
2942.86,32.1026,0.0157647
2957.14,32.3017,0.015857
2971.43,32.4429,0.015872
2985.71,32.6395,0.0160614
3000.0,32.8074,0.0161677
3014.29,33.0022,0.0162162
3028.57,33.2358,0.0164683
3042.86,33.3824,0.0164514
3057.14,33.5677,0.016676
3071.43,33.7546,0.0166925
3085.71,33.907,0.0167004
3100.0,34.1252,0.016862
3114.29,34.309,0.0170223
3128.57,34.5189,0.0171551
3142.86,34.6623,0.0172167
3157.14,34.8588,0.0173197
3171.43,35.0587,0.0174591
3185.71,35.21,0.0174777
3200.0,35.4212,0.0176656
3214.29,35.5938,0.0176762
3228.57,35.8035,0.0179173
3242.86,35.9785,0.0179588
3257.14,36.1593,0.0180674
3271.43,36.333,0.0181482
3285.71,36.5633,0.0183994
3300.0,36.7187,0.0183874
3314.29,36.9156,0.0186153
3328.57,37.06,0.0186807
3342.86,37.2577,0.0186797
3357.14,37.4738,0.0187721
3371.43,37.6952,0.0190181
3385.71,37.8349,0.0190707
3400.0,38.0226,0.0191395
3414.29,38.1821,0.0192116
3428.57,38.3629,0.0192784
3442.86,38.5969,0.0195477
3457.14,38.7719,0.019625
3471.43,38.9557,0.0197268
3485.71,39.1638,0.0198341
3500.0,39.3496,0.0199415
3520.41,39.6254,0.0199841
3540.82,39.8969,0.0201794
3561.22,40.1704,0.0204661
3581.63,40.4321,0.0204807
3602.04,40.6512,0.0206213
3622.45,40.9694,0.0208136
3642.86,41.1985,0.0208559
3663.27,41.5103,0.0211892
3683.67,41.7475,0.0212291
3704.08,42.0659,0.0214991
3724.49,42.3105,0.0215987
3744.9,42.5833,0.0217368
3765.31,42.8707,0.0219258
3785.71,43.1203,0.0219775
3806.12,43.3657,0.0221749
3826.53,43.6222,0.0222214
3846.94,43.9421,0.0225086
3867.35,44.2015,0.0226651
3887.76,44.4683,0.0226819
3908.16,44.75,0.0230514
3928.57,45.04,0.0232386
3948.98,45.3492,0.0234048
3969.39,45.5607,0.0235298
3989.8,45.8796,0.023697
4010.2,46.1429,0.0239346
4030.61,46.433,0.0240465
4051.02,46.6517,0.0241766
4071.43,46.9652,0.0243382
4091.84,47.2338,0.0244334
4112.24,47.478,0.0245288
4132.65,47.7563,0.0248585
4153.06,48.09,0.0249818
4173.47,48.3583,0.0251345
4193.88,48.629,0.0254651
4214.29,48.8683,0.0254301
4234.69,49.1763,0.025693
4255.1,49.4897,0.0259221
4275.51,49.6863,0.0258844
4295.92,50.0328,0.0260697
4316.33,50.2642,0.0262191
4336.73,50.5767,0.0263868
4357.14,50.8308,0.0265631
4377.55,51.0922,0.0267026
4397.96,51.4,0.0269779
4418.37,51.6754,0.0271592
4438.78,51.9286,0.0271723
4459.18,52.2051,0.0274325
4479.59,52.4747,0.0275796
4500.0,52.8049,0.0278836
4530.61,53.2106,0.0278271
4561.22,53.6195,0.0282068
4591.84,54.0685,0.0287034
4622.45,54.5182,0.0289205
4653.06,54.8703,0.0289965
4683.67,55.2668,0.0291803
4714.29,55.7314,0.0295452
4744.9,56.1714,0.0298263
4775.51,56.5151,0.0299342
4806.12,56.9768,0.0302515
4836.73,57.3855,0.0305764
4867.35,57.8498,0.0308655
4897.96,58.2807,0.0312278
4928.57,58.6545,0.0311627
4959.18,59.0728,0.0315306
4989.8,59.498,0.0317241
5020.41,59.882,0.0318955
5051.02,60.4457,0.0323745
5081.63,60.8241,0.0327887
5112.24,61.2545,0.0331212
5142.86,61.6794,0.0334174
5173.47,62.1483,0.0336935
5204.08,62.5272,0.0336917
5234.69,62.947,0.0340818
5265.31,63.376,0.0341681
5295.92,63.8188,0.0346458
5326.53,64.303,0.0350261
5357.14,64.6658,0.0349696
5387.76,65.0846,0.035064
5418.37,65.5301,0.0356022
5448.98,65.9395,0.0357917
5479.59,66.3522,0.0360684
5510.2,66.8026,0.0364433
5540.82,67.224,0.0365145
5571.43,67.644,0.036656
5602.04,68.1387,0.0372626
5632.65,68.4727,0.0373066
5663.27,68.925,0.0375469
5693.88,69.3511,0.0380048
5724.49,69.8383,0.0381361
5755.1,70.3003,0.0383747
5785.71,70.7068,0.0389565
5816.33,71.0962,0.0387988
5846.94,71.5469,0.0391124
5877.55,72.0403,0.0394252
5908.16,72.4638,0.0398514
5938.78,72.8897,0.0401075
5969.39,73.3413,0.0406145
6000.0,73.657,0.0406766
6040.82,74.3551,0.0410882
6081.63,74.9391,0.041366
6122.45,75.5253,0.041786
6163.27,76.0666,0.0417942
6204.08,76.589,0.042294
6244.9,77.2919,0.0429556
6285.71,77.8705,0.043258
6326.53,78.521,0.0436476
6367.35,79.039,0.0441443
6408.16,79.5608,0.0442144
6448.98,80.1146,0.0444432
6489.8,80.6803,0.0448607
6530.61,81.2614,0.0450262
6571.43,81.8932,0.0458638
6612.24,82.5214,0.0461053
6653.06,83.1031,0.0465365
6693.88,83.7024,0.0468382
6734.69,84.2857,0.0472321
6775.51,84.8662,0.0472598
6816.33,85.4421,0.0476214
6857.14,86.1003,0.0486022
6897.96,86.6263,0.0486782
6938.78,87.2204,0.048741
6979.59,87.8378,0.0497259
7020.41,88.4352,0.050222
7061.22,88.9543,0.0497193
7102.04,89.643,0.0509148
7142.86,90.0985,0.0507046
7183.67,90.8197,0.0513709
7224.49,91.3449,0.0518089
7265.31,91.9242,0.0517874
7306.12,92.5406,0.0528701
7346.94,93.2009,0.052926
7387.76,93.7875,0.0532754
7428.57,94.4053,0.0537915
7469.39,94.9741,0.0537208
7510.2,95.5551,0.0541041
7551.02,96.1605,0.0544787
7591.84,96.7807,0.0552034
7632.65,97.4057,0.0559693
7673.47,97.9829,0.0557902
7714.29,98.6265,0.0566933
7755.1,99.1774,0.056729
7795.92,99.8537,0.0572197
7836.73,100.467,0.0578978
7877.55,100.989,0.0579084
7918.37,101.539,0.0578821
7959.18,102.203,0.0583699
8000.0,102.803,0.0593517
8040.82,103.391,0.0594038
8081.63,104.01,0.0597293
8122.45,104.597,0.0602502
8163.27,105.242,0.0607706
8204.08,105.852,0.0611173
8244.9,106.486,0.0612679
8285.71,106.961,0.061708
8326.53,107.616,0.0619798
8367.35,108.149,0.0623389
8408.16,108.856,0.0628452
8448.98,109.447,0.0633204
8489.8,110.044,0.0641598
8530.61,110.67,0.0641125
8571.43,111.304,0.0647433
8612.24,111.901,0.0645513
8653.06,112.535,0.0656025
8693.88,113.108,0.0651301
8734.69,113.845,0.0661123
8775.51,114.428,0.0667951
8816.33,115.027,0.0676267
8857.14,115.612,0.0673047
8897.96,116.27,0.0679467
8938.78,116.807,0.0677993
8979.59,117.395,0.0690385
9020.41,118.08,0.0690324
9061.22,118.544,0.0696472
9102.04,119.204,0.0691995
9142.86,119.929,0.0707537
9183.67,120.505,0.0704883
9224.49,121.084,0.0708701
9265.31,121.633,0.0712341
9306.12,122.452,0.0721545
9346.94,123.029,0.0728697
9387.76,123.481,0.0726067
9428.57,124.26,0.0730549
9469.39,124.889,0.0739518
9510.2,125.393,0.0737851
9551.02,125.995,0.0747495
9591.84,126.622,0.0739537
9632.65,127.36,0.0758719
9673.47,127.895,0.0753011
9714.29,128.557,0.0762416
9755.1,129.091,0.0759545
9795.92,129.78,0.077262
9836.73,130.341,0.0768359
9877.55,131.104,0.0781827
9918.37,131.523,0.0773555
9959.18,132.231,0.0788979
10000.0,132.896,0.0791723
