0.0,0.0,0.0
0.000204082,0.0,0.0
0.000408163,0.0,0.0
0.000612245,0.0,0.0
0.000816327,0.0,0.0
0.00102041,0.0,0.0
0.00122449,0.0,0.0
0.00142857,0.0,0.0
0.00163265,0.0,0.0
0.00183673,0.0,0.0
0.00204082,0.0,0.0
0.0022449,0.0,0.0
0.00244898,0.0,0.0
0.00265306,0.0,0.0
0.00285714,0.0,0.0
0.00306122,0.0,0.0
0.00326531,0.0,0.0
0.00346939,0.0,0.0
0.00367347,0.0,0.0
0.00387755,0.0,0.0
0.00408163,0.0,0.0
0.00428571,0.0,0.0
0.0044898,0.0,0.0
0.00469388,0.0,0.0
0.00489796,0.0,0.0
0.00510204,0.0,0.0
0.00530612,0.0,0.0
0.0055102,0.0,0.0
0.00571429,0.0,0.0
0.00591837,0.0,0.0
0.00612245,0.0,0.0
0.00632653,0.0,0.0
0.00653061,0.0,0.0
0.00673469,0.0,0.0
0.00693878,0.0,0.0
0.00714286,0.0,0.0
0.00734694,0.0,0.0
0.00755102,0.0,0.0
0.0077551,0.0,0.0
0.00795918,0.0,0.0
0.00816327,0.0,0.0
0.00836735,0.0,0.0
0.00857143,0.0,0.0
0.00877551,0.0,0.0
0.00897959,0.0,0.0
0.00918367,0.0,0.0
0.00938776,0.0,0.0
0.00959184,0.0,0.0
0.00979592,0.0,0.0
0.01,0.0,0.0
0.0118367,0.0,0.0
0.0136735,0.0,0.0
0.0155102,0.0,0.0
0.0173469,0.0,0.0
0.0191837,0.0,0.0
0.0210204,0.0,0.0
0.0228571,0.0,0.0
0.0246939,0.0,0.0
0.0265306,0.0,0.0
0.0283673,0.0,0.0
0.0302041,0.0,0.0
0.0320408,0.0,0.0
0.0338776,0.0,0.0
0.0357143,0.0,0.0
0.037551,0.0,0.0
0.0393878,0.0,0.0
0.0412245,0.0,0.0
0.0430612,0.0,0.0
0.044898,0.0,0.0
0.0467347,0.0,0.0
0.0485714,0.0,0.0
0.0504082,0.0,0.0
0.0522449,0.0,0.0
0.0540816,0.0,0.0
0.0559184,0.0,0.0
0.0577551,0.0,0.0
0.0595918,0.0,0.0
0.0614286,0.0,0.0
0.0632653,0.0,0.0
0.065102,0.0,0.0
0.0669388,0.0,0.0
0.0687755,0.0,0.0
0.0706122,0.0,0.0
0.072449,0.0,0.0
0.0742857,0.0,0.0
0.0761224,0.0,0.0
0.0779592,0.0,0.0
0.0797959,0.0,0.0
0.0816327,0.0,0.0
0.0834694,0.0,0.0
0.0853061,0.0,0.0
0.0871429,0.0,0.0
0.0889796,0.0,0.0
0.0908163,0.0,0.0
0.0926531,0.0,0.0
0.0944898,0.0,0.0
0.0963265,0.0,0.0
0.0981633,0.0,0.0
0.1,0.0,0.0
0.102041,0.0,0.0
0.104082,0.0,0.0
0.106122,0.0,0.0
0.108163,8.77663e-16,5.50849e-19
0.110204,5.7397e-14,3.72337e-17
0.112245,6.31383e-13,4.10005e-16
0.114286,3.37889e-12,2.17507e-15
0.116327,1.21547e-11,7.72027e-15
0.118367,3.39852e-11,2.12655e-14
0.120408,8.01687e-11,4.94296e-14
0.122449,1.66756e-10,1.01144e-13
0.12449,3.14652e-10,1.8806e-13
0.126531,5.50859e-10,3.24466e-13
0.128571,9.07761e-10,5.26752e-13
0.130612,1.42265e-09,8.1481e-13
0.132653,2.14186e-09,1.21053e-12
0.134694,3.10828e-09,1.73546e-12
0.136735,4.38044e-09,2.41515e-12
0.138776,6.0137e-09,3.28025e-12
0.140816,8.074e-09,4.35399e-12
0.142857,1.06204e-08,5.6725e-12
0.144898,1.37208e-08,7.25543e-12
0.146939,1.74669e-08,9.14895e-12
0.14898,2.19115e-08,1.13741e-11
0.15102,2.70961e-08,1.39376e-11
0.153061,3.32309e-08,1.6954e-11
0.155102,4.02701e-08,2.03789e-11
0.157143,4.83677e-08,2.42823e-11
0.159184,5.755e-08,2.86444e-11
0.161224,6.79988e-08,3.36099e-11
0.163265,7.96342e-08,3.90971e-11
0.165306,9.2715e-08,4.51683e-11
0.167347,1.07278e-07,5.19299e-11
0.169388,1.23392e-07,5.93419e-11
0.171429,1.41207e-07,6.74279e-11
0.173469,1.60671e-07,7.62571e-11
0.17551,1.81992e-07,8.5822e-11
0.177551,2.05354e-07,9.62363e-11
0.179592,2.30509e-07,1.07391e-10
0.181633,2.58108e-07,1.1957e-10
0.183673,2.87676e-07,1.32475e-10
0.185714,3.19566e-07,1.46335e-10
0.187755,3.53948e-07,1.61174e-10
0.189796,3.90555e-07,1.76858e-10
0.191837,4.29782e-07,1.93643e-10
0.193878,4.71771e-07,2.11365e-10
0.195918,5.16511e-07,2.3024e-10
0.197959,5.64234e-07,2.50338e-10
0.2,6.13786e-07,2.70789e-10
0.202041,6.67833e-07,2.93123e-10
0.204082,7.23857e-07,3.16389e-10
0.206122,7.83535e-07,3.40858e-10
0.208163,8.46057e-07,3.66265e-10
0.210204,9.12123e-07,3.93082e-10
0.212245,9.81674e-07,4.21261e-10
0.214286,1.05513e-06,4.50779e-10
0.216327,1.13152e-06,4.81278e-10
0.218367,1.2115e-06,5.13206e-10
0.220408,1.29446e-06,5.45837e-10
0.222449,1.3821e-06,5.80082e-10
0.22449,1.47288e-06,6.16154e-10
0.226531,1.56817e-06,6.53403e-10
0.228571,1.66832e-06,6.92515e-10
0.230612,1.77102e-06,7.32104e-10
0.232653,1.8777e-06,7.73277e-10
0.234694,1.99007e-06,8.16169e-10
0.236735,2.10645e-06,8.60728e-10
0.238776,2.22757e-06,9.07167e-10
0.240816,2.3488e-06,9.5343e-10
0.242857,2.4791e-06,1.00253e-09
0.244898,2.61373e-06,1.0538e-09
0.246939,2.75296e-06,1.10541e-09
0.24898,2.8937e-06,1.15888e-09
0.25102,3.03886e-06,1.21264e-09
0.253061,3.19224e-06,1.26931e-09
0.255102,3.35085e-06,1.32895e-09
0.257143,3.51043e-06,1.3875e-09
0.259184,3.67627e-06,1.44864e-09
0.261224,3.85046e-06,1.51193e-09
0.263265,4.02487e-06,1.57693e-09
0.265306,4.20675e-06,1.64201e-09
0.267347,4.39134e-06,1.70971e-09
0.269388,4.58651e-06,1.78073e-09
0.271429,4.78293e-06,1.85103e-09
0.273469,4.9861e-06,1.92475e-09
0.27551,5.1889e-06,1.99788e-09
0.277551,5.40396e-06,2.07522e-09
0.279592,5.62495e-06,2.15377e-09
0.281633,5.8492e-06,2.2336e-09
0.283673,6.0732e-06,2.31228e-09
0.285714,6.31206e-06,2.3969e-09
0.287755,6.55153e-06,2.48253e-09
0.289796,6.79517e-06,2.56872e-09
0.291837,7.04574e-06,2.65699e-09
0.293878,7.30887e-06,2.74974e-09
0.295918,7.56786e-06,2.83942e-09
0.297959,7.83768e-06,2.93374e-09
0.3,8.11033e-06,3.03005e-09
0.302041,8.38861e-06,3.12621e-09
0.304082,8.67841e-06,3.2262e-09
0.306122,8.96956e-06,3.32831e-09
0.308163,9.27028e-06,3.43271e-09
0.310204,9.56882e-06,3.53412e-09
0.312245,9.88276e-06,3.64225e-09
0.314286,1.01974e-05,3.75055e-09
0.316327,1.0514e-05,3.859e-09
0.318367,1.08533e-05,3.97616e-09
0.320408,1.11836e-05,4.08912e-09
0.322449,1.15243e-05,4.20473e-09
0.32449,1.18686e-05,4.3201e-09
0.326531,1.22226e-05,4.44222e-09
0.328571,1.25764e-05,4.5634e-09
0.330612,1.29445e-05,4.68582e-09
0.332653,1.33259e-05,4.81444e-09
0.334694,1.36956e-05,4.94068e-09
0.336735,1.40775e-05,5.06853e-09
0.338776,1.44763e-05,5.20104e-09
0.340816,1.48677e-05,5.33404e-09
0.342857,1.52701e-05,5.46921e-09
0.344898,1.5683e-05,5.60439e-09
0.346939,1.60933e-05,5.74405e-09
0.34898,1.65138e-05,5.87996e-09
0.35102,1.69473e-05,6.02544e-09
0.353061,1.73931e-05,6.17375e-09
0.355102,1.78242e-05,6.31811e-09
0.357143,1.82806e-05,6.47044e-09
0.359184,1.87324e-05,6.61974e-09
0.361224,1.9202e-05,6.77578e-09
0.363265,1.96697e-05,6.9265e-09
0.365306,2.01364e-05,7.08168e-09
0.367347,2.06243e-05,7.24112e-09
0.369388,2.11092e-05,7.39945e-09
0.371429,2.16115e-05,7.56548e-09
0.373469,2.21035e-05,7.72642e-09
0.37551,2.26252e-05,7.89841e-09
0.377551,2.31306e-05,8.06467e-09
0.379592,2.3665e-05,8.23953e-09
0.381633,2.41834e-05,8.40338e-09
0.383673,2.47266e-05,8.57858e-09
0.385714,2.5278e-05,8.76162e-09
0.387755,2.58387e-05,8.94008e-09
0.389796,2.63581e-05,9.10988e-09
0.391837,2.6951e-05,9.30255e-09
0.393878,2.75158e-05,9.48346e-09
0.395918,2.80983e-05,9.66985e-09
0.397959,2.8692e-05,9.86313e-09
0.4,2.92602e-05,1.00485e-08
0.402041,2.98611e-05,1.02386e-08
0.404082,3.04618e-05,1.04338e-08
0.406122,3.10901e-05,1.06351e-08
0.408163,3.17103e-05,1.08342e-08
0.410204,3.23428e-05,1.10361e-08
0.412245,3.29554e-05,1.12318e-08
0.414286,3.36048e-05,1.14397e-08
0.416327,3.42376e-05,1.16442e-08
0.418367,3.48994e-05,1.18529e-08
0.420408,3.55657e-05,1.20672e-08
0.422449,3.62411e-05,1.22805e-08
0.42449,3.69099e-05,1.2494e-08
0.426531,3.7595e-05,1.27144e-08
0.428571,3.8301e-05,1.29276e-08
0.430612,3.89743e-05,1.31535e-08
0.432653,3.96455e-05,1.33626e-08
0.434694,4.04011e-05,1.36018e-08
0.436735,4.1108e-05,1.38267e-08
0.438776,4.18571e-05,1.40631e-08
0.440816,4.25599e-05,1.42796e-08
0.442857,4.33165e-05,1.45247e-08
0.444898,4.40671e-05,1.47572e-08
0.446939,4.48105e-05,1.49971e-08
0.44898,4.55538e-05,1.52283e-08
0.45102,4.63347e-05,1.5477e-08
0.453061,4.70975e-05,1.57192e-08
0.455102,4.78486e-05,1.59517e-08
0.457143,4.86734e-05,1.62088e-08
0.459184,4.94805e-05,1.64635e-08
0.461224,5.02873e-05,1.67142e-08
0.463265,5.10981e-05,1.69736e-08
0.465306,5.18931e-05,1.72187e-08
0.467347,5.27144e-05,1.74797e-08
0.469388,5.35603e-05,1.77304e-08
0.471429,5.44107e-05,1.80076e-08
0.473469,5.52443e-05,1.82608e-08
0.47551,5.61129e-05,1.85417e-08
0.477551,5.69371e-05,1.87975e-08
0.479592,5.78175e-05,1.90732e-08
0.481633,5.87116e-05,1.93453e-08
0.483673,5.9598e-05,1.96172e-08
0.485714,6.04771e-05,1.98996e-08
0.487755,6.13511e-05,2.01727e-08
0.489796,6.22708e-05,2.04534e-08
0.491837,6.31516e-05,2.07265e-08
0.493878,6.41065e-05,2.10198e-08
0.495918,6.49954e-05,2.12946e-08
0.497959,6.59701e-05,2.16025e-08
0.5,6.68859e-05,2.18904e-08
0.502041,6.78096e-05,2.21678e-08
0.504082,6.87777e-05,2.24654e-08
0.506122,6.98152e-05,2.27893e-08
0.508163,7.07435e-05,2.30741e-08
0.510204,7.1738e-05,2.3381e-08
0.512245,7.26579e-05,2.36705e-08
0.514286,7.36942e-05,2.39749e-08
0.516327,7.46732e-05,2.42938e-08
0.518367,7.56739e-05,2.45984e-08
0.520408,7.67271e-05,2.4925e-08
0.522449,7.76598e-05,2.52058e-08
0.52449,7.87508e-05,2.55465e-08
0.526531,7.97349e-05,2.5855e-08
0.528571,8.08409e-05,2.61886e-08
0.530612,8.18651e-05,2.64954e-08
0.532653,8.2914e-05,2.68304e-08
0.534694,8.39711e-05,2.71415e-08
0.536735,8.50409e-05,2.7475e-08
0.538776,8.61567e-05,2.78147e-08
0.540816,8.7267e-05,2.81575e-08
0.542857,8.83139e-05,2.84814e-08
0.544898,8.93779e-05,2.88045e-08
0.546939,9.05415e-05,2.91672e-08
0.54898,9.1646e-05,2.95116e-08
0.55102,9.27836e-05,2.98462e-08
0.553061,9.38531e-05,3.01678e-08
0.555102,9.50088e-05,3.05273e-08
0.557143,9.61012e-05,3.08525e-08
0.559184,9.72926e-05,3.12352e-08
0.561224,9.83884e-05,3.15606e-08
0.563265,9.9586e-05,3.19212e-08
0.565306,0.000100719,3.22701e-08
0.567347,0.000102043,3.26798e-08
0.569388,0.000103111,3.29952e-08
0.571429,0.000104305,3.33608e-08
0.573469,0.000105588,3.3757e-08
0.57551,0.000106726,3.41095e-08
0.577551,0.000108016,3.44968e-08
0.579592,0.000109119,3.48357e-08
0.581633,0.000110398,3.52172e-08
0.583673,0.000111656,3.55944e-08
0.585714,0.000112917,3.5992e-08
0.587755,0.000114107,3.63498e-08
0.589796,0.000115372,3.67375e-08
0.591837,0.000116665,3.7126e-08
0.593878,0.00011793,3.75089e-08
0.595918,0.000119172,3.7871e-08
0.597959,0.000120537,3.82999e-08
0.6,0.000121809,3.86866e-08
0.602041,0.000123022,3.90665e-08
0.604082,0.000124405,3.94815e-08
0.606122,0.000125703,3.98736e-08
0.608163,0.000127084,4.02777e-08
0.610204,0.000128316,4.06601e-08
0.612245,0.000129695,4.10703e-08
0.614286,0.000130985,4.14598e-08
0.616327,0.000132309,4.18728e-08
0.618367,0.000133677,4.22845e-08
0.620408,0.00013511,4.27022e-08
0.622449,0.000136541,4.31532e-08
0.62449,0.000137939,4.35892e-08
0.626531,0.00013919,4.39358e-08
0.628571,0.000140718,4.4392e-08
0.630612,0.000141956,4.48072e-08
0.632653,0.000143482,4.52447e-08
0.634694,0.00014483,4.56504e-08
0.636735,0.000146173,4.60573e-08
0.638776,0.00014771,4.65204e-08
0.640816,0.000149144,4.69693e-08
0.642857,0.000150585,4.74126e-08
0.644898,0.00015203,4.7827e-08
0.646939,0.000153477,4.82722e-08
0.64898,0.000154909,4.86857e-08
0.65102,0.000156439,4.91743e-08
0.653061,0.000157854,4.95939e-08
0.655102,0.000159333,5.00442e-08
0.657143,0.000160891,5.04898e-08
0.659184,0.000162341,5.09492e-08
0.661224,0.000163878,5.14085e-08
0.663265,0.000165319,5.18371e-08
0.665306,0.000166827,5.23074e-08
0.667347,0.000168386,5.27475e-08
0.669388,0.000169811,5.3185e-08
0.671429,0.000171552,5.37239e-08
0.673469,0.000172955,5.41456e-08
0.67551,0.000174596,5.46273e-08
0.677551,0.000176214,5.50984e-08
0.679592,0.000177679,5.55371e-08
0.681633,0.000179284,5.60188e-08
0.683673,0.000180806,5.64703e-08
0.685714,0.000182432,5.69766e-08
0.687755,0.000184068,5.74968e-08
0.689796,0.000185739,5.79713e-08
0.691837,0.000187286,5.84527e-08
0.693878,0.000188841,5.89091e-08
0.695918,0.000190582,5.94439e-08
0.697959,0.000192095,5.98659e-08
0.7,0.000193737,6.03907e-08
0.702041,0.000195392,6.08734e-08
0.704082,0.000197214,6.1416e-08
0.706122,0.000198574,6.1828e-08
0.708163,0.000200436,6.23904e-08
0.710204,0.000202048,6.28547e-08
0.712245,0.00020373,6.33951e-08
0.714286,0.000205374,6.3847e-08
0.716327,0.000207018,6.43611e-08
0.718367,0.000208748,6.48993e-08
0.720408,0.000210584,6.54643e-08
0.722449,0.000212209,6.59286e-08
0.72449,0.000213971,6.64557e-08
0.726531,0.000215702,6.69597e-08
0.728571,0.000217434,6.74868e-08
0.730612,0.000219126,6.80165e-08
0.732653,0.000220879,6.85579e-08
0.734694,0.000222591,6.90818e-08
0.736735,0.000224395,6.95791e-08
0.738776,0.000226214,7.01341e-08
0.740816,0.000228069,7.06803e-08
0.742857,0.000229788,7.11765e-08
0.744898,0.000231406,7.1693e-08
0.746939,0.000233288,7.22593e-08
0.74898,0.000235148,7.27987e-08
0.75102,0.000236987,7.33571e-08
0.753061,0.000238682,7.39038e-08
0.755102,0.000240563,7.44279e-08
0.757143,0.00024247,7.50019e-08
0.759184,0.000244263,7.5532e-08
0.761224,0.000246171,7.61276e-08
0.763265,0.000247899,7.66446e-08
0.765306,0.00024992,7.7224e-08
0.767347,0.000251596,7.77275e-08
0.769388,0.000253364,7.82697e-08
0.771429,0.000255266,7.88507e-08
0.773469,0.000257086,7.93814e-08
0.77551,0.000259252,8.00289e-08
0.777551,0.000261092,8.05573e-08
0.779592,0.000262942,8.10934e-08
0.781633,0.000264831,8.16807e-08
0.783673,0.000266724,8.22586e-08
0.785714,0.000268735,8.2862e-08
0.787755,0.000270807,8.35142e-08
0.789796,0.000272552,8.40364e-08
0.791837,0.000274546,8.46075e-08
0.793878,0.000276379,8.51622e-08
0.795918,0.000278549,8.58099e-08
0.797959,0.000280444,8.6367e-08
0.8,0.000282339,8.69703e-08
0.802041,0.000284475,8.7581e-08
0.804082,0.000286291,8.81073e-08
0.806122,0.00028835,8.87249e-08
0.808163,0.000290256,8.9322e-08
0.810204,0.000292365,8.99456e-08
0.812245,0.000294341,9.05197e-08
0.814286,0.00029643,9.11676e-08
0.816327,0.000298084,9.16414e-08
0.818367,0.000300221,9.2316e-08
0.820408,0.000302529,9.29662e-08
0.822449,0.000304499,9.35596e-08
0.82449,0.000306344,9.41323e-08
0.826531,0.000308609,9.48283e-08
0.828571,0.000310599,9.53778e-08
0.830612,0.000312614,9.59972e-08
0.832653,0.000314778,9.66463e-08
0.834694,0.000316974,9.72872e-08
0.836735,0.000318818,9.78102e-08
0.838776,0.000321015,9.84901e-08
0.840816,0.000323124,9.91699e-08
0.842857,0.00032519,9.97479e-08
0.844898,0.000327184,1.00375e-07
0.846939,0.000329295,1.00986e-07
0.84898,0.00033157,1.0168e-07
0.85102,0.000333745,1.0231e-07
0.853061,0.000336006,1.02989e-07
0.855102,0.000338062,1.03646e-07
0.857143,0.000340205,1.04284e-07
0.859184,0.000342339,1.0489e-07
0.861224,0.000344437,1.05547e-07
0.863265,0.000346813,1.06251e-07
0.865306,0.000348784,1.06834e-07
0.867347,0.000350945,1.0747e-07
0.869388,0.000353244,1.08208e-07
0.871429,0.000355482,1.08783e-07
0.873469,0.000357458,1.09358e-07
0.87551,0.000359906,1.10139e-07
0.877551,0.000362021,1.10762e-07
0.879592,0.000364105,1.11365e-07
0.881633,0.000366584,1.12175e-07
0.883673,0.000368996,1.12835e-07
0.885714,0.000371096,1.13526e-07
0.887755,0.000373284,1.14124e-07
0.889796,0.000375456,1.14816e-07
0.891837,0.000378029,1.15585e-07
0.893878,0.000379963,1.16136e-07
0.895918,0.000381981,1.16777e-07
0.897959,0.00038457,1.17562e-07
0.9,0.000386661,1.18159e-07
0.902041,0.00038908,1.18847e-07
0.904082,0.00039152,1.19585e-07
0.906122,0.000393503,1.20239e-07
0.908163,0.000395994,1.2096e-07
0.910204,0.000398576,1.21751e-07
0.912245,0.000400888,1.22444e-07
0.914286,0.000402958,1.2306e-07
0.916327,0.000405367,1.23776e-07
0.918367,0.000407458,1.24378e-07
0.920408,0.000410111,1.25183e-07
0.922449,0.000412268,1.25823e-07
0.92449,0.000414672,1.26546e-07
0.926531,0.000417252,1.27294e-07
0.928571,0.000419494,1.27981e-07
0.930612,0.000421917,1.28701e-07
0.932653,0.000424061,1.2934e-07
0.934694,0.00042674,1.3016e-07
0.936735,0.000429121,1.30873e-07
0.938776,0.000431389,1.31533e-07
0.940816,0.000433846,1.32289e-07
0.942857,0.000436334,1.33021e-07
0.944898,0.000438403,1.33648e-07
0.946939,0.000440943,1.34396e-07
0.94898,0.000443441,1.35237e-07
0.95102,0.000446119,1.35932e-07
0.953061,0.000448429,1.3666e-07
0.955102,0.00045055,1.3735e-07
0.957143,0.000453254,1.38184e-07
0.959184,0.000455548,1.38818e-07
0.961224,0.000458349,1.39642e-07
0.963265,0.000460886,1.40396e-07
0.965306,0.000463035,1.41022e-07
0.967347,0.000465646,1.41787e-07
0.969388,0.00046854,1.42656e-07
0.971429,0.000470595,1.43346e-07
0.973469,0.000473121,1.44058e-07
0.97551,0.000475814,1.44813e-07
0.977551,0.000478549,1.45719e-07
0.979592,0.000480917,1.46408e-07
0.981633,0.000483599,1.47205e-07
0.983673,0.000486076,1.47953e-07
0.985714,0.000488374,1.48663e-07
0.987755,0.000491049,1.49467e-07
0.989796,0.000493468,1.50168e-07
0.991837,0.000496064,1.50935e-07
0.993878,0.000498485,1.51684e-07
0.995918,0.000501318,1.52553e-07
0.997959,0.000503909,1.53275e-07
1.0,0.000506453,1.54056e-07
1.08163,0.000614659,1.86594e-07
1.16327,0.000732445,2.22099e-07
1.2449,0.000858423,2.60289e-07
1.32653,0.00099435,3.01739e-07
1.40816,0.00113729,3.45518e-07
1.4898,0.00128814,3.92027e-07
1.57143,0.00144635,4.40921e-07
1.65306,0.00161147,4.92307e-07
1.73469,0.00178484,5.46291e-07
1.81633,0.00196467,6.02913e-07
1.89796,0.00214988,6.61725e-07
1.97959,0.0023432,7.2324e-07
2.06122,0.00254156,7.8694e-07
2.14286,0.00274748,8.52637e-07
2.22449,0.00295703,9.20546e-07
2.30612,0.00317409,9.90493e-07
2.38776,0.00339579,1.06315e-06
2.46939,0.00361854,1.13666e-06
2.55102,0.00385242,1.21359e-06
2.63265,0.00408873,1.29216e-06
2.71429,0.00432947,1.37222e-06
2.79592,0.00457457,1.45388e-06
2.87755,0.0048268,1.53856e-06
2.95918,0.00508146,1.62441e-06
3.04082,0.00534215,1.71323e-06
3.12245,0.00560597,1.8026e-06
3.20408,0.00587321,1.89458e-06
3.28571,0.006144,1.98811e-06
3.36735,0.00642146,2.08396e-06
3.44898,0.00669766,2.17977e-06
3.53061,0.00698198,2.2773e-06
3.61224,0.00727365,2.3802e-06
3.69388,0.00755594,2.47906e-06
3.77551,0.00785261,2.58321e-06
3.85714,0.00815872,2.69257e-06
3.93878,0.00845642,2.7975e-06
4.02041,0.00875794,2.90358e-06
4.10204,0.00906215,3.01417e-06
4.18367,0.00938164,3.12697e-06
4.26531,0.00969899,3.24129e-06
4.34694,0.0100233,3.35844e-06
4.42857,0.0103371,3.47324e-06
4.5102,0.0106568,3.58939e-06
4.59184,0.0109797,3.70565e-06
4.67347,0.0113121,3.82887e-06
4.7551,0.0116427,3.94802e-06
4.83673,0.0119742,4.07241e-06
4.91837,0.0123177,4.19648e-06
5.0,0.01266,4.3263e-06
5.10204,0.0130828,4.48073e-06
5.20408,0.0135232,4.64448e-06
5.30612,0.0139595,4.8083e-06
5.40816,0.0143944,4.97359e-06
5.5102,0.0148402,5.13869e-06
5.61224,0.0152896,5.3109e-06
5.71429,0.0157479,5.48298e-06
5.81633,0.0161989,5.65764e-06
5.91837,0.0166557,5.82965e-06
6.02041,0.0171189,6.00953e-06
6.12245,0.0175828,6.1861e-06
6.22449,0.0180552,6.37022e-06
6.32653,0.0185255,6.55333e-06
6.42857,0.0189963,6.7337e-06
6.53061,0.0194805,6.92557e-06
6.63265,0.0199721,7.11394e-06
6.73469,0.0204572,7.30525e-06
6.83673,0.0209458,7.49778e-06
6.93878,0.0214366,7.68939e-06
7.04082,0.0219162,7.87884e-06
7.14286,0.0224214,8.07424e-06
7.2449,0.0229305,8.28062e-06
7.34694,0.0234313,8.48314e-06
7.44898,0.0239371,8.67972e-06
7.55102,0.0244647,8.89185e-06
7.65306,0.0249652,9.09057e-06
7.7551,0.0254753,9.30367e-06
7.85714,0.0259819,9.50569e-06
7.95918,0.0264982,9.71749e-06
8.06122,0.0270255,9.93085e-06
8.16327,0.0275481,1.01414e-05
8.26531,0.0280935,1.03628e-05
8.36735,0.0286324,1.05823e-05
8.46939,0.0291224,1.07845e-05
8.57143,0.029691,1.1012e-05
8.67347,0.0302162,1.12271e-05
8.77551,0.030763,1.14503e-05
8.87755,0.0312936,1.168e-05
8.97959,0.0318472,1.19047e-05
9.08163,0.0323991,1.21383e-05
9.18367,0.0329049,1.23487e-05
9.28571,0.0334855,1.25859e-05
9.38776,0.0340467,1.28184e-05
9.4898,0.0345921,1.30467e-05
9.59184,0.0351433,1.32799e-05
9.69388,0.0357154,1.35184e-05
9.79592,0.0362775,1.37517e-05
9.89796,0.0368396,1.3989e-05
10.0,0.0373984,1.4225e-05
10.2041,0.0385351,1.47119e-05
10.4082,0.0396741,1.51936e-05
10.6122,0.0408403,1.56697e-05
10.8163,0.0420093,1.61886e-05
11.0204,0.0431483,1.66808e-05
11.2245,0.0443313,1.71764e-05
11.4286,0.0455261,1.77003e-05
11.6327,0.0467355,1.82261e-05
11.8367,0.0479052,1.87416e-05
12.0408,0.0490964,1.92711e-05
12.2449,0.050313,1.98068e-05
12.449,0.0515395,2.03361e-05
12.6531,0.0527483,2.08708e-05
12.8571,0.054025,2.14318e-05
13.0612,0.0552059,2.19523e-05
13.2653,0.0564225,2.25043e-05
13.4694,0.0577321,2.30885e-05
13.6735,0.0589742,2.36364e-05
13.8776,0.0602152,2.42185e-05
14.0816,0.0615359,2.48007e-05
14.2857,0.0627301,2.53312e-05
14.4898,0.0640572,2.593e-05
14.6939,0.0652913,2.65047e-05
14.898,0.066594,2.70801e-05
15.102,0.0678716,2.76563e-05
15.3061,0.069248,2.83009e-05
15.5102,0.0705115,2.8863e-05
15.7143,0.0717916,2.94657e-05
15.9184,0.0731381,3.00878e-05
16.1224,0.0744605,3.07022e-05
16.3265,0.0757954,3.13231e-05
16.5306,0.0770536,3.19163e-05
16.7347,0.0784317,3.25473e-05
16.9388,0.0797851,3.3197e-05
17.1429,0.0810772,3.37722e-05
17.3469,0.0825208,3.44542e-05
17.551,0.0838158,3.5107e-05
17.7551,0.0851927,3.57074e-05
17.9592,0.0865627,3.6364e-05
18.1633,0.0879098,3.69842e-05
18.3673,0.0891996,3.76157e-05
18.5714,0.0905941,3.82818e-05
18.7755,0.0920356,3.89619e-05
18.9796,0.0932958,3.95512e-05
19.1837,0.0947854,4.02722e-05
19.3878,0.0961685,4.09283e-05
19.5918,0.0975463,4.15966e-05
19.7959,0.0988747,4.22109e-05
20.0,0.100364,4.29239e-05
20.4082,0.103133,4.42808e-05
20.8163,0.105935,4.55913e-05
21.2245,0.108757,4.6983e-05
21.6327,0.111632,4.83885e-05
22.0408,0.114598,4.98365e-05
22.449,0.117397,5.11699e-05
22.8571,0.120307,5.26528e-05
23.2653,0.123185,5.40565e-05
23.6735,0.126145,5.55265e-05
24.0816,0.129112,5.7026e-05
24.4898,0.132044,5.85509e-05
24.898,0.134887,5.98357e-05
25.3061,0.138011,6.14539e-05
25.7143,0.14091,6.28956e-05
26.1224,0.143974,6.45024e-05
26.5306,0.146831,6.59005e-05
26.9388,0.150014,6.75699e-05
27.3469,0.152974,6.90012e-05
27.7551,0.156033,7.06126e-05
28.1633,0.159135,7.21564e-05
28.5714,0.162236,7.37645e-05
28.9796,0.165167,7.52187e-05
29.3878,0.168343,7.69285e-05
29.7959,0.171655,7.85446e-05
30.2041,0.174462,8.01172e-05
30.6122,0.177757,8.17906e-05
31.0204,0.18077,8.33409e-05
31.4286,0.183867,8.49173e-05
31.8367,0.186949,8.6626e-05
32.2449,0.190227,8.82389e-05
32.6531,0.1933,8.98985e-05
33.0612,0.196635,9.16612e-05
33.4694,0.199873,9.34641e-05
33.8776,0.20296,9.51269e-05
34.2857,0.205996,9.65633e-05
34.6939,0.209346,9.83697e-05
35.102,0.212738,0.000100148
35.5102,0.215801,0.000101802
35.9184,0.21894,0.000103525
36.3265,0.222135,0.000105253
36.7347,0.225454,0.000106899
37.1429,0.22862,0.000108766
37.551,0.232034,0.00011049
37.9592,0.235254,0.000112196
38.3673,0.238358,0.00011381
38.7755,0.241785,0.000115672
39.1837,0.245252,0.000117723
39.5918,0.248339,0.000119364
40.0,0.251734,0.000121169
40.4082,0.255047,0.000122962
40.8163,0.258444,0.000124886
41.2245,0.26178,0.00012676
41.6327,0.265207,0.000128537
42.0408,0.268369,0.000130088
42.449,0.272031,0.000132353
42.8571,0.275079,0.000133914
43.2653,0.278339,0.000135596
43.6735,0.281902,0.000137789
44.0816,0.285138,0.000139466
44.4898,0.288589,0.000141324
44.898,0.292154,0.000143322
45.3061,0.295418,0.000145125
45.7143,0.29903,0.00014728
46.1224,0.302163,0.000148751
46.5306,0.305514,0.00015071
46.9388,0.309017,0.000152731
47.3469,0.312538,0.000154732
47.7551,0.316056,0.000156872
48.1633,0.319462,0.000158663
48.5714,0.322901,0.000160576
48.9796,0.326053,0.000162257
49.3878,0.329948,0.000164439
49.7959,0.333047,0.000165963
50.2041,0.336709,0.000168209
50.6122,0.340154,0.00017039
51.0204,0.343471,0.000171991
51.4286,0.347168,0.000174338
51.8367,0.350143,0.000175887
52.2449,0.354216,0.000178253
52.6531,0.357606,0.00018024
53.0612,0.360982,0.000182008
53.4694,0.364437,0.000183959
53.8776,0.367915,0.000185949
54.2857,0.371729,0.000188
54.6939,0.375559,0.00019055
55.102,0.378682,0.000191996
55.5102,0.38238,0.000194455
55.9184,0.385935,0.000196269
56.3265,0.389158,0.000198175
56.7347,0.393122,0.000200908
57.1429,0.396665,0.000202502
57.551,0.400418,0.000204814
57.9592,0.403582,0.000206261
58.3673,0.407341,0.000208666
58.7755,0.410997,0.000210863
59.1837,0.414288,0.000212584
59.5918,0.417737,0.000214606
60.0,0.421702,0.000217342
60.4082,0.425327,0.000219089
60.8163,0.428703,0.000221014
61.2245,0.432347,0.000223342
61.6327,0.435971,0.000225476
62.0408,0.439387,0.000227431
62.449,0.443364,0.000229237
62.8571,0.446889,0.000231269
63.2653,0.450492,0.000233277
63.6735,0.454162,0.000235923
64.0816,0.457661,0.000237781
64.4898,0.461355,0.000240073
64.898,0.464954,0.000242374
65.3061,0.468883,0.000244577
65.7143,0.472523,0.000246524
66.1224,0.476009,0.000248647
66.5306,0.480158,0.000251228
66.9388,0.483134,0.000252912
67.3469,0.486922,0.000255351
67.7551,0.490761,0.00025743
68.1633,0.494197,0.000259281
68.5714,0.497446,0.000261397
68.9796,0.501661,0.000263797
69.3878,0.505455,0.000266333
69.7959,0.509497,0.000268657
70.2041,0.513514,0.000271249
70.6122,0.516796,0.000272863
71.0204,0.520019,0.000274841
71.4286,0.524365,0.000277407
71.8367,0.527424,0.000278848
72.2449,0.530504,0.000280902
72.6531,0.536033,0.000284465
73.0612,0.53913,0.000286349
73.4694,0.542739,0.000288057
73.8776,0.547008,0.000291205
74.2857,0.550021,0.000292603
74.6939,0.554197,0.000295317
75.102,0.558056,0.000297656
75.5102,0.561357,0.000299427
75.9184,0.564995,0.000301526
76.3265,0.569265,0.000304021
76.7347,0.572671,0.000306425
77.1429,0.576676,0.00030889
77.551,0.580386,0.000310953
77.9592,0.584092,0.000313294
78.3673,0.58786,0.000315395
78.7755,0.591128,0.000317217
79.1837,0.595307,0.00032064
79.5918,0.599434,0.000323477
80.0,0.602854,0.00032456
80.4082,0.606702,0.000326963
80.8163,0.610731,0.00032978
81.2245,0.614639,0.000332265
81.6327,0.618096,0.000334033
82.0408,0.622399,0.00033657
82.449,0.625992,0.000338611
82.8571,0.62941,0.000340518
83.2653,0.633654,0.000342922
83.6735,0.637505,0.000345966
84.0816,0.640915,0.000348167
84.4898,0.644521,0.000350101
84.898,0.648581,0.000352376
85.3061,0.652621,0.000353789
85.7143,0.656192,0.000357018
86.1224,0.660454,0.000359995
86.5306,0.664261,0.00036202
86.9388,0.668367,0.000365136
87.3469,0.672092,0.000367399
87.7551,0.675303,0.000368404
88.1633,0.680033,0.000371762
88.5714,0.68335,0.000373452
88.9796,0.687607,0.000376629
89.3878,0.691341,0.000378909
89.7959,0.69553,0.000381308
90.2041,0.698724,0.000383277
90.6122,0.703296,0.000386684
91.0204,0.707011,0.000388951
91.4286,0.710908,0.000391389
91.8367,0.714358,0.000393364
92.2449,0.717478,0.000394693
92.6531,0.721657,0.000397596
93.0612,0.725976,0.000400381
93.4694,0.730759,0.000403799
93.8776,0.733718,0.000404782
94.2857,0.738345,0.00040857
94.6939,0.742013,0.000409835
95.102,0.745511,0.000412164
95.5102,0.749786,0.000414809
95.9184,0.754201,0.000417591
96.3265,0.757422,0.00041997
96.7347,0.761547,0.000422495
97.1429,0.765409,0.000425169
97.551,0.769586,0.000427529
97.9592,0.773051,0.000430252
98.3673,0.777115,0.000432074
98.7755,0.780206,0.000433427
99.1837,0.785311,0.000437403
99.5918,0.78927,0.000440444
100.0,0.792633,0.000441811
100.816,0.801214,0.000447937
101.633,0.808278,0.00045204
102.449,0.817184,0.000457244
103.265,0.824716,0.000462084
104.082,0.832132,0.00046586
104.898,0.840881,0.000473088
105.714,0.848768,0.000476023
106.531,0.856062,0.000482115
107.347,0.865166,0.00048768
108.163,0.871758,0.000491661
108.98,0.880505,0.000497486
109.796,0.88867,0.000502899
110.612,0.896372,0.000508891
111.429,0.904884,0.000513457
112.245,0.912653,0.000517288
113.061,0.920866,0.000523755
113.878,0.928741,0.000528248
114.694,0.936457,0.000533485
115.51,0.944554,0.000539307
116.327,0.953003,0.000543951
117.143,0.959178,0.000546351
117.959,0.969921,0.000555471
118.776,0.977028,0.000559407
119.592,0.985733,0.00056414
120.408,0.992659,0.000568608
121.224,1.00144,0.000574498
122.041,1.00981,0.000581416
122.857,1.01702,0.000584419
123.673,1.02502,0.00058963
124.49,1.03406,0.000595031
125.306,1.04263,0.000601826
126.122,1.05157,0.000606966
126.939,1.0584,0.000612058
127.755,1.06748,0.000616646
128.571,1.07519,0.000623348
129.388,1.08368,0.000627561
130.204,1.09158,0.000632677
131.02,1.10078,0.000640455
131.837,1.10733,0.000643561
132.653,1.11775,0.000651272
133.469,1.12518,0.000655015
134.286,1.1336,0.000659627
135.102,1.14126,0.000665845
135.918,1.14941,0.00067087
136.735,1.15761,0.000675618
137.551,1.16592,0.00068134
138.367,1.17445,0.00068855
139.184,1.18374,0.000693945
140.0,1.19073,0.000696329
140.816,1.20034,0.000705083
141.633,1.20744,0.000707855
142.449,1.21739,0.000714923
143.265,1.22614,0.000722385
144.082,1.23035,0.00072205
144.898,1.24197,0.000731648
145.714,1.24933,0.00073554
146.531,1.25784,0.000740925
147.347,1.26685,0.000748881
148.163,1.27495,0.000753297
148.98,1.28485,0.000760775
149.796,1.2925,0.000764453
150.612,1.30005,0.000770278
151.429,1.30853,0.000777082
152.245,1.31728,0.000781701
153.061,1.32523,0.000786183
153.878,1.33472,0.000794946
154.694,1.34384,0.000799215
155.51,1.35177,0.000806294
156.327,1.35888,0.000809862
157.143,1.36808,0.000816055
157.959,1.37513,0.000818353
158.776,1.38349,0.000824074
159.592,1.39329,0.000832554
160.408,1.40232,0.000839864
161.224,1.40906,0.000842824
162.041,1.42077,0.000850675
162.857,1.42865,0.00085816
163.673,1.43609,0.000861831
164.49,1.44383,0.000867574
165.306,1.4533,0.000871791
166.122,1.46114,0.000878047
166.939,1.46876,0.000880794
167.755,1.47921,0.000889319
168.571,1.48731,0.000894641
169.388,1.49621,0.00090345
170.204,1.50617,0.00090988
171.02,1.51377,0.000913011
171.837,1.52147,0.00091747
172.653,1.52887,0.000924423
173.469,1.54065,0.000931794
174.286,1.54721,0.000935314
175.102,1.55721,0.000944426
175.918,1.5652,0.000948765
176.735,1.57351,0.000953999
177.551,1.58131,0.000958953
178.367,1.59133,0.000968057
179.184,1.60124,0.000974379
180.0,1.60981,0.000980501
180.816,1.61703,0.000984252
181.633,1.62454,0.000989218
182.449,1.63165,0.000991783
183.265,1.64247,0.00100114
184.082,1.64886,0.0010038
184.898,1.66273,0.00101504
185.714,1.66936,0.00101873
186.531,1.67722,0.00102212
187.347,1.68626,0.00103316
188.163,1.69544,0.0010379
188.98,1.70395,0.00104614
189.796,1.71338,0.00105025
190.612,1.72262,0.00105537
191.429,1.73095,0.00105965
192.245,1.73954,0.00107054
193.061,1.74851,0.00107477
193.878,1.75692,0.00108005
194.694,1.76684,0.00108911
195.51,1.77243,0.00108994
196.327,1.78445,0.00109965
197.143,1.79112,0.00110202
197.959,1.80165,0.00111126
198.776,1.80795,0.00111289
199.592,1.8193,0.00112079
200.408,1.82744,0.00112962
201.224,1.83558,0.00113354
202.041,1.84569,0.00113968
202.857,1.85323,0.00114772
203.673,1.86123,0.00115133
204.49,1.87118,0.00115664
205.306,1.8805,0.00116484
206.122,1.88677,0.00116384
206.939,1.89527,0.00117505
207.755,1.90598,0.00118229
208.571,1.91459,0.00118692
209.388,1.92496,0.00119641
210.204,1.93161,0.00120105
211.02,1.94178,0.00120756
211.837,1.95075,0.00121392
212.653,1.95835,0.00121867
213.469,1.96957,0.001225
214.286,1.97948,0.00122987
215.102,1.98327,0.00123186
215.918,1.99844,0.00125195
216.735,2.00388,0.00124794
217.551,2.0135,0.00125632
218.367,2.02204,0.0012649
219.184,2.03108,0.00126789
220.0,2.039,0.00127241
221.633,2.05757,0.00128396
223.265,2.07321,0.00129889
224.898,2.09308,0.00131135
226.531,2.1111,0.00132668
228.163,2.12943,0.00133769
229.796,2.14603,0.00134851
231.429,2.16503,0.0013597
233.061,2.18388,0.00137561
234.694,2.20238,0.00139029
236.327,2.22086,0.00140445
237.959,2.23751,0.00141487
239.592,2.25602,0.00142641
241.224,2.27447,0.00144098
242.857,2.28979,0.00144763
244.49,2.30694,0.00146126
246.122,2.32651,0.00147583
247.755,2.345,0.00148769
249.388,2.36464,0.00150194
251.02,2.38129,0.00151645
252.653,2.40105,0.001533
254.286,2.41605,0.00153366
255.918,2.43808,0.00155693
257.551,2.45363,0.00156468
259.184,2.47519,0.00158447
260.816,2.49241,0.00159274
262.449,2.5112,0.00160987
264.082,2.52962,0.00162203
265.714,2.54738,0.00162818
267.347,2.566,0.00164776
268.98,2.58092,0.00165534
270.612,2.60389,0.00167849
272.245,2.62184,0.00168355
273.878,2.63927,0.00170498
275.51,2.6567,0.0017151
277.143,2.67064,0.0017125
278.776,2.69212,0.00173808
280.408,2.71079,0.00174546
282.041,2.73195,0.00176844
283.673,2.75058,0.00177795
285.306,2.76649,0.00178862
286.939,2.78926,0.00180643
288.571,2.8069,0.0018205
290.204,2.82066,0.00182939
291.837,2.84343,0.0018498
293.469,2.85914,0.00184982
295.102,2.87736,0.00186712
296.735,2.89834,0.00188726
298.367,2.91341,0.00188977
300.0,2.93528,0.00190764
301.633,2.95274,0.00192535
303.265,2.96715,0.00192895
304.898,2.99079,0.00195661
306.531,3.01056,0.00197602
308.163,3.02928,0.00197878
309.796,3.04682,0.00200187
311.429,3.06806,0.00200621
313.061,3.08587,0.00202754
314.694,3.1014,0.00203484
316.327,3.12031,0.00204264
317.959,3.14258,0.00206504
319.592,3.15868,0.00207475
321.224,3.17673,0.00208312
322.857,3.1992,0.00210327
324.49,3.21768,0.00212155
326.122,3.23271,0.00211744
327.755,3.2519,0.00213667
329.388,3.2761,0.00216636
331.02,3.291,0.00217484
332.653,3.30914,0.00218257
334.286,3.33037,0.00219871
335.918,3.35099,0.00221503
337.551,3.36525,0.00222801
339.184,3.38455,0.00224363
340.816,3.40459,0.00225978
342.449,3.42653,0.00227464
344.082,3.44359,0.00228088
345.714,3.4655,0.00230212
347.347,3.48039,0.00231811
348.98,3.5023,0.00232625
350.612,3.51988,0.00233966
352.245,3.53883,0.00235337
353.878,3.56076,0.002377
355.51,3.57902,0.00238774
357.143,3.59435,0.00240053
358.776,3.61688,0.00241132
360.408,3.63762,0.00243214
362.041,3.65286,0.00243544
363.673,3.67081,0.00244662
365.306,3.69125,0.00245994
366.939,3.71532,0.00249538
368.571,3.72655,0.00248571
370.204,3.74833,0.00251016
371.837,3.76692,0.00252735
373.469,3.78837,0.00254695
375.102,3.81075,0.00256112
376.735,3.8237,0.00256189
378.367,3.84659,0.00258083
380.0,3.86651,0.00259813
382.449,3.89071,0.00260832
384.898,3.92311,0.00264502
387.347,3.94737,0.00265241
389.796,3.97802,0.00267615
392.245,4.00731,0.0026955
394.694,4.03898,0.00272785
397.143,4.06418,0.00274915
399.592,4.10185,0.00277223
402.041,4.12818,0.00279932
404.49,4.15724,0.00282526
406.939,4.18346,0.00282148
409.388,4.21645,0.00286512
411.837,4.23666,0.00287564
414.286,4.26796,0.00288938
416.735,4.30183,0.00292778
419.184,4.32529,0.00294369
421.633,4.36064,0.00296378
424.082,4.39188,0.00300557
426.531,4.41402,0.00301359
428.98,4.44149,0.00302044
431.429,4.47578,0.00306175
433.878,4.50847,0.00308272
436.327,4.53333,0.00308303
438.776,4.56638,0.00311778
441.224,4.59775,0.00314938
443.673,4.62277,0.00316207
446.122,4.65098,0.00319828
448.571,4.68017,0.00319666
451.02,4.71324,0.00322855
453.469,4.74028,0.00324996
455.918,4.77545,0.00328347
458.367,4.80063,0.00330206
460.816,4.82501,0.00332029
463.265,4.85866,0.00333445
465.714,4.89106,0.0033712
468.163,4.91547,0.00337589
470.612,4.94773,0.00342758
473.061,4.97991,0.00343863
475.51,5.01173,0.00345075
477.959,5.04249,0.00348886
480.408,5.06164,0.0034959
482.857,5.10361,0.00352093
485.306,5.12523,0.00354004
487.755,5.15257,0.00357149
490.204,5.18861,0.00359903
492.653,5.21902,0.00363555
495.102,5.24923,0.0036546
497.551,5.28314,0.00367406
500.0,5.30646,0.00370102
502.449,5.33808,0.00370901
504.898,5.36462,0.00372766
507.347,5.39513,0.00374961
509.796,5.43094,0.00377343
512.245,5.45547,0.00380194
514.694,5.4865,0.00385322
517.143,5.51825,0.0038724
519.592,5.55052,0.00387672
522.041,5.57056,0.00389199
524.49,5.60472,0.0039145
526.939,5.63889,0.00394061
529.388,5.66713,0.00397465
531.837,5.69724,0.00399319
534.286,5.72675,0.00401676
536.735,5.76072,0.00403721
539.184,5.78522,0.00405814
541.633,5.81744,0.0040749
544.082,5.84641,0.0041117
546.531,5.87738,0.0041129
548.98,5.91229,0.00415956
551.429,5.93154,0.00415527
553.878,5.96663,0.00419164
556.327,5.99631,0.00418981
558.776,6.03135,0.00425025
561.224,6.05433,0.00425244
563.673,6.08363,0.00426748
566.122,6.12288,0.00433129
568.571,6.15145,0.00433168
571.02,6.18359,0.00439236
573.469,6.20461,0.00435613
575.918,6.24663,0.00442394
578.367,6.27381,0.00444591
580.816,6.29795,0.0044728
583.265,6.32627,0.00446607
585.714,6.36508,0.00450416
588.163,6.39384,0.00452998
590.612,6.42023,0.00454639
593.061,6.45623,0.00459189
595.51,6.48009,0.00458556
597.959,6.53054,0.00465194
600.408,6.54132,0.00465183
602.857,6.58471,0.00467334
605.306,6.60925,0.00470396
607.755,6.64798,0.0047413
610.204,6.66196,0.004754
612.653,6.70716,0.00478154
615.102,6.72846,0.00479719
617.551,6.75893,0.00481321
620.0,6.7883,0.0048328
622.449,6.82479,0.0048552
624.898,6.8459,0.00485948
627.347,6.89142,0.00493639
629.796,6.911,0.00493821
632.245,6.95048,0.0049589
634.694,6.98084,0.00498931
637.143,7.0098,0.00503924
639.592,7.0496,0.00503886
642.041,7.07594,0.00505832
644.49,7.09433,0.00504692
646.939,7.13341,0.00509615
649.388,7.16466,0.0051485
651.837,7.18127,0.00513804
654.286,7.2206,0.00517434
656.735,7.25602,0.00522095
659.184,7.28317,0.00522326
661.633,7.30559,0.00522086
664.082,7.34955,0.00528035
666.531,7.37764,0.00532041
668.98,7.40864,0.00531491
671.429,7.44059,0.00533182
673.878,7.4745,0.00537317
676.327,7.50594,0.00538425
678.776,7.53894,0.00544831
681.224,7.56456,0.00542316
683.673,7.59222,0.0054824
686.122,7.63053,0.00551559
688.571,7.66188,0.00551951
691.02,7.68784,0.0055275
693.469,7.71294,0.00552711
695.918,7.7562,0.00557912
698.367,7.78991,0.00565561
700.816,7.81108,0.00563198
703.265,7.84361,0.0056753
705.714,7.87662,0.00570354
708.163,7.91132,0.00571748
710.612,7.92816,0.00570806
713.061,7.96614,0.00574807
715.51,7.99103,0.0057824
717.959,8.02623,0.00579046
720.408,8.06281,0.00586233
722.857,8.10275,0.00592367
725.306,8.12647,0.00587563
727.755,8.14556,0.00588554
730.204,8.18335,0.00592455
732.653,8.22728,0.00600433
735.102,8.25332,0.00601739
737.551,8.29448,0.00605442
740.0,8.31685,0.00604966
743.265,8.35706,0.00606
746.531,8.38722,0.00608393
749.796,8.4389,0.00613481
753.061,8.49099,0.00621801
756.327,8.53233,0.00622562
759.592,8.56279,0.00626048
762.857,8.60827,0.00627776
766.122,8.64996,0.00630144
769.388,8.69531,0.0063641
772.653,8.74267,0.00638248
775.918,8.78116,0.00640238
779.184,8.81468,0.00639788
782.449,8.85545,0.0065075
785.714,8.90379,0.00652313
788.98,8.94501,0.00653584
792.245,8.97834,0.00656784
795.51,9.01986,0.0066396
798.776,9.07983,0.00668945
802.041,9.11501,0.00668705
805.306,9.16498,0.0067407
808.571,9.20162,0.00675378
811.837,9.24415,0.0068097
815.102,9.28634,0.00681779
818.367,9.32597,0.00687107
821.633,9.37371,0.00692412
824.898,9.42447,0.00697554
828.163,9.45358,0.00695293
831.429,9.49465,0.00696909
834.694,9.53567,0.00705001
837.959,9.56871,0.00704816
841.224,9.61742,0.00710719
844.49,9.66104,0.00711201
847.755,9.71639,0.00717617
851.02,9.75396,0.00719291
854.286,9.79724,0.00727437
857.551,9.83493,0.00727072
860.816,9.88379,0.00731287
864.082,9.92426,0.00734968
867.347,9.96901,0.00740175
870.612,10.01,0.00742908
873.878,10.0429,0.00741984
877.143,10.0831,0.00746695
880.408,10.1318,0.00747819
883.673,10.171,0.00754719
886.939,10.2254,0.00760741
890.204,10.2709,0.00761687
893.469,10.3105,0.00767555
896.735,10.3522,0.00773134
900.0,10.4041,0.00777145
903.265,10.44,0.00776417
906.531,10.4711,0.0078222
909.796,10.5217,0.00783024
913.061,10.5631,0.00793591
916.327,10.6026,0.00793681
919.592,10.6394,0.00787025
922.857,10.6875,0.00795566
926.122,10.7364,0.00804808
929.388,10.7812,0.00803082
932.653,10.8174,0.00809961
935.918,10.8503,0.00811142
939.184,10.9075,0.00817227
942.449,10.9502,0.00825286
945.714,10.9789,0.00811085
948.98,11.031,0.0082646
952.245,11.0859,0.00829568
955.51,11.1123,0.00827932
958.776,11.1758,0.00842803
962.041,11.2096,0.00841401
965.306,11.2543,0.00842771
968.571,11.2905,0.00853426
971.837,11.3478,0.00858983
975.102,11.3695,0.00854174
978.367,11.4121,0.00857215
981.633,11.4744,0.00859428
984.898,11.5104,0.00867247
988.163,11.5521,0.00863527
991.429,11.5895,0.00869478
994.694,11.6378,0.00871985
997.959,11.6678,0.00874948
1001.22,11.7303,0.0088198
1004.49,11.7652,0.00879979
1007.76,11.8073,0.00892775
1011.02,11.8442,0.00897292
1014.29,11.916,0.00905037
1017.55,11.9365,0.00902525
1020.82,12.0059,0.00907999
1024.08,12.0086,0.0089509
1027.35,12.0851,0.00912384
1030.61,12.114,0.0091072
1033.88,12.1619,0.00916552
1037.14,12.2079,0.00923099
1040.41,12.2453,0.00925584
1043.67,12.2828,0.00926822
1046.94,12.3354,0.00933504
1050.2,12.3941,0.00941664
1053.47,12.4132,0.00941226
1056.73,12.4528,0.00946094
1060.0,12.5132,0.00951115
1064.9,12.5739,0.00951275
1069.8,12.6296,0.00955396
1074.69,12.6958,0.00961814
1079.59,12.7818,0.0096914
1084.49,12.8459,0.00970512
1089.39,12.8863,0.00974317
1094.29,12.9787,0.00978403
1099.18,13.0346,0.00988707
1104.08,13.1178,0.010035
1108.98,13.18,0.0100434
1113.88,13.2275,0.0100682
1118.78,13.3012,0.0100877
1123.67,13.3644,0.0101013
1128.57,13.4242,0.0102216
1133.47,13.5093,0.0103452
1138.37,13.5677,0.0104052
1143.27,13.6316,0.0105061
1148.16,13.6882,0.0104556
1153.06,13.7672,0.0105738
1157.96,13.8165,0.0104791
1162.86,13.8827,0.010542
1167.76,13.968,0.0106921
1172.65,14.0189,0.0107169
1177.55,14.079,0.0107519
1182.45,14.1545,0.0108182
1187.35,14.2139,0.0108276
1192.24,14.2973,0.0109142
1197.14,14.3476,0.0110561
1202.04,14.425,0.0110269
1206.94,14.4963,0.0111254
1211.84,14.5559,0.0112322
1216.73,14.6177,0.0112525
1221.63,14.6868,0.0112754
1226.53,14.7669,0.0114461
1231.43,14.8326,0.0115026
1236.33,14.8677,0.0114001
1241.22,14.954,0.0116498
1246.12,15.0259,0.0116099
1251.02,15.0776,0.011517
1255.92,15.1374,0.0116139
1260.82,15.2016,0.0116977
1265.71,15.2663,0.0116978
1270.61,15.3461,0.0118261
1275.51,15.3994,0.0118513
1280.41,15.496,0.0121134
1285.31,15.5387,0.0119666
1290.2,15.6294,0.0121087
1295.1,15.7005,0.0121143
1300.0,15.7439,0.0122337
1304.9,15.8067,0.0122103
1309.8,15.8881,0.0123915
1314.69,15.9545,0.0124006
1319.59,16.0151,0.0123561
1324.49,16.0908,0.0124942
1329.39,16.1746,0.0126
1334.29,16.199,0.0125955
1339.18,16.3014,0.012696
1344.08,16.3377,0.0126195
1348.98,16.4357,0.0128048
1353.88,16.5207,0.0127628
1358.78,16.5596,0.0128137
1363.67,16.6385,0.0130322
1368.57,16.6719,0.0129607
1373.47,16.7668,0.0130481
1378.37,16.8388,0.0131651
1383.27,16.8982,0.0131683
1388.16,16.9481,0.0133613
1393.06,17.0445,0.013353
1397.96,17.0973,0.0133092
1402.86,17.1846,0.0133986
1407.76,17.2616,0.0135196
1412.65,17.3083,0.0135382
1417.55,17.3725,0.0135838
1422.45,17.4404,0.0135291
1427.35,17.5223,0.0138092
1432.24,17.5799,0.0136887
1437.14,17.6126,0.0137049
1442.04,17.7152,0.013844
1446.94,17.7788,0.013944
1451.84,17.8386,0.0138943
1456.73,17.9195,0.0139715
1461.63,17.9752,0.0140988
1466.53,18.0665,0.014079
1471.43,18.1581,0.0143284
1476.33,18.1753,0.0142477
1481.22,18.2536,0.0144223
1486.12,18.3141,0.0142644
1491.02,18.3749,0.0142579
1495.92,18.468,0.0144613
1500.82,18.5135,0.0146427
1505.71,18.5692,0.0145083
1510.61,18.6671,0.0146883
1515.51,18.7072,0.0145571
1520.41,18.8184,0.014882
1525.31,18.8584,0.0148248
1530.2,18.907,0.0147861
1535.1,18.9739,0.0149149
1540.0,19.0632,0.0149047
1547.35,19.1803,0.0151702
1554.69,19.2633,0.0151911
1562.04,19.3917,0.0154127
1569.39,19.4822,0.0154896
1576.73,19.6034,0.0155756
1584.08,19.6698,0.015546
1591.43,19.7839,0.0157202
1598.78,19.8814,0.0156467
1606.12,20.0138,0.0158565
1613.47,20.0739,0.0157795
1620.82,20.1936,0.0159611
1628.16,20.3115,0.0160913
1635.51,20.4052,0.0162754
1642.86,20.4863,0.0161122
1650.2,20.6006,0.0162787
1657.55,20.6981,0.0164753
1664.9,20.787,0.0165044
1672.24,20.9028,0.0163871
1679.59,21.0155,0.0167865
1686.94,21.11,0.01688
1694.29,21.2433,0.0169122
1701.63,21.3237,0.0168773
1708.98,21.4474,0.0170855
1716.33,21.5468,0.0172433
1723.67,21.6179,0.016995
1731.02,21.7703,0.0174427
1738.37,21.8533,0.0175126
1745.71,21.9591,0.0174946
1753.06,22.0305,0.0173962
1760.41,22.1801,0.0176143
1767.76,22.2686,0.0179283
1775.1,22.3706,0.0178691
1782.45,22.4615,0.017996
1789.8,22.553,0.0179783
1797.14,22.6575,0.0182716
1804.49,22.7905,0.0181281
1811.84,22.8642,0.0181742
1819.18,22.9478,0.0181935
1826.53,23.1179,0.0188289
1833.88,23.2164,0.0186879
1841.22,23.2731,0.018612
1848.57,23.3871,0.0186195
1855.92,23.5211,0.0187717
1863.27,23.6406,0.0191414
1870.61,23.6705,0.0188811
1877.96,23.8149,0.0190434
1885.31,23.9446,0.0193205
1892.65,24.0511,0.0192835
1900.0,24.1334,0.0192885
1907.35,24.2823,0.0195305
1914.69,24.3349,0.01958
1922.04,24.4854,0.0197343
1929.39,24.566,0.0197139
1936.73,24.6677,0.0197395
1944.08,24.7433,0.0197767
1951.43,24.8203,0.0199073
1958.78,24.9658,0.0201835
1966.12,25.0948,0.0202602
1973.47,25.1524,0.0202503
1980.82,25.3257,0.0205257
1988.16,25.3975,0.0207695
1995.51,25.4703,0.0204537
2002.86,25.6329,0.020885
2010.2,25.7395,0.0207028
2017.55,25.8313,0.0210433
2024.9,25.9229,0.0211432
2032.24,26.0228,0.0209931
2039.59,26.1482,0.0211171
2046.94,26.2397,0.0211664
2054.29,26.3539,0.0214794
2061.63,26.4483,0.0214161
2068.98,26.5147,0.0212892
2076.33,26.6548,0.021373
2083.67,26.7924,0.0218574
2091.02,26.8464,0.0215736
2098.37,26.9797,0.021755
2105.71,27.091,0.0218393
2113.06,27.1737,0.0222279
2120.41,27.3128,0.0221578
2127.76,27.4061,0.0222375
2135.1,27.5382,0.0223892
2142.45,27.6285,0.0224856
2149.8,27.734,0.0224874
2157.14,27.8413,0.0226174
2164.49,27.9513,0.0228083
2171.84,28.0634,0.023046
2179.18,28.1701,0.0232413
2186.53,28.3026,0.0232188
2193.88,28.3666,0.0231768
2201.22,28.4512,0.0230408
2208.57,28.5634,0.0230647
2215.92,28.6781,0.0234345
2223.27,28.7924,0.0234541
2230.61,28.8953,0.0236969
2237.96,28.9581,0.0234721
2245.31,29.1322,0.0242307
2252.65,29.2467,0.0239537
2260.0,29.3266,0.0240321
2271.02,29.4126,0.024212
2282.04,29.6337,0.0240467
2293.06,29.8018,0.0244423
2304.08,29.9086,0.0244976
2315.1,30.1707,0.0250194
2326.12,30.2702,0.0247171
2337.14,30.3984,0.0249245
2348.16,30.5889,0.0249727
2359.18,30.7572,0.0253314
2370.2,30.9697,0.025411
2381.22,31.1022,0.0258264
2392.24,31.2107,0.0252798
2403.27,31.3794,0.0255636
2414.29,31.5697,0.0259669
2425.31,31.7178,0.026176
2436.33,31.9214,0.0265137
2447.35,32.046,0.0266739
2458.37,32.2206,0.0265802
2469.39,32.4171,0.0267548
2480.41,32.5432,0.0268269
2491.43,32.6748,0.0269163
2502.45,32.8902,0.0271857
2513.47,33.0371,0.0273932
2524.49,33.1284,0.0274682
2535.51,33.3356,0.0274563
2546.53,33.4632,0.0274438
2557.55,33.6443,0.0277195
2568.57,33.8657,0.0282716
2579.59,33.9765,0.0282094
2590.61,34.1366,0.0281298
2601.63,34.2897,0.0285157
2612.65,34.4709,0.0284527
2623.67,34.6645,0.0287793
2634.69,34.824,0.0291331
2645.71,34.9783,0.0294937
2656.73,35.1208,0.0294309
2667.76,35.301,0.029607
2678.78,35.468,0.0295338
2689.8,35.6321,0.0296918
2700.82,35.7568,0.0299026
2711.84,35.9234,0.0302186
2722.86,36.1069,0.0299101
2733.88,36.2575,0.0305829
2744.9,36.4351,0.0305981
2755.92,36.5822,0.0302819
2766.94,36.7572,0.0304421
2777.96,36.9129,0.0306635
2788.98,37.0915,0.0314627
2800.0,37.2395,0.0315033
2814.29,37.4138,0.031529
2828.57,37.636,0.031422
2842.86,37.8866,0.031357
2857.14,38.0599,0.0317977
2871.43,38.3774,0.0327972
2885.71,38.5459,0.0320593
2900.0,38.7391,0.0321222
2914.29,38.954,0.0330499
2928.57,39.147,0.0330514
2942.86,39.3094,0.0333718
2957.14,39.5598,0.0334491
2971.43,39.7426,0.033208
2985.71,40.036,0.0335326
3000.0,40.2347,0.0340006
3014.29,40.4651,0.0340572
3028.57,40.6122,0.0341738
3042.86,40.8657,0.0342535
3057.14,41.0851,0.0346391
3071.43,41.3154,0.0350016
3085.71,41.5199,0.0351212
3100.0,41.7093,0.0358757
3114.29,41.9543,0.0359875
3128.57,42.128,0.0350828
3142.86,42.4415,0.0361706
3157.14,42.5952,0.0361457
3171.43,42.7972,0.036108
3185.71,43.0266,0.0363285
3200.0,43.2397,0.0365588
3214.29,43.4718,0.0372796
3228.57,43.6027,0.0372869
3242.86,43.8292,0.0370081
3257.14,43.933,0.0365229
3271.43,44.2871,0.0378525
3285.71,44.4734,0.0374258
3300.0,44.7082,0.0383471
3314.29,44.9065,0.0381001
3328.57,45.1746,0.0384504
3342.86,45.3848,0.0390562
3357.14,45.5697,0.0385872
3371.43,45.8017,0.0385506
3385.71,46.004,0.038838
3400.0,46.1827,0.0386689
3414.29,46.5378,0.0393856
3428.57,46.6557,0.0407981
3442.86,46.8784,0.0402754
3457.14,47.0788,0.0398774
3471.43,47.2669,0.0401782
3485.71,47.563,0.0407197
3500.0,47.7669,0.0417279
3520.41,48.0186,0.0408211
3540.82,48.3398,0.0414309
3561.22,48.61,0.0413111
3581.63,48.9518,0.0417878
3602.04,49.3275,0.0423434
3622.45,49.5739,0.0427371
3642.86,49.9443,0.042451
3663.27,50.2552,0.0431842
3683.67,50.5333,0.0430635
3704.08,50.8185,0.0428805
3724.49,51.1926,0.044891
3744.9,51.5402,0.0440687
3765.31,51.7454,0.0439128
3785.71,52.0795,0.0447068
3806.12,52.3603,0.0445117
3826.53,52.7217,0.0454237
3846.94,52.9991,0.045513
3867.35,53.2998,0.0456423
3887.76,53.575,0.0453457
3908.16,53.9225,0.0466856
3928.57,54.2815,0.0466918
3948.98,54.6699,0.0469512
3969.39,54.9715,0.048113
3989.8,55.2068,0.0478522
4010.2,55.5104,0.0487044
4030.61,55.7522,0.0478824
4051.02,56.096,0.0479194
4071.43,56.4343,0.0488987
4091.84,56.7887,0.0491033
4112.24,57.0536,0.0496056
4132.65,57.509,0.0507364
4153.06,57.767,0.0505001
4173.47,58.0441,0.0507483
4193.88,58.2922,0.0497492
4214.29,58.666,0.0504913
4234.69,58.9528,0.0510429
4255.1,59.2796,0.0512334
4275.51,59.6072,0.051887
4295.92,59.8248,0.0515291
4316.33,60.2491,0.0521636
4336.73,60.605,0.0532733
4357.14,60.8586,0.0523657
4377.55,61.2444,0.0551139
4397.96,61.4892,0.0527202
4418.37,61.8829,0.0538139
4438.78,62.2908,0.0549404
4459.18,62.409,0.0532672
4479.59,62.7539,0.0546585
4500.0,63.1059,0.0557501
4530.61,63.6064,0.0559152
4561.22,64.0855,0.0562982
4591.84,64.5285,0.0556299
4622.45,64.9604,0.0559679
4653.06,65.5383,0.0569769
4683.67,65.9599,0.0574398
4714.29,66.4622,0.0577396
4744.9,66.9772,0.0592148
4775.51,67.2951,0.0576872
4806.12,67.813,0.0595994
4836.73,68.4172,0.061114
4867.35,68.8637,0.0599691
4897.96,69.2853,0.0605579
4928.57,69.8026,0.0604152
4959.18,70.2889,0.0621883
4989.8,70.6983,0.0623652
5020.41,71.1855,0.062457
5051.02,71.7064,0.0637789
5081.63,72.1606,0.064084
5112.24,72.7967,0.0646533
5142.86,73.1764,0.0656369
5173.47,73.6334,0.0657882
5204.08,74.0374,0.0653233
5234.69,74.5361,0.065826
5265.31,75.0826,0.0667529
5295.92,75.5278,0.0672295
5326.53,76.1208,0.0670072
5357.14,76.5922,0.0673182
5387.76,77.0753,0.0693229
5418.37,77.5519,0.0700199
5448.98,78.0792,0.0696457
5479.59,78.5666,0.0700971
5510.2,78.9652,0.0701073
5540.82,79.2788,0.0699062
5571.43,79.923,0.0705615
5602.04,80.282,0.0703697
5632.65,80.9307,0.0710813
5663.27,81.3955,0.0723831
5693.88,81.9616,0.073887
5724.49,82.3148,0.0724735
5755.1,82.8667,0.0730265
5785.71,83.4405,0.0739244
5816.33,83.9473,0.0747716
5846.94,84.3578,0.0746934
5877.55,84.741,0.0757567
5908.16,85.2101,0.0748225
5938.78,85.7568,0.0752488
5969.39,86.209,0.0768896
6000.0,86.7889,0.0767823
6040.82,87.179,0.0780334
6081.63,88.0203,0.0793042
6122.45,88.7207,0.0786714
6163.27,89.1945,0.0787879
6204.08,90.0514,0.0814943
6244.9,90.6315,0.0810268
6285.71,91.309,0.0828122
6326.53,91.923,0.0809923
6367.35,92.6324,0.0825247
6408.16,93.4198,0.0851393
6448.98,93.7958,0.0837874
6489.8,94.5379,0.0844662
6530.61,95.2865,0.0867509
6571.43,95.9506,0.0869344
6612.24,96.455,0.0869663
6653.06,97.0909,0.0871136
6693.88,97.9542,0.0889427
6734.69,98.6828,0.0888875
6775.51,99.1243,0.0906874
6816.33,99.7232,0.0887036
6857.14,100.561,0.0927343
6897.96,101.008,0.0906344
6938.78,101.802,0.0913475
6979.59,102.481,0.0941812
7020.41,103.053,0.0931502
7061.22,103.935,0.0939428
7102.04,104.429,0.0949146
7142.86,105.207,0.0954838
7183.67,105.861,0.0982137
7224.49,106.593,0.0980752
7265.31,106.959,0.096938
7306.12,107.677,0.0966818
7346.94,108.484,0.0996316
7387.76,108.973,0.0995314
7428.57,109.826,0.100939
7469.39,110.419,0.0991715
7510.2,111.087,0.100751
7551.02,111.663,0.101976
7591.84,112.585,0.101184
7632.65,113.107,0.105369
7673.47,113.699,0.102361
7714.29,114.311,0.10392
7755.1,115.035,0.105959
7795.92,115.826,0.104994
7836.73,116.48,0.107821
7877.55,117.201,0.105134
7918.37,117.73,0.110293
7959.18,118.33,0.107799
8000.0,119.096,0.109575
8040.82,119.632,0.10967
8081.63,120.424,0.110173
8122.45,121.164,0.111184
8163.27,121.695,0.111083
8204.08,122.653,0.113474
8244.9,123.364,0.113225
8285.71,123.952,0.112691
8326.53,124.464,0.113953
8367.35,125.098,0.114759
8408.16,125.778,0.116627
8448.98,126.316,0.116759
8489.8,127.221,0.114446
8530.61,127.963,0.118468
8571.43,128.381,0.119618
8612.24,129.135,0.122285
8653.06,129.752,0.11917
8693.88,130.73,0.121726
8734.69,131.162,0.121379
8775.51,132.051,0.122606
8816.33,132.749,0.124549
8857.14,133.174,0.121515
8897.96,134.028,0.125217
8938.78,134.534,0.126347
8979.59,135.464,0.124594
9020.41,136.062,0.125646
9061.22,136.706,0.124744
9102.04,137.318,0.126967
9142.86,137.884,0.128403
9183.67,138.531,0.125799
9224.49,139.328,0.128111
9265.31,139.811,0.130892
9306.12,140.788,0.130207
9346.94,141.446,0.131242
9387.76,142.086,0.130258
9428.57,142.536,0.129744
9469.39,143.385,0.130932
9510.2,144.001,0.132428
9551.02,144.78,0.135795
9591.84,145.429,0.132899
9632.65,146.078,0.135643
9673.47,146.738,0.136271
9714.29,147.531,0.138815
9755.1,148.268,0.138674
9795.92,148.863,0.139656
9836.73,149.417,0.13686
9877.55,150.596,0.141743
9918.37,150.911,0.13897
9959.18,151.507,0.140531
10000.0,152.066,0.140944
