0.01,0.0,0.0
0.02,0.0,0.0
0.03,0.0,0.0
0.04,0.0,0.0
0.05,0.0,0.0
0.06,0.0,0.0
0.07,0.0,0.0
0.08,0.0,0.0
0.09,0.0,0.0
0.1,0.0,0.0
0.111111,0.0,0.0
0.122222,0.0,0.0
0.133333,0.0,0.0
0.144444,0.0,0.0
0.155556,0.0,0.0
0.166667,0.0,0.0
0.177778,0.0,0.0
0.188889,0.0,0.0
0.2,0.0,0.0
0.211111,0.0,0.0
0.222222,5.36589e-14,4.37006e-17
0.233333,2.42393e-12,1.90495e-15
0.244444,2.05884e-11,1.53928e-14
0.255556,8.95388e-11,6.4263e-14
0.266667,2.71371e-10,1.87962e-13
0.277778,6.57484e-10,4.40361e-13
0.288889,1.37049e-09,8.91748e-13
0.3,2.55936e-09,1.61738e-12
0.311111,4.40733e-09,2.70861e-12
0.322222,7.11367e-09,4.26207e-12
0.333333,1.08967e-08,6.36066e-12
0.344444,1.60492e-08,9.14171e-12
0.355556,2.28039e-08,1.26843e-11
0.366667,3.14654e-08,1.71095e-11
0.377778,4.22957e-08,2.25219e-11
0.388889,5.56691e-08,2.90103e-11
0.4,7.18556e-08,3.66979e-11
0.411111,9.12211e-08,4.57292e-11
0.422222,1.14184e-07,5.62206e-11
0.433333,1.40978e-07,6.81736e-11
0.444444,1.71812e-07,8.17015e-11
0.455556,2.0753e-07,9.71246e-11
0.466667,2.47959e-07,1.14219e-10
0.477778,2.93896e-07,1.3344e-10
0.488889,3.45354e-07,1.54495e-10
0.5,4.02988e-07,1.77814e-10
0.511111,4.66397e-07,2.03073e-10
0.522222,5.37054e-07,2.3093e-10
0.533333,6.14859e-07,2.61105e-10
0.544444,7.00003e-07,2.93673e-10
0.555556,7.91589e-07,3.28206e-10
0.566667,8.9339e-07,3.66392e-10
0.577778,1.00216e-06,4.06561e-10
0.588889,1.12016e-06,4.49807e-10
0.6,1.24747e-06,4.95731e-10
0.611111,1.38324e-06,5.44318e-10
0.622222,1.52917e-06,5.96232e-10
0.633333,1.68437e-06,6.5054e-10
0.644444,1.85168e-06,7.09298e-10
0.655556,2.02951e-06,7.70171e-10
0.666667,2.21644e-06,8.34384e-10
0.677778,2.41379e-06,9.01636e-10
0.688889,2.62561e-06,9.72583e-10
0.7,2.84443e-06,1.04598e-09
0.711111,3.07951e-06,1.12398e-09
0.722222,3.32604e-06,1.20498e-09
0.733333,3.58391e-06,1.29002e-09
0.744444,3.85533e-06,1.37744e-09
0.755556,4.1385e-06,1.46899e-09
0.766667,4.43532e-06,1.56413e-09
0.777778,4.74804e-06,1.66385e-09
0.788889,5.06766e-06,1.76431e-09
0.8,5.40593e-06,1.87099e-09
0.811111,5.75576e-06,1.98031e-09
0.822222,6.12261e-06,2.09486e-09
0.833333,6.50255e-06,2.21249e-09
0.844444,6.89613e-06,2.33309e-09
0.855556,7.30571e-06,2.45915e-09
0.866667,7.72812e-06,2.58656e-09
0.877778,8.16631e-06,2.72157e-09
0.888889,8.62676e-06,2.85979e-09
0.9,9.0912e-06,2.99809e-09
0.911111,9.5796e-06,3.14498e-09
0.922222,1.00809e-05,3.29415e-09
0.933333,1.05958e-05,3.4466e-09
0.944444,1.11252e-05,3.6034e-09
0.955556,1.1678e-05,3.76499e-09
0.966667,1.22424e-05,3.93121e-09
0.977778,1.28262e-05,4.10298e-09
0.988889,1.34265e-05,4.27762e-09
1.0,1.40351e-05,4.45332e-09
1.08163,1.90632e-05,5.88666e-09
1.16327,2.50633e-05,7.5613e-09
1.2449,3.20323e-05,9.47235e-09
1.32653,4.00016e-05,1.16165e-08
1.40816,4.8991e-05,1.40063e-08
1.4898,5.90381e-05,1.66498e-08
1.57143,7.01426e-05,1.95319e-08
1.65306,8.22675e-05,2.26519e-08
1.73469,9.5493e-05,2.60224e-08
1.81633,0.000109719,2.96333e-08
1.89796,0.00012506,3.34985e-08
1.97959,0.000141491,3.76157e-08
2.06122,0.000158921,4.19706e-08
2.14286,0.000177427,4.65489e-08
2.22449,0.000196933,5.1378e-08
2.30612,0.000217481,5.64428e-08
2.38776,0.000239088,6.17574e-08
2.46939,0.000261884,6.7363e-08
2.55102,0.000285573,7.31432e-08
2.63265,0.000310108,7.9136e-08
2.71429,0.000335899,8.54473e-08
2.79592,0.000362465,9.18952e-08
2.87755,0.000390258,9.86684e-08
2.95918,0.000418774,1.05601e-07
3.04082,0.000448276,1.12716e-07
3.12245,0.000478772,1.20134e-07
3.20408,0.00051035,1.27802e-07
3.28571,0.000542576,1.3562e-07
3.36735,0.000575967,1.43673e-07
3.44898,0.00061041,1.52066e-07
3.53061,0.000645277,1.60465e-07
3.61224,0.000681112,1.69165e-07
3.69388,0.000718284,1.78157e-07
3.77551,0.000755868,1.87285e-07
3.85714,0.000794739,1.96706e-07
3.93878,0.000834293,2.06275e-07
4.02041,0.000874883,2.16182e-07
4.10204,0.000916345,2.26127e-07
4.18367,0.000958033,2.36305e-07
4.26531,0.00100047,2.46537e-07
4.34694,0.00104468,2.57413e-07
4.42857,0.00108938,2.68156e-07
4.5102,0.00113463,2.79155e-07
4.59184,0.00118084,2.90353e-07
4.67347,0.00122802,3.01983e-07
4.7551,0.00127579,3.13629e-07
4.83673,0.00132355,3.25218e-07
4.91837,0.00137369,3.37481e-07
5.0,0.00142303,3.49302e-07
5.10204,0.00148637,3.64923e-07
5.20408,0.00155169,3.80893e-07
5.30612,0.00161765,3.97045e-07
5.40816,0.00168449,4.13361e-07
5.5102,0.00175245,4.30142e-07
5.61224,0.00182232,4.47134e-07
5.71429,0.00189185,4.6443e-07
5.81633,0.00196377,4.82136e-07
5.91837,0.00203585,4.99943e-07
6.02041,0.00210944,5.18157e-07
6.12245,0.00218403,5.36379e-07
6.22449,0.00226053,5.55381e-07
6.32653,0.0023362,5.74147e-07
6.42857,0.00241398,5.93337e-07
6.53061,0.0024927,6.12603e-07
6.63265,0.00257215,6.32887e-07
6.73469,0.00265341,6.52832e-07
6.83673,0.00273558,6.73486e-07
6.93878,0.00281754,6.93731e-07
7.04082,0.00290204,7.1482e-07
7.14286,0.00298518,7.35935e-07
7.2449,0.00307166,7.57135e-07
7.34694,0.00315798,7.78985e-07
7.44898,0.00324719,8.01196e-07
7.55102,0.00333371,8.22745e-07
7.65306,0.00342346,8.4527e-07
7.7551,0.00351288,8.68097e-07
7.85714,0.00360282,8.90509e-07
7.95918,0.0036951,9.14168e-07
8.06122,0.00378831,9.37275e-07
8.16327,0.00388394,9.61742e-07
8.26531,0.00397792,9.85626e-07
8.36735,0.00407226,1.00918e-06
8.46939,0.00416892,1.03413e-06
8.57143,0.00426639,1.05876e-06
8.67347,0.00436217,1.08295e-06
8.77551,0.00446123,1.10808e-06
8.87755,0.00456007,1.13313e-06
8.97959,0.00466051,1.15955e-06
9.08163,0.0047625,1.18501e-06
9.18367,0.00486316,1.21079e-06
9.28571,0.0049668,1.23728e-06
9.38776,0.00506966,1.26369e-06
9.4898,0.00517328,1.29067e-06
9.59184,0.00527881,1.31728e-06
9.69388,0.00538376,1.34463e-06
9.79592,0.00549145,1.3721e-06
9.89796,0.00559834,1.39959e-06
10.0,0.00570496,1.42746e-06
10.2041,0.00592029,1.48314e-06
10.4082,0.00614397,1.54123e-06
10.6122,0.00637073,1.59981e-06
10.8163,0.00659637,1.65849e-06
11.0204,0.00682593,1.71822e-06
11.2245,0.00705741,1.77874e-06
11.4286,0.00729298,1.84072e-06
11.6327,0.00752945,1.90259e-06
11.8367,0.00777171,1.96644e-06
12.0408,0.00801464,2.03056e-06
12.2449,0.00825518,2.09411e-06
12.449,0.00850481,2.15949e-06
12.6531,0.00875389,2.22559e-06
12.8571,0.00900807,2.29331e-06
13.0612,0.00926507,2.36129e-06
13.2653,0.00952043,2.42987e-06
13.4694,0.00978098,2.49871e-06
13.6735,0.0100435,2.56929e-06
13.8776,0.0103055,2.63872e-06
14.0816,0.0105802,2.71317e-06
14.2857,0.0108429,2.78372e-06
14.4898,0.0111149,2.85624e-06
14.6939,0.0113953,2.93185e-06
14.898,0.0116669,3.00659e-06
15.102,0.0119462,3.08162e-06
15.3061,0.0122203,3.15656e-06
15.5102,0.012508,3.23453e-06
15.7143,0.0127937,3.31169e-06
15.9184,0.0130828,3.39115e-06
16.1224,0.01337,3.47006e-06
16.3265,0.0136574,3.54852e-06
16.5306,0.0139506,3.62741e-06
16.7347,0.0142464,3.70906e-06
16.9388,0.0145407,3.79034e-06
17.1429,0.0148335,3.86974e-06
17.3469,0.0151315,3.95221e-06
17.551,0.0154383,4.03696e-06
17.7551,0.0157417,4.12132e-06
17.9592,0.0160498,4.20615e-06
18.1633,0.0163624,4.29341e-06
18.3673,0.016666,4.37689e-06
18.5714,0.0169772,4.46429e-06
18.7755,0.0172902,4.55117e-06
18.9796,0.017606,4.6417e-06
19.1837,0.017924,4.72737e-06
19.3878,0.0182281,4.81503e-06
19.5918,0.018561,4.9066e-06
19.7959,0.0188879,4.9993e-06
20.0,0.0192024,5.08838e-06
20.4082,0.0198645,5.27536e-06
20.8163,0.0205183,5.45775e-06
21.2245,0.021183,5.64555e-06
21.6327,0.021858,5.83744e-06
22.0408,0.0225256,6.02842e-06
22.449,0.023217,6.22272e-06
22.8571,0.0238988,6.41935e-06
23.2653,0.0245991,6.61622e-06
23.6735,0.0253036,6.82194e-06
24.0816,0.0260146,7.02356e-06
24.4898,0.0267231,7.23012e-06
24.898,0.0274328,7.43757e-06
25.3061,0.028162,7.64861e-06
25.7143,0.0288815,7.85813e-06
26.1224,0.029635,8.07594e-06
26.5306,0.0303754,8.29363e-06
26.9388,0.0311211,8.5096e-06
27.3469,0.031878,8.73316e-06
27.7551,0.0326185,8.95504e-06
28.1633,0.033387,9.17529e-06
28.5714,0.0341646,9.40727e-06
28.9796,0.0349127,9.62846e-06
29.3878,0.0356829,9.85176e-06
29.7959,0.036463,1.00853e-05
30.2041,0.0372598,1.0323e-05
30.6122,0.0380329,1.05575e-05
31.0204,0.0388284,1.07932e-05
31.4286,0.0396191,1.10292e-05
31.8367,0.0404517,1.12791e-05
32.2449,0.0412584,1.15197e-05
32.6531,0.0420611,1.17603e-05
33.0612,0.0428574,1.20002e-05
33.4694,0.0437029,1.22518e-05
33.8776,0.0445406,1.25109e-05
34.2857,0.0453719,1.27617e-05
34.6939,0.0461853,1.30087e-05
35.102,0.0470348,1.32642e-05
35.5102,0.0478652,1.35207e-05
35.9184,0.0487323,1.37787e-05
36.3265,0.0495629,1.4037e-05
36.7347,0.050404,1.42944e-05
37.1429,0.0512751,1.45615e-05
37.551,0.052137,1.48328e-05
37.9592,0.052983,1.50819e-05
38.3673,0.0538712,1.53613e-05
38.7755,0.0547599,1.56331e-05
39.1837,0.0556052,1.58963e-05
39.5918,0.056517,1.61687e-05
40.0,0.0574058,1.64547e-05
40.4082,0.0582602,1.67137e-05
40.8163,0.0591588,1.69924e-05
41.2245,0.0600292,1.72743e-05
41.6327,0.0609512,1.75604e-05
42.0408,0.0618595,1.784e-05
42.449,0.062739,1.81125e-05
42.8571,0.0636254,1.83878e-05
43.2653,0.064569,1.86923e-05
43.6735,0.0654797,1.89667e-05
44.0816,0.0664039,1.92626e-05
44.4898,0.0672862,1.95421e-05
44.898,0.0682791,1.98561e-05
45.3061,0.0691609,2.01212e-05
45.7143,0.0701246,2.0428e-05
46.1224,0.0710164,2.07263e-05
46.5306,0.0720085,2.10293e-05
46.9388,0.072918,2.13186e-05
47.3469,0.0738331,2.1613e-05
47.7551,0.0748037,2.19191e-05
48.1633,0.0757813,2.22333e-05
48.5714,0.0766731,2.25166e-05
48.9796,0.0776457,2.2837e-05
49.3878,0.0785849,2.31248e-05
49.7959,0.0795539,2.34425e-05
50.2041,0.0805279,2.3744e-05
50.6122,0.0815752,2.40785e-05
51.0204,0.082503,2.43683e-05
51.4286,0.0834377,2.46827e-05
51.8367,0.0844007,2.49849e-05
52.2449,0.0854028,2.53116e-05
52.6531,0.0864068,2.56423e-05
53.0612,0.0873458,2.5943e-05
53.4694,0.0884107,2.62951e-05
53.8776,0.0893604,2.65925e-05
54.2857,0.0903717,2.69258e-05
54.6939,0.091304,2.72048e-05
55.102,0.0923513,2.75676e-05
55.5102,0.0933624,2.78907e-05
55.9184,0.0943361,2.82082e-05
56.3265,0.0953559,2.85322e-05
56.7347,0.0963259,2.88676e-05
57.1429,0.0973116,2.91709e-05
57.551,0.0983043,2.95028e-05
57.9592,0.0993656,2.98633e-05
58.3673,0.100372,3.01717e-05
58.7755,0.101375,3.05188e-05
59.1837,0.102429,3.08548e-05
59.5918,0.103461,3.11855e-05
60.0,0.104462,3.15162e-05
60.4082,0.105514,3.18525e-05
60.8163,0.106608,3.22273e-05
61.2245,0.10755,3.25381e-05
61.6327,0.108679,3.29221e-05
62.0408,0.109663,3.32458e-05
62.449,0.110796,3.36036e-05
62.8571,0.111778,3.39326e-05
63.2653,0.112778,3.42705e-05
63.6735,0.113874,3.46288e-05
64.0816,0.114907,3.49608e-05
64.4898,0.116047,3.53396e-05
64.898,0.117012,3.5663e-05
65.3061,0.118095,3.60365e-05
65.7143,0.119107,3.63649e-05
66.1224,0.120202,3.67418e-05
66.5306,0.121216,3.70624e-05
66.9388,0.122339,3.74678e-05
67.3469,0.123426,3.78143e-05
67.7551,0.12448,3.81727e-05
68.1633,0.125511,3.85264e-05
68.5714,0.126587,3.88585e-05
68.9796,0.127656,3.92469e-05
69.3878,0.128816,3.96242e-05
69.7959,0.129855,3.99718e-05
70.2041,0.130922,4.03123e-05
70.6122,0.132092,4.07215e-05
71.0204,0.133072,4.10436e-05
71.4286,0.134163,4.14117e-05
71.8367,0.135381,4.18347e-05
72.2449,0.136366,4.21515e-05
72.6531,0.137488,4.25416e-05
73.0612,0.138501,4.29028e-05
73.4694,0.139694,4.32787e-05
73.8776,0.140859,4.37099e-05
74.2857,0.14195,4.40648e-05
74.6939,0.143091,4.44328e-05
75.102,0.144141,4.48132e-05
75.5102,0.145145,4.51164e-05
75.9184,0.146404,4.55713e-05
76.3265,0.147455,4.59454e-05
76.7347,0.14853,4.63019e-05
77.1429,0.149723,4.67206e-05
77.551,0.150767,4.70587e-05
77.9592,0.151975,4.74433e-05
78.3673,0.15297,4.78128e-05
78.7755,0.154207,4.81985e-05
79.1837,0.155342,4.86359e-05
79.5918,0.156486,4.90111e-05
80.0,0.15761,4.93923e-05
80.4082,0.1587,4.97704e-05
80.8163,0.159844,5.0193e-05
81.2245,0.161017,5.05494e-05
81.6327,0.162173,5.09869e-05
82.0408,0.163281,5.13672e-05
82.449,0.164302,5.17058e-05
82.8571,0.165482,5.21255e-05
83.2653,0.166747,5.2558e-05
83.6735,0.167786,5.28928e-05
84.0816,0.169104,5.3341e-05
84.4898,0.170137,5.37169e-05
84.898,0.171346,5.41429e-05
85.3061,0.172578,5.45468e-05
85.7143,0.173653,5.4952e-05
86.1224,0.17479,5.53364e-05
86.5306,0.176014,5.5736e-05
86.9388,0.177124,5.61324e-05
87.3469,0.178261,5.65243e-05
87.7551,0.179537,5.69548e-05
88.1633,0.180632,5.73595e-05
88.5714,0.181753,5.77379e-05
88.9796,0.182912,5.8159e-05
89.3878,0.184127,5.85758e-05
89.7959,0.185394,5.90213e-05
90.2041,0.186522,5.94251e-05
90.6122,0.187666,5.98236e-05
91.0204,0.188722,6.01622e-05
91.4286,0.190051,6.06508e-05
91.8367,0.191229,6.10998e-05
92.2449,0.192219,6.14295e-05
92.6531,0.193519,6.183e-05
93.0612,0.194656,6.229e-05
93.4694,0.195935,6.27242e-05
93.8776,0.197125,6.31498e-05
94.2857,0.19813,6.3483e-05
94.6939,0.199425,6.39299e-05
95.102,0.200788,6.4427e-05
95.5102,0.201873,6.48465e-05
95.9184,0.203106,6.52142e-05
96.3265,0.204259,6.56237e-05
96.7347,0.205464,6.6046e-05
97.1429,0.206597,6.64591e-05
97.551,0.2078,6.69245e-05
97.9592,0.209026,6.73571e-05
98.3673,0.210331,6.77757e-05
98.7755,0.211494,6.81886e-05
99.1837,0.212662,6.86128e-05
99.5918,0.213833,6.90231e-05
100.0,0.21505,6.94233e-05
100.816,0.217678,7.0383e-05
101.633,0.21993,7.11399e-05
102.449,0.222483,7.20655e-05
103.265,0.224845,7.29522e-05
104.082,0.227392,7.3825e-05
104.898,0.229807,7.47369e-05
105.714,0.232364,7.56366e-05
106.531,0.234822,7.65024e-05
107.347,0.237212,7.73232e-05
108.163,0.239664,7.82429e-05
108.98,0.242264,7.91919e-05
109.796,0.244836,8.01106e-05
110.612,0.247305,8.09932e-05
111.429,0.249773,8.18561e-05
112.245,0.252207,8.27318e-05
113.061,0.25469,8.36034e-05
113.878,0.257238,8.45698e-05
114.694,0.259764,8.55127e-05
115.51,0.262345,8.64388e-05
116.327,0.26493,8.73832e-05
117.143,0.267347,8.8243e-05
117.959,0.270068,8.9244e-05
118.776,0.272521,9.00925e-05
119.592,0.274981,9.10112e-05
120.408,0.277704,9.20143e-05
121.224,0.280249,9.28547e-05
122.041,0.282757,9.38447e-05
122.857,0.285306,9.46914e-05
123.673,0.287932,9.56809e-05
124.49,0.290481,9.66886e-05
125.306,0.293221,9.76434e-05
126.122,0.29553,9.84751e-05
126.939,0.298113,9.94061e-05
127.755,0.300949,0.000100509
128.571,0.303488,0.000101425
129.388,0.30602,0.000102329
130.204,0.308791,0.000103304
131.02,0.311327,0.000104347
131.837,0.313896,0.000105286
132.653,0.316656,0.000106208
133.469,0.319224,0.000107243
134.286,0.321914,0.000108236
135.102,0.324307,0.000109037
135.918,0.326979,0.000110107
136.735,0.329723,0.000111143
137.551,0.332492,0.000112146
138.367,0.335228,0.000113174
139.184,0.337941,0.000114265
140.0,0.340557,0.000115132
140.816,0.343288,0.000116218
141.633,0.345775,0.000117058
142.449,0.348544,0.000118094
143.265,0.351295,0.000119118
144.082,0.354111,0.000120156
144.898,0.356826,0.000121278
145.714,0.35928,0.000122189
146.531,0.362111,0.000123196
147.347,0.364643,0.000124229
148.163,0.367359,0.000125096
148.98,0.370127,0.000126198
149.796,0.372797,0.000127202
150.612,0.375531,0.000128235
151.429,0.378534,0.000129419
152.245,0.38119,0.000130306
153.061,0.384048,0.000131448
153.878,0.38662,0.000132435
154.694,0.389174,0.000133379
155.51,0.392203,0.000134418
156.327,0.394881,0.00013558
157.143,0.397696,0.000136646
157.959,0.400095,0.00013755
158.776,0.403214,0.000138664
159.592,0.406048,0.000139831
160.408,0.408648,0.000140669
161.224,0.411495,0.000141916
162.041,0.414213,0.000142817
162.857,0.416877,0.000143897
163.673,0.419763,0.000145041
164.49,0.422744,0.000146175
165.306,0.425485,0.000147264
166.122,0.428022,0.000148164
166.939,0.431076,0.000149276
167.755,0.433771,0.000150334
168.571,0.436548,0.000151327
169.388,0.439324,0.000152503
170.204,0.44227,0.000153564
171.02,0.444746,0.000154437
171.837,0.44802,0.000155753
172.653,0.450666,0.000156847
173.469,0.453498,0.000157803
174.286,0.456375,0.000158865
175.102,0.45932,0.000160164
175.918,0.461632,0.00016108
176.735,0.464884,0.000162343
177.551,0.467608,0.000163331
178.367,0.470537,0.000164439
179.184,0.473267,0.000165536
180.0,0.476312,0.000166728
180.816,0.479328,0.000167883
181.633,0.481693,0.000168565
182.449,0.484927,0.000170044
183.265,0.487704,0.000170935
184.082,0.490596,0.000172223
184.898,0.493381,0.000173296
185.714,0.496241,0.000174402
186.531,0.499171,0.000175671
187.347,0.502048,0.000176626
188.163,0.505142,0.000177888
188.98,0.507832,0.000178925
189.796,0.510528,0.000179792
190.612,0.513576,0.000181059
191.429,0.516772,0.000182187
192.245,0.519349,0.000183407
193.061,0.522544,0.000184644
193.878,0.525303,0.000185774
194.694,0.528344,0.000187033
195.51,0.531474,0.00018809
196.327,0.534132,0.000189248
197.143,0.537045,0.000190164
197.959,0.540319,0.000191674
198.776,0.54305,0.00019258
199.592,0.54558,0.000193658
200.408,0.548617,0.000194845
201.224,0.551818,0.000196156
202.041,0.55448,0.000197212
202.857,0.557673,0.000198403
203.673,0.560702,0.00019956
204.49,0.563406,0.000200709
205.306,0.566579,0.000201908
206.122,0.569051,0.000202759
206.939,0.572596,0.000204173
207.755,0.575466,0.000205346
208.571,0.578237,0.000206382
209.388,0.581181,0.000207767
210.204,0.583945,0.000208746
211.02,0.586846,0.000209874
211.837,0.590346,0.000211181
212.653,0.593313,0.000212503
213.469,0.596407,0.000213562
214.286,0.599022,0.000214589
215.102,0.602214,0.000216072
215.918,0.604665,0.000216955
216.735,0.608263,0.000218477
217.551,0.61072,0.000219273
218.367,0.613938,0.000220655
219.184,0.616927,0.000221655
220.0,0.620057,0.000222969
221.633,0.62599,0.000225206
223.265,0.632199,0.000227846
224.898,0.637877,0.000230298
226.531,0.644456,0.000232896
228.163,0.650268,0.000234955
229.796,0.65622,0.000237535
231.429,0.662196,0.000239995
233.061,0.668541,0.000242068
234.694,0.674494,0.000244688
236.327,0.680617,0.00024738
237.959,0.687334,0.000249948
239.592,0.69247,0.00025197
241.224,0.698879,0.000254586
242.857,0.70538,0.000257255
244.49,0.711937,0.000260144
246.122,0.717902,0.000262093
247.755,0.723525,0.000264614
249.388,0.73037,0.00026747
251.02,0.736015,0.000269393
252.653,0.742917,0.000272551
254.286,0.748973,0.000275019
255.918,0.754553,0.000276757
257.551,0.760913,0.000279656
259.184,0.767244,0.000282048
260.816,0.77336,0.000284682
262.449,0.779961,0.000287076
264.082,0.786004,0.000289769
265.714,0.792874,0.000292832
267.347,0.799414,0.000295514
268.98,0.804895,0.000297505
270.612,0.81136,0.000300299
272.245,0.818019,0.000302782
273.878,0.824308,0.000305641
275.51,0.830387,0.000308469
277.143,0.836588,0.000310598
278.776,0.842939,0.000312984
280.408,0.848997,0.000315515
282.041,0.855697,0.000318196
283.673,0.862805,0.000321671
285.306,0.869053,0.000324006
286.939,0.874827,0.000326473
288.571,0.881206,0.000329021
290.204,0.887283,0.000331345
291.837,0.894246,0.000334828
293.469,0.900742,0.000336948
295.102,0.908096,0.000340127
296.735,0.913472,0.00034202
298.367,0.920062,0.000344823
300.0,0.926479,0.000347836
301.633,0.932919,0.000350064
303.265,0.938896,0.000352696
304.898,0.945892,0.000355687
306.531,0.95212,0.000358295
308.163,0.958576,0.000361216
309.796,0.965593,0.000363509
311.429,0.97151,0.000365921
313.061,0.977856,0.000368732
314.694,0.985109,0.000372256
316.327,0.990926,0.000374145
317.959,0.998076,0.000377165
319.592,1.00544,0.000380765
321.224,1.01016,0.000382386
322.857,1.01757,0.000385353
324.49,1.02395,0.000388082
326.122,1.03114,0.000391593
327.755,1.03768,0.000394082
329.388,1.0436,0.000396751
331.02,1.0508,0.000399244
332.653,1.05763,0.000403193
334.286,1.06385,0.000405454
335.918,1.07017,0.000408149
337.551,1.07758,0.000410795
339.184,1.08393,0.000413804
340.816,1.09089,0.00041619
342.449,1.0973,0.000419522
344.082,1.1038,0.00042158
345.714,1.11075,0.000424882
347.347,1.11703,0.000427574
348.98,1.12436,0.000430781
350.612,1.13123,0.000433667
352.245,1.13787,0.000436725
353.878,1.1441,0.000439224
355.51,1.15046,0.000442105
357.143,1.15747,0.000445125
358.776,1.16373,0.000447011
360.408,1.17018,0.000450225
362.041,1.17732,0.000453237
363.673,1.1839,0.000455732
365.306,1.19096,0.000459024
366.939,1.19821,0.000461859
368.571,1.20512,0.000465153
370.204,1.21095,0.00046765
371.837,1.21887,0.00047086
373.469,1.22434,0.000472997
375.102,1.23159,0.00047677
376.735,1.23844,0.000479804
378.367,1.24447,0.00048159
380.0,1.25279,0.000485709
382.449,1.26256,0.000489674
384.898,1.27308,0.000494218
387.347,1.28266,0.000497949
389.796,1.294,0.000503312
392.245,1.30355,0.000507339
394.694,1.31352,0.000511313
397.143,1.32443,0.000516601
399.592,1.33421,0.000520669
402.041,1.34551,0.000524914
404.49,1.35488,0.000528979
406.939,1.36569,0.000534207
409.388,1.37601,0.000539008
411.837,1.38665,0.000543048
414.286,1.39593,0.000547409
416.735,1.40664,0.00055137
419.184,1.41724,0.000555948
421.633,1.4281,0.000561063
424.082,1.43847,0.000565267
426.531,1.44856,0.000570083
428.98,1.46005,0.000575143
431.429,1.47085,0.000580004
433.878,1.48106,0.000584869
436.327,1.49033,0.000588246
438.776,1.50157,0.000592329
441.224,1.51209,0.000598987
443.673,1.52198,0.000602498
446.122,1.53429,0.000608428
448.571,1.54351,0.0006116
451.02,1.55464,0.000616129
453.469,1.56431,0.00062042
455.918,1.5751,0.000626011
458.367,1.58581,0.00062966
460.816,1.59869,0.000635659
463.265,1.60691,0.00063985
465.714,1.61748,0.00064395
468.163,1.62879,0.000649384
470.612,1.63925,0.00065322
473.061,1.65089,0.000659503
475.51,1.66099,0.000662733
477.959,1.67155,0.000667647
480.408,1.68159,0.000672016
482.857,1.69305,0.000677113
485.306,1.70363,0.000682954
487.755,1.71484,0.00068677
490.204,1.72647,0.00069318
492.653,1.73732,0.000697593
495.102,1.74691,0.000701795
497.551,1.75812,0.000705777
500.0,1.76914,0.000710894
502.449,1.77914,0.000714667
504.898,1.78958,0.000720614
507.347,1.80155,0.000726865
509.796,1.81189,0.000731268
512.245,1.82316,0.000735023
514.694,1.83291,0.000738473
517.143,1.84429,0.000744299
519.592,1.8556,0.000749738
522.041,1.86641,0.000754965
524.49,1.87781,0.00076036
526.939,1.88821,0.000764998
529.388,1.89928,0.000769659
531.837,1.90885,0.000772946
534.286,1.92164,0.00078062
536.735,1.93239,0.00078348
539.184,1.9429,0.000789593
541.633,1.95528,0.000794154
544.082,1.96449,0.000798548
546.531,1.97658,0.000804068
548.98,1.98674,0.000806666
551.429,1.99868,0.00081373
553.878,2.01028,0.000818999
556.327,2.02108,0.000823813
558.776,2.03051,0.000828629
561.224,2.04334,0.00083451
563.673,2.05379,0.000838864
566.122,2.06559,0.000844341
568.571,2.07694,0.000850889
571.02,2.08723,0.000855263
573.469,2.09788,0.00085906
575.918,2.11,0.000863809
578.367,2.12047,0.000869156
580.816,2.13095,0.000872788
583.265,2.144,0.00088091
585.714,2.15389,0.000883728
588.163,2.16454,0.00088895
590.612,2.1764,0.000894161
593.061,2.18793,0.000899316
595.51,2.19838,0.000904588
597.959,2.21002,0.000910695
600.408,2.22059,0.000914346
602.857,2.23017,0.000918139
605.306,2.24205,0.000924095
607.755,2.25552,0.000932325
610.204,2.26734,0.000936591
612.653,2.27693,0.000941124
615.102,2.2878,0.000945168
617.551,2.30129,0.000950761
620.0,2.31253,0.000956394
622.449,2.32363,0.000961784
624.898,2.33371,0.0009672
627.347,2.34504,0.000972891
629.796,2.35716,0.000977541
632.245,2.36796,0.000981164
634.694,2.37972,0.000987097
637.143,2.39123,0.000994737
639.592,2.40273,0.000998663
642.041,2.41212,0.0010024
644.49,2.42505,0.0010095
646.939,2.43514,0.00101269
649.388,2.44867,0.00102031
651.837,2.45681,0.00102258
654.286,2.47038,0.00102853
656.735,2.4826,0.00103501
659.184,2.49148,0.00103798
661.633,2.50563,0.00104629
664.082,2.51623,0.00105088
666.531,2.52576,0.00105573
668.98,2.53975,0.00106308
671.429,2.55147,0.00106803
673.878,2.56176,0.00107149
676.327,2.57244,0.00107655
678.776,2.58576,0.00108336
681.224,2.59624,0.00108756
683.673,2.60873,0.00109401
686.122,2.61846,0.00109857
688.571,2.63165,0.00110485
691.02,2.64241,0.00110905
693.469,2.65457,0.0011173
695.918,2.66625,0.00112057
698.367,2.67656,0.00112335
700.816,2.68878,0.00113211
703.265,2.70034,0.00113623
705.714,2.71165,0.00114157
708.163,2.72377,0.0011483
710.612,2.73688,0.00115587
713.061,2.74639,0.00115743
715.51,2.75755,0.00116426
717.959,2.77002,0.00116836
720.408,2.78173,0.00117209
722.857,2.79429,0.00118046
725.306,2.80585,0.00118582
727.755,2.81704,0.00118946
730.204,2.82708,0.00119632
732.653,2.84133,0.00120322
735.102,2.85095,0.00120449
737.551,2.86508,0.0012151
740.0,2.87374,0.0012171
743.265,2.89091,0.00122565
746.531,2.90565,0.00123124
749.796,2.92348,0.00124069
753.061,2.93852,0.00124701
756.327,2.95348,0.00125599
759.592,2.96874,0.00126329
762.857,2.98312,0.00127074
766.122,3.00138,0.00127759
769.388,3.01675,0.00128613
772.653,3.03134,0.00129164
775.918,3.04529,0.00129678
779.184,3.06579,0.00130947
782.449,3.07878,0.00131376
785.714,3.09125,0.00131866
788.98,3.11034,0.00132989
792.245,3.12476,0.00133304
795.51,3.14093,0.00134322
798.776,3.15831,0.00135335
802.041,3.17427,0.00135869
805.306,3.1897,0.00136649
808.571,3.20736,0.00137801
811.837,3.21879,0.00137936
815.102,3.23476,0.00138665
818.367,3.25309,0.00139883
821.633,3.26536,0.00140261
824.898,3.28515,0.00141339
828.163,3.30177,0.00141786
831.429,3.31707,0.00142554
834.694,3.33296,0.00143502
837.959,3.34993,0.00144366
841.224,3.36319,0.00145067
844.49,3.37852,0.00145505
847.755,3.39631,0.0014657
851.02,3.41298,0.00147262
854.286,3.43088,0.00148102
857.551,3.44448,0.00148942
860.816,3.46128,0.00149863
864.082,3.47411,0.00150026
867.347,3.49348,0.00151132
870.612,3.50955,0.00151807
873.878,3.52474,0.00152603
877.143,3.54219,0.00153383
880.408,3.55714,0.00153981
883.673,3.57106,0.00154907
886.939,3.58652,0.00155471
890.204,3.60752,0.00156842
893.469,3.62185,0.00157256
896.735,3.63698,0.0015803
900.0,3.65415,0.00158918
903.265,3.669,0.00159185
906.531,3.68653,0.00160492
909.796,3.70323,0.0016118
913.061,3.71788,0.00161827
916.327,3.73282,0.00162681
919.592,3.7496,0.00163396
922.857,3.76715,0.00163828
926.122,3.78405,0.00165346
929.388,3.79988,0.0016583
932.653,3.81734,0.00166734
935.918,3.833,0.00167575
939.184,3.84492,0.00168137
942.449,3.86406,0.00169254
945.714,3.87892,0.00169628
948.98,3.90077,0.00171048
952.245,3.91457,0.00171351
955.51,3.93019,0.00172122
958.776,3.94695,0.00172899
962.041,3.96502,0.00174051
965.306,3.97718,0.00174528
968.571,3.99441,0.00175312
971.837,4.01009,0.00176164
975.102,4.02612,0.00176613
978.367,4.04602,0.00177519
981.633,4.06326,0.00178492
984.898,4.07612,0.00179259
988.163,4.0971,0.00180485
991.429,4.10895,0.00180831
994.694,4.12433,0.00181718
997.959,4.14627,0.00182716
1001.22,4.15672,0.00183139
1004.49,4.17992,0.00184401
1007.76,4.19389,0.00185182
1011.02,4.2111,0.00185859
1014.29,4.22543,0.00186793
1017.55,4.23985,0.00187276
1020.82,4.25862,0.00188039
1024.08,4.27108,0.00188688
1027.35,4.29455,0.00190297
1030.61,4.30747,0.00190848
1033.88,4.32672,0.00191877
1037.14,4.33968,0.0019229
1040.41,4.35824,0.00193082
1043.67,4.3726,0.00193716
1046.94,4.3905,0.00194431
1050.2,4.40663,0.00195358
1053.47,4.42392,0.00196856
1056.73,4.44047,0.00197202
1060.0,4.4579,0.00198202
1064.9,4.48147,0.00198862
1069.8,4.50611,0.00200384
1074.69,4.53582,0.00201661
1079.59,4.55936,0.00202949
1084.49,4.5816,0.00203803
1089.39,4.60762,0.00205228
1094.29,4.63479,0.0020682
1099.18,4.66012,0.00208377
1104.08,4.68345,0.00208948
1108.98,4.70755,0.00210443
1113.88,4.73105,0.0021156
1118.78,4.75841,0.00212817
1123.67,4.78177,0.00214001
1128.57,4.81008,0.00215406
1133.47,4.83595,0.00216325
1138.37,4.86047,0.00217673
1143.27,4.88514,0.00219134
1148.16,4.91168,0.00220205
1153.06,4.93376,0.00221178
1157.96,4.95938,0.00222854
1162.86,4.98383,0.00223972
1167.76,5.01476,0.00225661
1172.65,5.03716,0.00226121
1177.55,5.06106,0.00227522
1182.45,5.08686,0.00229214
1187.35,5.1197,0.00231282
1192.24,5.13698,0.0023179
1197.14,5.16111,0.00232484
1202.04,5.18819,0.00234225
1206.94,5.21587,0.00235242
1211.84,5.24085,0.00236501
1216.73,5.26821,0.00238409
1221.63,5.29235,0.00239106
1226.53,5.31821,0.00240828
1231.43,5.34751,0.00242344
1236.33,5.37294,0.00243713
1241.22,5.39261,0.00243365
1246.12,5.42345,0.00245903
1251.02,5.44606,0.00247647
1255.92,5.47082,0.00248129
1260.82,5.49933,0.00249539
1265.71,5.52143,0.00250202
1270.61,5.55391,0.0025286
1275.51,5.56956,0.00253289
1280.41,5.60062,0.00255135
1285.31,5.62453,0.00255266
1290.2,5.65072,0.0025694
1295.1,5.68189,0.00259206
1300.0,5.70235,0.00260001
1304.9,5.72931,0.00261566
1309.8,5.75917,0.0026273
1314.69,5.7774,0.00263679
1319.59,5.80818,0.00265097
1324.49,5.8357,0.00267482
1329.39,5.85886,0.00267659
1334.29,5.88375,0.00269341
1339.18,5.91262,0.00270672
1344.08,5.9396,0.00272049
1348.98,5.96851,0.00273802
1353.88,5.98514,0.00274559
1358.78,6.01268,0.00276264
1363.67,6.04162,0.00277302
1368.57,6.06974,0.00278819
1373.47,6.09497,0.002806
1378.37,6.11883,0.0028089
1383.27,6.14232,0.00282612
1388.16,6.17683,0.00284444
1393.06,6.19651,0.0028543
1397.96,6.22689,0.00286672
1402.86,6.2479,0.0028784
1407.76,6.28036,0.00289936
1412.65,6.30307,0.00290493
1417.55,6.33177,0.00292383
1422.45,6.35511,0.00293569
1427.35,6.37635,0.00293432
1432.24,6.4066,0.0029599
1437.14,6.42714,0.0029721
1442.04,6.45816,0.00297999
1446.94,6.48533,0.00299598
1451.84,6.51632,0.00301326
1456.73,6.53616,0.00302908
1461.63,6.56482,0.00304498
1466.53,6.59486,0.0030613
1471.43,6.62016,0.00306746
1476.33,6.64162,0.00307139
1481.22,6.6709,0.00310336
1486.12,6.69497,0.00309613
1491.02,6.71979,0.00311979
1495.92,6.75036,0.0031357
1500.82,6.77677,0.0031549
1505.71,6.80502,0.0031616
1510.61,6.82512,0.00316675
1515.51,6.85513,0.00320161
1520.41,6.88006,0.00319861
1525.31,6.91156,0.00321855
1530.2,6.93429,0.00322248
1535.1,6.9653,0.00324554
1540.0,6.9918,0.00326154
1547.35,7.02607,0.0032786
1554.69,7.0717,0.00329497
1562.04,7.10883,0.00330906
1569.39,7.14969,0.00334148
1576.73,7.1895,0.0033567
1584.08,7.22655,0.00338275
1591.43,7.26994,0.00341249
1598.78,7.30322,0.00342486
1606.12,7.34858,0.00344635
1613.47,7.39134,0.00346121
1620.82,7.4275,0.00348361
1628.16,7.47184,0.00350248
1635.51,7.51254,0.00352888
1642.86,7.55114,0.00354893
1650.2,7.58738,0.00356154
1657.55,7.62873,0.00358795
1664.9,7.67436,0.00361032
1672.24,7.71306,0.00363315
1679.59,7.74596,0.00364022
1686.94,7.80499,0.00368766
1694.29,7.83056,0.00368942
1701.63,7.87844,0.00370638
1708.98,7.912,0.00372191
1716.33,7.95424,0.0037506
1723.67,7.98899,0.00377136
1731.02,8.03418,0.00379997
1738.37,8.07712,0.00382398
1745.71,8.12295,0.00384577
1753.06,8.16654,0.00388064
1760.41,8.20066,0.00388567
1767.76,8.24702,0.00392191
1775.1,8.2834,0.00393493
1782.45,8.32629,0.00396115
1789.8,8.36292,0.0039685
1797.14,8.40404,0.00399227
1804.49,8.44185,0.00400708
1811.84,8.48287,0.00404421
1819.18,8.52571,0.00404818
1826.53,8.57057,0.00408195
1833.88,8.60432,0.00409002
1841.22,8.65037,0.00412093
1848.57,8.68924,0.00414408
1855.92,8.73698,0.00417901
1863.27,8.77705,0.00418558
1870.61,8.81905,0.00421535
1877.96,8.85274,0.00422079
1885.31,8.8963,0.00424528
1892.65,8.93468,0.00427646
1900.0,8.97882,0.00430523
1907.35,9.02556,0.00433612
1914.69,9.05637,0.00432928
1922.04,9.10538,0.00435709
1929.39,9.14333,0.0043851
1936.73,9.18996,0.00441766
1944.08,9.22309,0.00442423
1951.43,9.26255,0.00443639
1958.78,9.30133,0.00445296
1966.12,9.35142,0.00448824
1973.47,9.39291,0.00452583
1980.82,9.43443,0.00452347
1988.16,9.47413,0.00455595
1995.51,9.51777,0.00457683
2002.86,9.5562,0.00460783
2010.2,9.60232,0.00464167
2017.55,9.64277,0.00464804
2024.9,9.69229,0.00467442
2032.24,9.72349,0.00468866
2039.59,9.76256,0.00471691
2046.94,9.80653,0.00472914
2054.29,9.84235,0.00475368
2061.63,9.8951,0.00477798
2068.98,9.93332,0.00481824
2076.33,9.97773,0.00484297
2083.67,10.0157,0.00484743
2091.02,10.0635,0.00488028
2098.37,10.0969,0.00488326
2105.71,10.145,0.00491229
2113.06,10.1919,0.00494467
2120.41,10.2275,0.0049696
2127.76,10.274,0.00499367
2135.1,10.3154,0.00500309
2142.45,10.353,0.00503289
2149.8,10.4008,0.00505246
2157.14,10.4402,0.00506776
2164.49,10.4901,0.00511137
2171.84,10.5189,0.00511359
2179.18,10.5597,0.00513742
2186.53,10.6142,0.00517422
2193.88,10.6472,0.0051732
2201.22,10.6981,0.00521731
2208.57,10.7399,0.00522547
2215.92,10.7845,0.00526266
2223.27,10.8271,0.00528222
2230.61,10.8614,0.00528809
2237.96,10.9054,0.005303
2245.31,10.9453,0.00533099
2252.65,10.9832,0.00536956
2260.0,11.0343,0.00539054
2271.02,11.0879,0.00540325
2282.04,11.1577,0.00546985
2293.06,11.2242,0.00550175
2304.08,11.2852,0.00552604
2315.1,11.3629,0.00559416
2326.12,11.4213,0.00561448
2337.14,11.4803,0.00563212
2348.16,11.542,0.005674
2359.18,11.5962,0.0056935
2370.2,11.6679,0.00573599
2381.22,11.7399,0.00575918
2392.24,11.8049,0.00581819
2403.27,11.8487,0.0058378
2414.29,11.9306,0.00587531
2425.31,11.9875,0.00591515
2436.33,12.051,0.00595831
2447.35,12.1164,0.00599882
2458.37,12.1856,0.00601323
2469.39,12.2628,0.00607992
2480.41,12.3122,0.00609763
2491.43,12.3838,0.00614642
2502.45,12.439,0.00616944
2513.47,12.5073,0.00618588
2524.49,12.5844,0.00624232
2535.51,12.6329,0.0062713
2546.53,12.7114,0.00630194
2557.55,12.7705,0.00632532
2568.57,12.8421,0.00638479
2579.59,12.8857,0.0063904
2590.61,12.9584,0.00643322
2601.63,13.0498,0.00651419
2612.65,13.0991,0.00653225
2623.67,13.1557,0.00653164
2634.69,13.2286,0.00658303
2645.71,13.2817,0.00660675
2656.73,13.3568,0.00667614
2667.76,13.424,0.00671455
2678.78,13.4865,0.00674581
2689.8,13.5542,0.00678524
2700.82,13.6074,0.00679074
2711.84,13.6729,0.00682691
2722.86,13.7461,0.00687393
2733.88,13.7984,0.00690316
2744.9,13.8712,0.00692428
2755.92,13.9397,0.00697607
2766.94,13.9996,0.00702156
2777.96,14.0772,0.00705792
2788.98,14.1478,0.00713048
2800.0,14.2072,0.00713546
2814.29,14.2857,0.00715706
2828.57,14.3674,0.00721038
2842.86,14.4624,0.00725123
2857.14,14.5501,0.0073354
2871.43,14.6376,0.00736887
2885.71,14.7231,0.00742855
2900.0,14.7953,0.00747205
2914.29,14.8835,0.00748297
2928.57,14.9729,0.00755958
2942.86,15.0717,0.00764945
2957.14,15.1476,0.00767921
2971.43,15.2263,0.00771053
2985.71,15.3175,0.00776483
3000.0,15.4087,0.00784388
3014.29,15.4881,0.00785453
3028.57,15.5691,0.00789552
3042.86,15.6605,0.00795424
3057.14,15.7462,0.00798584
3071.43,15.8409,0.00803384
3085.71,15.9191,0.00811387
3100.0,16.0062,0.00812402
3114.29,16.093,0.00817893
3128.57,16.1688,0.00821503
3142.86,16.2737,0.00833346
3157.14,16.3305,0.00828667
3171.43,16.4421,0.00836941
3185.71,16.5212,0.00843452
3200.0,16.6118,0.00848144
3214.29,16.7,0.00854325
3228.57,16.8073,0.00862872
3242.86,16.8836,0.00863677
3257.14,16.9694,0.00865237
3271.43,17.0507,0.00870622
3285.71,17.1162,0.00875532
3300.0,17.2191,0.00883505
3314.29,17.2985,0.00884556
3328.57,17.3891,0.0089298
3342.86,17.4924,0.00897662
3357.14,17.5599,0.00902809
3371.43,17.6743,0.00907765
3385.71,17.7479,0.00912973
3400.0,17.8382,0.00918359
3414.29,17.9292,0.00924989
3428.57,18.0161,0.00929026
3442.86,18.1002,0.00931866
3457.14,18.1677,0.00932337
3471.43,18.2722,0.00945611
3485.71,18.3566,0.00950412
3500.0,18.4519,0.00955636
3520.41,18.5928,0.00962008
3540.82,18.6965,0.00967021
3561.22,18.8252,0.00976761
3581.63,18.9579,0.00980998
3602.04,19.0899,0.00985958
3622.45,19.2045,0.00996884
3642.86,19.3264,0.0100161
3663.27,19.4608,0.0100815
3683.67,19.5832,0.0101595
3704.08,19.7314,0.0102677
3724.49,19.8575,0.0103344
3744.9,19.9477,0.0103717
3765.31,20.1044,0.0104969
3785.71,20.2284,0.0105587
3806.12,20.3817,0.0106325
3826.53,20.4898,0.0107148
3846.94,20.6053,0.010731
3867.35,20.7384,0.0108625
3887.76,20.8858,0.0109557
3908.16,20.9949,0.0109574
3928.57,21.1121,0.0110877
3948.98,21.259,0.0111105
3969.39,21.3792,0.0112288
3989.8,21.5075,0.0112303
4010.2,21.6317,0.0113811
4030.61,21.7709,0.0114484
4051.02,21.8907,0.0115496
4071.43,22.0058,0.0115585
4091.84,22.1359,0.0115992
4112.24,22.2782,0.0117177
4132.65,22.3964,0.0117779
4153.06,22.511,0.0117931
4173.47,22.6512,0.0119491
4193.88,22.7888,0.0120864
4214.29,22.9102,0.012169
4234.69,23.0012,0.0120832
4255.1,23.1876,0.012208
4275.51,23.2834,0.012323
4295.92,23.4159,0.0123368
4316.33,23.5578,0.0124363
4336.73,23.6926,0.012526
4357.14,23.8046,0.0126461
4377.55,23.9481,0.012698
4397.96,24.0768,0.0127637
4418.37,24.2308,0.012908
4438.78,24.3406,0.0129726
4459.18,24.467,0.013009
4479.59,24.6031,0.0130744
4500.0,24.7244,0.0131501
4530.61,24.9311,0.0133246
4561.22,25.1151,0.0133723
4591.84,25.3361,0.0134221
4622.45,25.5265,0.0136832
4653.06,25.7279,0.0137703
4683.67,25.9275,0.013803
4714.29,26.1129,0.01403
4744.9,26.2889,0.0140624
4775.51,26.4868,0.0141509
4806.12,26.7183,0.0143943
4836.73,26.93,0.014443
4867.35,27.069,0.0144478
4897.96,27.2961,0.0146238
4928.57,27.5005,0.0148291
4959.18,27.6641,0.0148323
4989.8,27.9128,0.0151553
5020.41,28.095,0.015146
5051.02,28.2646,0.0151871
5081.63,28.4561,0.0152964
5112.24,28.6937,0.0154943
5142.86,28.8468,0.0156581
5173.47,29.0825,0.0157406
5204.08,29.2879,0.015834
5234.69,29.4861,0.0159771
5265.31,29.6925,0.0161508
5295.92,29.881,0.0162494
5326.53,30.0716,0.0163652
5357.14,30.2545,0.0164422
5387.76,30.4805,0.0165828
5418.37,30.7148,0.0167641
5448.98,30.8636,0.016765
5479.59,31.0858,0.0169926
5510.2,31.2566,0.0170383
5540.82,31.4931,0.0171835
5571.43,31.6799,0.0173901
5602.04,31.8537,0.0173509
5632.65,32.0888,0.0177766
5663.27,32.2598,0.0177578
5693.88,32.4938,0.0177337
5724.49,32.6589,0.0178692
5755.1,32.9016,0.0180464
5785.71,33.0937,0.0182241
5816.33,33.2693,0.0183329
5846.94,33.5154,0.0185107
5877.55,33.6776,0.0184169
5908.16,33.9299,0.0189192
5938.78,34.1169,0.0187236
5969.39,34.3158,0.0188522
6000.0,34.5679,0.0190981
6040.82,34.7846,0.0191993
6081.63,35.0457,0.0193369
6122.45,35.3451,0.0196233
6163.27,35.6324,0.019683
6204.08,35.8696,0.0198561
6244.9,36.1331,0.0199688
6285.71,36.44,0.0200097
6326.53,36.7419,0.0203246
6367.35,36.9882,0.0205441
6408.16,37.2449,0.020695
6448.98,37.4898,0.0206846
6489.8,37.8064,0.0209733
6530.61,38.0568,0.0212759
6571.43,38.3243,0.0213574
6612.24,38.596,0.0215446
6653.06,38.8674,0.0214181
6693.88,39.1412,0.0217923
6734.69,39.4289,0.0220608
6775.51,39.7336,0.0220079
6816.33,39.9619,0.0223405
6857.14,40.2373,0.0223334
6897.96,40.5468,0.022669
6938.78,40.8487,0.023031
6979.59,41.1165,0.0231261
7020.41,41.3268,0.0230728
7061.22,41.6717,0.0235303
7102.04,41.9179,0.0233719
7142.86,42.1976,0.0237429
7183.67,42.4909,0.0239063
7224.49,42.7806,0.0240803
7265.31,43.0402,0.0244258
7306.12,43.2536,0.0240799
7346.94,43.5912,0.0246551
7387.76,43.855,0.0248899
7428.57,44.1852,0.0247896
7469.39,44.4084,0.0249725
7510.2,44.696,0.0250929
7551.02,44.9509,0.0254536
7591.84,45.2484,0.0256488
7632.65,45.5305,0.0256982
7673.47,45.8375,0.0260511
7714.29,46.0705,0.0260165
7755.1,46.3691,0.0262422
7795.92,46.6919,0.0265199
7836.73,46.9057,0.0264366
7877.55,47.21,0.0268292
7918.37,47.4983,0.0268941
7959.18,47.834,0.0271726
8000.0,48.0622,0.027402
8040.82,48.3414,0.0274466
8081.63,48.6645,0.0275159
8122.45,48.9094,0.0280698
8163.27,49.2286,0.0280215
8204.08,49.535,0.0286952
8244.9,49.7894,0.0284273
8285.71,50.0633,0.0285851
8326.53,50.3543,0.0288669
8367.35,50.5873,0.0289918
8408.16,50.9312,0.0289914
8448.98,51.191,0.0294804
8489.8,51.4607,0.0294727
8530.61,51.7416,0.0297374
8571.43,51.9944,0.0297758
8612.24,52.2752,0.0299796
8653.06,52.6048,0.0301804
8693.88,52.8978,0.0301366
8734.69,53.1843,0.0305133
8775.51,53.4702,0.0307589
8816.33,53.7092,0.0307449
8857.14,54.0319,0.0311059
8897.96,54.3188,0.0312356
8938.78,54.6299,0.0316379
8979.59,54.9271,0.0317533
9020.41,55.1658,0.031917
9061.22,55.4876,0.0323428
9102.04,55.7404,0.0321512
9142.86,56.0258,0.0322706
9183.67,56.2812,0.0324336
9224.49,56.5657,0.0329118
9265.31,56.849,0.0326815
9306.12,57.1922,0.0330353
9346.94,57.4706,0.033191
9387.76,57.7111,0.033193
9428.57,58.0521,0.0335925
9469.39,58.3527,0.0337822
9510.2,58.649,0.0342147
9551.02,58.8921,0.0341962
9591.84,59.2037,0.0341898
9632.65,59.5106,0.0347535
9673.47,59.7333,0.0349079
9714.29,59.9749,0.0349811
9755.1,60.3909,0.0349278
9795.92,60.6131,0.0349944
9836.73,60.8362,0.0353652
9877.55,61.2372,0.035328
9918.37,61.4724,0.0358547
9959.18,61.7952,0.0361092
10000.0,62.131,0.036456
