############################################################################################### 
################################ Helm [v2] Interpolation List ################################# 
############################################################################################### 
	 0.00000000000000000, 	 0.003552567230418939535352418346, 
	 0.00010000000000000, 	 0.003453816020732947654481304056, 
	 0.00013310000000000, 	 0.003421674157493706860955207105, 
	 0.00017280000000000, 	 0.003383476188724044483174813180, 
	 0.00021970000000000, 	 0.003338842107086684423550293488, 
	 0.00027440000000000, 	 0.003287450369602863860241104277, 
	 0.00033750000000000, 	 0.003229045951175250374343139725, 
	 0.00040960000000000, 	 0.003163448206074357359207649409, 
	 0.00049130000000000, 	 0.003090558307740720253575794629, 
	 0.00058320000000000, 	 0.003010366021334025688621638395, 
	 0.00068590000000000, 	 0.002922955552760361005310008053, 
	 0.00080000000000000, 	 0.002828510213693800293827118608, 
	 0.00092610000000000, 	 0.002727315645577513443520434322, 
	 0.00106480000000000, 	 0.002619761357811024697628266011, 
	 0.00121670000000000, 	 0.002506340357172162202487042393, 
	 0.00138240000000000, 	 0.002387646677577653486074238387, 
	 0.00156250000000000, 	 0.002264370661800343183939210334, 
	 0.00175760000000000, 	 0.002137291899562114832339387860, 
	 0.00196830000000000, 	 0.002007269788862547661018043144, 
	 0.00219520000000000, 	 0.001875231758316407053646668324, 
	 0.00243890000000000, 	 0.001742159265945242892920097333, 
	 0.00270000000000000, 	 0.001609071772041332452213291404, 
	 0.00297910000000000, 	 0.001477008967620474771259564406, 
	 0.00327680000000000, 	 0.001347011622373532006152752061, 
	 0.00359370000000000, 	 0.001220101493324474498103349163, 
	 0.00393040000000000, 	 0.001097260803785295342482886127, 
	 0.00428750000000000, 	 0.000979411857778548838524002029, 
	 0.00466560000000000, 	 0.000867397394113405325460908202, 
	 0.00506530000000000, 	 0.000761962303323103105553992798, 
	 0.00548720000000000, 	 0.000663737326831269586029093954, 
	 0.00593190000000000, 	 0.000573225328923405237808996748, 
	 0.00640000000000000, 	 0.000490790677258813872081699703, 
	 0.00689210000000000, 	 0.000416652186836608353671940197, 
	 0.00740880000000000, 	 0.000350879976898902767434157424, 
	 0.00795070000000000, 	 0.000293396462963728030769183786, 
	 0.00851840000000000, 	 0.000243981561158088008619063136, 
	 0.00911250000000000, 	 0.000202282024695557501080614426, 
	 0.00973360000000000, 	 0.000167824669271930720015548189, 
	 0.01038230000000000, 	 0.000140033082770274188095030454, 
	 0.01105920000000000, 	 0.000118247262942484891571660877, 
	 0.01176490000000000, 	 0.000101745492763424244379334704, 
	 0.01250000000000000, 	 0.000089767654696636797946075748, 
	 0.01326510000000000, 	 0.000081539109106913601043159501, 
	 0.01406080000000000, 	 0.000076294224139415359577445774, 
	 0.01488770000000000, 	 0.000073298648442577684128905469, 
	 0.01574640000000000, 	 0.000071869465903843268673664713, 
	 0.01663750000000000, 	 0.000071392462463077405589000068, 
	 0.01756160000000000, 	 0.000071335865913322985855382630, 
	 0.01851930000000000, 	 0.000071260084736795832691808039, 
	 0.01951120000000000, 	 0.000070823163494114062884061955, 
	 0.02053790000000000, 	 0.000069781880184955033291811788, 
	 0.02160000000000000, 	 0.000067988624012579740849872290, 
	 0.02269810000000000, 	 0.000065384398042832766995667571, 
	 0.02383280000000000, 	 0.000061988478282958583932479857, 
	 0.02500470000000000, 	 0.000057885417456372386594935786, 
	 0.02621440000000000, 	 0.000053210198557150126220331027, 
	 0.02746250000000000, 	 0.000048132412798047588206335617, 
	 0.02874960000000000, 	 0.000042840354401250713188911701, 
	 0.03007630000000000, 	 0.000037525889729345182491745264, 
	 0.03144320000000000, 	 0.000032370872926455576451456458, 
	 0.03285090000000000, 	 0.000027535750375047694674199988, 
	 0.03430000000000000, 	 0.000023150830800160221618639450, 
	 0.03579110000000000, 	 0.000019310508198722155205010603, 
	 0.03732480000000000, 	 0.000016070524067179115147588689, 
	 0.03890170000000000, 	 0.000013448157520887940729486555, 
	 0.04052240000000000, 	 0.000011425050424025787751750038, 
	 0.04218750000000000, 	 0.000009952221825798185462293340, 
	 0.04389760000000000, 	 0.000008956711789614730384601060, 
	 0.04565330000000000, 	 0.000008349226004936684955646913, 
	 0.04745520000000000, 	 0.000008032132685354565892078132, 
	 0.04930390000000000, 	 0.000007907191639792236827221673, 
	 0.05120000000000000, 	 0.000007882467757311381332716547, 
	 0.05314410000000000, 	 0.000007877989815227452705700788, 
	 0.05513680000000000, 	 0.000007829850186501051881164150, 
	 0.05717870000000000, 	 0.000007692589623258602540031674, 
	 0.05927040000000000, 	 0.000007439861089573316265310867, 
	 0.06141250000000000, 	 0.000007063505307668906247600595, 
	 0.06360560000000000, 	 0.000006571287465666119241201014, 
	 0.06585030000000000, 	 0.000005983631014111619287080754, 
	 0.06814720000000000, 	 0.000005329735324408932052228909, 
	 0.07049690000000000, 	 0.000004643477299586671552084852, 
	 0.07290000000000001, 	 0.000003959474385095532289577554, 
	 0.07535710000000000, 	 0.000003309632556970748863564786, 
	 0.07786880000000000, 	 0.000002720425068660464747009615, 
	 0.08043570000000000, 	 0.000002211055064536603355026829, 
	 0.08305840000000000, 	 0.000001792557450011310450708590, 
	 0.08573749999999999, 	 0.000001467802261954588552883734, 
	 0.08847360000000000, 	 0.000001232281676863704314634808, 
	 0.09126730000000000, 	 0.000001075502276535728340977911, 
	 0.09411920000000000, 	 0.000000982767356582890906638241, 
	 0.09702990000000000, 	 0.000000937122302442589752193025, 
	 0.10000000000000001, 	 0.000000921248104342146543177235, 
	 0.10249999999999999, 	 0.000000919131042795278354229534, 
	 0.10707106781186548, 	 0.000000915184106553490276548407, 
	 0.11299038105676659, 	 0.000000872383124039592950776370, 
	 0.12000000000000001, 	 0.000000749131537340439166729449, 
	 0.12795084971874737, 	 0.000000551682397736761579726944, 
	 0.13674234614174768, 	 0.000000340318951999350143249582, 
	 0.14630064794363035, 	 0.000000183891802148697626094885, 
	 0.15656854249492380, 	 0.000000109482854205239313922997, 
	 0.16750000000000001, 	 0.000000093181251278826110031493, 
	 0.17905694150420948, 	 0.000000091654150693990077649717, 
	 0.19120718173477352, 	 0.000000077975639831101895627083, 
	 0.20392304845413264, 	 0.000000052058346452676634812796, 
	 0.21718041645257968, 	 0.000000027121237007230092486953, 
	 0.23095800853708795, 	 0.000000012547956498363415177554, 
	 0.24523687548277814, 	 0.000000007916783374116113544961, 
	 0.26000000000000001, 	 0.000000007537403141090459354284, 
	 0.27523198908875057, 	 0.000000006856875037976644913020, 
	 0.29091883092036785, 	 0.000000004843096634344864225793, 
	 0.30704769981818203, 	 0.000000002575818201799857071656, 
	 0.32360679774997902, 	 0.000000001100208772581882536586, 
	 0.34058522398518165, 	 0.000000000547880308685274905221, 
	 0.35797286679028861, 	 0.000000000471860955032250713832, 
	 0.37576031259048137, 	 0.000000000449022395947276881969, 
	 0.39393876913398140, 	 0.000000000337220387239909619878, 
	 0.41249999999999998, 	 0.000000000188583105283920528862, 
	 0.43143626838353100, 	 0.000000000080063288724998026059, 
	 0.45074028853269765, 	 0.000000000032422965858647081929, 
	 0.47040518354904270, 	 0.000000000022435881063972558120, 
	 0.49042444851725164, 	 0.000000000021907607348409608224, 
	 0.51079191812887459, 	 0.000000000017991290201604141391, 
	 0.53150173811932666, 	 0.000000000011031042803857893453, 
	 0.55254833995939046, 	 0.000000000005014829553007069807, 
	 0.57392641833938740, 	 0.000000000001829734416749896712, 
	 0.59563091106185062, 	 0.000000000000865774519383994801, 
	 0.61765698102121636, 	 0.000000000000773559550670560780, 
	 0.64000000000000001, 	 0.000000000000711368622472462640, 
	 0.66265553405258526, 	 0.000000000000500341344203746668, 
	 0.68561933028205269, 	 0.000000000000260457874043988600, 
	 0.70888730484384377, 	 0.000000000000101122401299164901, 
	 0.73245553203367586, 	 0.000000000000034635862867198610, 
	 0.75632023433686701, 	 0.000000000000020253923778971637, 
	 0.78047777333282542, 	 0.000000000000019590185535362826, 
	 0.80492464136246511, 	 0.000000000000016455415899483945, 
	 0.82965745387818801, 	 0.000000000000010328344717741075, 
	 0.85467294240617908, 	 0.000000000000004801081917243709, 
	 0.87996794805940581, 	 0.000000000000001673903933163336, 
	 0.90553941554712269, 	 0.000000000000000557880208615166, 
	 0.93138438763306108, 	 0.000000000000000368279438752243, 
	 0.95750000000000002, 	 0.000000000000000357747129302354, 
	 0.98388347648318442, 	 0.000000000000000283033835044592, 
	 1.01053212463921338, 	 0.000000000000000166666527303419, 
	 1.03744333162063729, 	 0.000000000000000072873035309543, 
	 1.06461456032966861, 	 0.000000000000000023850045312594, 
	 1.09204334582718721, 	 0.000000000000000007495979570773, 
	 1.11972729197565379, 	 0.000000000000000004919166666332, 
	 1.14766406829670364, 	 0.000000000000000004765632940638, 
	 1.17585140702608193, 	 0.000000000000000003715557187454, 
	 1.20428710035026687, 	 0.000000000000000002157149956412, 
	 1.23296899781061975, 	 0.000000000000000000933691577380, 
	 1.26189500386222520, 	 0.000000000000000000300367390258, 
	 1.29106307557576505, 	 0.000000000000000000085328370301, 
	 1.32047122047183074, 	 0.000000000000000000047856496368, 
	 1.35011749447801921, 	 0.000000000000000000046332477640, 
	 1.38000000000000012, 	 0.000000000000000000037320791101, 
	 1.41011688409851454, 	 0.000000000000000000022395994012, 
	 1.44046633676493352, 	 0.000000000000000000010069801602, 
	 1.47104658928863530, 	 0.000000000000000000003361723689, 
	 1.50185591271000463, 	 0.000000000000000000000885377879, 
	 1.53289261635336804, 	 0.000000000000000000000353814617, 
	 1.56415504643463210, 	 0.000000000000000000000323175322, 
	 1.59564158473880369, 	 0.000000000000000000000281014156, 
	 1.62735064736294288, 	 0.000000000000000000000182465160, 
	 1.65928068352044944, 	 0.000000000000000000000088980142, 
	 1.69143017440288590, 	 0.000000000000000000000032509469, 
	 1.72379763209582260, 	 0.000000000000000000000008829166, 
	 1.75638159854545606, 	 0.000000000000000000000002377803, 
	 1.78918064457298365, 	 0.000000000000000000000001594328, 
	 1.82219336893393025, 	 0.000000000000000000000001519883, 
	 1.85541839741982884, 	 0.000000000000000000000001119757, 
	 1.88885438199983202, 	 0.000000000000000000000000616208, 
	 1.92250000000000010, 	 0.000000000000000000000000256587, 
	 1.95635395331817064, 	 0.000000000000000000000000079577, 
	 1.99041496767244230, 	 0.000000000000000000000000018843, 
	 2.02468179188145303, 	 0.000000000000000000000000006329, 
	 2.05915319717473855, 	 0.000000000000000000000000005572, 
	 2.09382797653157660, 	 0.000000000000000000000000004868, 
	 2.12870494404681754, 	 0.000000000000000000000000003159, 
	 2.16378293432230917, 	 0.000000000000000000000000001547, 
	 2.19906080188259434, 	 0.000000000000000000000000000575, 
	 2.23453742061365634, 	 0.000000000000000000000000000158, 
	 2.27021168322355127, 	 0.000000000000000000000000000035, 
	 2.30608250072385124, 	 0.000000000000000000000000000014, 
	 2.34214880193086206, 	 0.000000000000000000000000000014, 
	 2.37840953298567470, 	 0.000000000000000000000000000011, 
	 2.41486365689212912, 	 0.000000000000000000000000000007, 
	 2.45151015307185105, 	 0.000000000000000000000000000003, 
	 2.48834801693555541, 	 0.000000000000000000000000000001, 
	 2.52537625946985811, 	 0.000000000000000000000000000000, 
	 2.56259390683888455, 	 0.000000000000000000000000000000, 
	 2.60000000000000009, 	 0.000000000000000000000000000000, 
