	 0.00000000000000000, 	 0.003250868979810467643276616911, 
	 0.00010000000000000, 	 0.003152240903542850077728720848, 
	 0.00013310000000000, 	 0.003120192883826560480142742193, 
	 0.00017280000000000, 	 0.003082141321077871368855349843, 
	 0.00021970000000000, 	 0.003037726835687395727375603727, 
	 0.00027440000000000, 	 0.002986653548021919214738861825, 
	 0.00033750000000000, 	 0.002928697577224125773304175269, 
	 0.00040960000000000, 	 0.002863715219500527313367665982, 
	 0.00049130000000000, 	 0.002791650536646231479942503739, 
	 0.00058320000000000, 	 0.002712542069945853440843253068, 
	 0.00068590000000000, 	 0.002626528386147975076270189021, 
	 0.00080000000000000, 	 0.002533852162473759772609582797, 
	 0.00092610000000000, 	 0.002434862527987304361976050870, 
	 0.00106480000000000, 	 0.002330015400292602834736443995, 
	 0.00121670000000000, 	 0.002219871590266007943537118763, 
	 0.00138240000000000, 	 0.002105092493792054368639821149, 
	 0.00156250000000000, 	 0.001986433248132552821518803654, 
	 0.00175760000000000, 	 0.001864733300911826201218257637, 
	 0.00196830000000000, 	 0.001740904420373431309501666142, 
	 0.00219520000000000, 	 0.001615916264491578822545814198, 
	 0.00243890000000000, 	 0.001490779720949359041931581160, 
	 0.00270000000000000, 	 0.001366528326521868020801409038, 
	 0.00297910000000000, 	 0.001244198169058175406850863531, 
	 0.00327680000000000, 	 0.001124806763643149912917929001, 
	 0.00359370000000000, 	 0.001009331471985577604807970964, 
	 0.00393040000000000, 	 0.000898688095935252064319631593, 
	 0.00428750000000000, 	 0.000793710317808384523650955256, 
	 0.00466560000000000, 	 0.000695130677920957184418027097, 
	 0.00506530000000000, 	 0.000603563770192641212315731725, 
	 0.00548720000000000, 	 0.000519492297739885242925661490, 
	 0.00593190000000000, 	 0.000443256561172004101382959629, 
	 0.00640000000000000, 	 0.000375047853478035087687603166, 
	 0.00689210000000000, 	 0.000314906109205913189302838973, 
	 0.00740880000000000, 	 0.000262723834171780504156273883, 
	 0.00795070000000000, 	 0.000218245368515165128571117736, 
	 0.00851840000000000, 	 0.000181088800652029035653106659, 
	 0.00911250000000000, 	 0.000150753555455284847172658935, 
	 0.00973360000000000, 	 0.000126640657579446915589199696, 
	 0.01038230000000000, 	 0.000108073996629286849598290676, 
	 0.01105920000000000, 	 0.000094323631371665071342763609, 
	 0.01176490000000000, 	 0.000084630231772853440307124995, 
	 0.01250000000000000, 	 0.000078229695130854962742926462, 
	 0.01326510000000000, 	 0.000074376954969812450295385542, 
	 0.01406080000000000, 	 0.000072368031491331632695795939, 
	 0.01488770000000000, 	 0.000071559450428515378921437429, 
	 0.01574640000000000, 	 0.000071384280514999432463996154, 
	 0.01663750000000000, 	 0.000071364203056933263736964779, 
	 0.01756160000000000, 	 0.000071117222267463728801670242, 
	 0.01851930000000000, 	 0.000070359280736197237025170148, 
	 0.01951120000000000, 	 0.000068909230761220638633406110, 
	 0.02053790000000000, 	 0.000066675357679817223114510094, 
	 0.02160000000000000, 	 0.000063646464909729793483356142, 
	 0.02269810000000000, 	 0.000059887063498419620933242713, 
	 0.02383280000000000, 	 0.000055516730441323849183556799, 
	 0.02500470000000000, 	 0.000050695712896696822676728678, 
	 0.02621440000000000, 	 0.000045608566531099635314727703, 
	 0.02746250000000000, 	 0.000040448271255738285688639128, 
	 0.02874960000000000, 	 0.000035401667453651053027712664, 
	 0.03007630000000000, 	 0.000030636935914637893052774736, 
	 0.03144320000000000, 	 0.000026293684298395451659794905, 
	 0.03285090000000000, 	 0.000022476013128256680431021897, 
	 0.03430000000000000, 	 0.000019248728136815459403407419, 
	 0.03579110000000000, 	 0.000016636657339733675200306104, 
	 0.03732480000000000, 	 0.000014626834625646907019590193, 
	 0.03890170000000000, 	 0.000013173140025629706268816416, 
	 0.04052240000000000, 	 0.000012202851291483339979566936, 
	 0.04218750000000000, 	 0.000011624470290525868392374556, 
	 0.04389760000000000, 	 0.000011336145924326546360395331, 
	 0.04565330000000000, 	 0.000011234023950893354837376505, 
	 0.04745520000000000, 	 0.000011219910579932035538715945, 
	 0.04930390000000000, 	 0.000011207734814913182560115572, 
	 0.05120000000000000, 	 0.000011128425022798442444761646, 
	 0.05314410000000000, 	 0.000010932966678053196858374022, 
	 0.05513680000000000, 	 0.000010593567950285299000237789, 
	 0.05717870000000000, 	 0.000010103014850933974058937864, 
	 0.05927040000000000, 	 0.000009472435952087370717583648, 
	 0.06141250000000000, 	 0.000008727807976878846474679333, 
	 0.06360560000000000, 	 0.000007905610206967948728161433, 
	 0.06585030000000000, 	 0.000007048073224233485243250211, 
	 0.06814720000000000, 	 0.000006198465046820661077987564, 
	 0.07049690000000000, 	 0.000005396817733137164700295187, 
	 0.07290000000000001, 	 0.000004676425633799331381575126, 
	 0.07535710000000000, 	 0.000004061350816769969972240637, 
	 0.07786880000000000, 	 0.000003565061631853738287507849, 
	 0.08043570000000000, 	 0.000003190217537917747864343069, 
	 0.08305840000000000, 	 0.000002929507581647466841633012, 
	 0.08573749999999999, 	 0.000002767360509512269187398347, 
	 0.08847360000000000, 	 0.000002682278653327214854506719, 
	 0.09126730000000000, 	 0.000002649510114560175766179259, 
	 0.09411920000000000, 	 0.000002643766131178713003132153, 
	 0.09702990000000000, 	 0.000002641711635118162800934952, 
	 0.10000000000000001, 	 0.000002624002978366799353616805, 
	 0.10249999999999999, 	 0.000002587459159791085550495360, 
	 0.10707106781186548, 	 0.000002458550248112048908130092, 
	 0.11299038105676659, 	 0.000002182313363450648773406724, 
	 0.12000000000000001, 	 0.000001768261276320890811473356, 
	 0.12795084971874737, 	 0.000001321285644643927121455072, 
	 0.13674234614174768, 	 0.000000982376425162068572341273, 
	 0.14630064794363035, 	 0.000000823823800049043731832607, 
	 0.15656854249492380, 	 0.000000796995503326571060309083, 
	 0.16750000000000001, 	 0.000000783038068838283290884375, 
	 0.17905694150420948, 	 0.000000696120160800387438884641, 
	 0.19120718173477352, 	 0.000000543049768245065730636989, 
	 0.20392304845413264, 	 0.000000394512514020615158270725, 
	 0.21718041645257968, 	 0.000000309523579403995905425212, 
	 0.23095800853708795, 	 0.000000287984640285830538799226, 
	 0.24523687548277814, 	 0.000000285285373278171105440088, 
	 0.26000000000000001, 	 0.000000260840000427752960255646, 
	 0.27523198908875057, 	 0.000000210128543646254267513904, 
	 0.29091883092036785, 	 0.000000157307562292159154236187, 
	 0.30704769981818203, 	 0.000000125614398731571361845819, 
	 0.32360679774997902, 	 0.000000117086879320811021568668, 
	 0.34058522398518165, 	 0.000000116276857839830507274887, 
	 0.35797286679028861, 	 0.000000107952569579798167294959, 
	 0.37576031259048137, 	 0.000000089692506985171860618832, 
	 0.39393876913398140, 	 0.000000070063827327518013438119, 
	 0.41249999999999998, 	 0.000000057974259906680160397299, 
	 0.43143626838353100, 	 0.000000054693937992343874351760, 
	 0.45074028853269765, 	 0.000000054567841632785063821806, 
	 0.47040518354904270, 	 0.000000051447228998827912450707, 
	 0.49042444851725164, 	 0.000000043885761933343956782147, 
	 0.51079191812887459, 	 0.000000035071566881610908660644, 
	 0.53150173811932666, 	 0.000000028932849898475319390132, 
	 0.55254833995939046, 	 0.000000026641189892585701689881, 
	 0.57392641833938740, 	 0.000000026292678540961958466993, 
	 0.59563091106185062, 	 0.000000025210126765962466876223, 
	 0.61765698102121636, 	 0.000000022309775757027967766960, 
	 0.64000000000000001, 	 0.000000018577701022106345594431, 
	 0.66265553405258526, 	 0.000000015731354078957285323261, 
	 0.68561933028205269, 	 0.000000014591264018871835707035, 
	 0.70888730484384377, 	 0.000000014558734154234569492652, 
	 0.73245553203367586, 	 0.000000014363455633014337266257, 
	 0.75632023433686701, 	 0.000000013200681195146922585055, 
	 0.78047777333282542, 	 0.000000011265154003410151083841, 
	 0.80492464136246511, 	 0.000000009390958476682246242751, 
	 0.82965745387818801, 	 0.000000008271165750834693870250, 
	 0.85467294240617908, 	 0.000000007952068417831606217967, 
	 0.87996794805940581, 	 0.000000007930937562715500570496, 
	 0.90553941554712269, 	 0.000000007650800558341428529772, 
	 0.93138438763306108, 	 0.000000006928537317350877776824, 
	 0.95750000000000002, 	 0.000000006005424110341359278472, 
	 0.98388347648318442, 	 0.000000005263640359621186210943, 
	 1.01053212463921338, 	 0.000000004895917372898052354084, 
	 1.03744333162063729, 	 0.000000004789899827358221738985, 
	 1.06461456032966861, 	 0.000000004671843387779835938976, 
	 1.09204334582718721, 	 0.000000004349072353314224525421, 
	 1.11972729197565379, 	 0.000000003847491417132371234102, 
	 1.14766406829670364, 	 0.000000003357981310109498305527, 
	 1.17585140702608193, 	 0.000000003064456881269263714966, 
	 1.20428710035026687, 	 0.000000003001683324956999578526, 
	 1.23296899781061975, 	 0.000000003043730626692865641318, 
	 1.26189500386222520, 	 0.000000003011716439983765629249, 
	 1.29106307557576505, 	 0.000000002805263298682714571006, 
	 1.32047122047183074, 	 0.000000002460905170989806931838, 
	 1.35011749447801921, 	 0.000000002108115963473067676442, 
	 1.38000000000000012, 	 0.000000001869718190221681130140, 
	 1.41011688409851454, 	 0.000000001783534603589454894863, 
	 1.44046633676493352, 	 0.000000001793952570123786199294, 
	 1.47104658928863530, 	 0.000000001805851983368459835848, 
	 1.50185591271000463, 	 0.000000001752842395416630129160, 
	 1.53289261635336804, 	 0.000000001631580847537387908341, 
	 1.56415504643463210, 	 0.000000001486488357864256919634, 
	 1.59564158473880369, 	 0.000000001366019335818546748230, 
	 1.62735064736294288, 	 0.000000001286836892231695320378, 
	 1.65928068352044944, 	 0.000000001229512963109757574127, 
	 1.69143017440288590, 	 0.000000001162627573971081408196, 
	 1.72379763209582260, 	 0.000000001072348495066987918702, 
	 1.75638159854545606, 	 0.000000000974242376151546534537, 
	 1.78918064457298365, 	 0.000000000900263892190602471470, 
	 1.82219336893393025, 	 0.000000000872823345863277122438, 
	 1.85541839741982884, 	 0.000000000886028818768543347947, 
	 1.88885438199983202, 	 0.000000000907424556556573463087, 
	 1.92250000000000010, 	 0.000000000898287116161501970655, 
	 1.95635395331817064, 	 0.000000000838075579692748540853, 
	 1.99041496767244230, 	 0.000000000736909272050925617865, 
	 2.02468179188145303, 	 0.000000000628865902662377640266, 
	 2.05915319717473855, 	 0.000000000551504720106480937053, 
	 2.09382797653157660, 	 0.000000000524926840764999844940, 
	 2.12870494404681754, 	 0.000000000542557151664438825788, 
	 2.16378293432230917, 	 0.000000000577527395021439225981, 
	 2.19906080188259434, 	 0.000000000599049336619850990729, 
	 2.23453742061365634, 	 0.000000000588320293107749036158, 
	 2.27021168322355127, 	 0.000000000545449109300571827812, 
	 2.30608250072385124, 	 0.000000000485383748844633089958, 
	 2.34214880193086206, 	 0.000000000427292753055725462864, 
	 2.37840953298567470, 	 0.000000000384537742126522289052, 
	 2.41486365689212912, 	 0.000000000360426322439338783695, 
	 2.45151015307185105, 	 0.000000000350415425074557309527, 
	 2.48834801693555541, 	 0.000000000347550776933929136561, 
	 2.52537625946985811, 	 0.000000000346884852113843864085, 
	 2.56259390683888455, 	 0.000000000346457410435680994214, 
	 2.60000000000000009, 	 0.000000000345394119582440295563, 
