########################################################################################## 
#####	 Helm [v1] Interpolation List [Christian] 
########################################################################################## 
	 0.00000000000000000, 	 0.003691908267532175488140344655, 
	 0.00010000000000000, 	 0.003593110541779100802761703903, 
	 0.00013310000000000, 	 0.003560933177844675685125297449, 
	 0.00017280000000000, 	 0.003522679768644189877979666647, 
	 0.00021970000000000, 	 0.003477962432023574707723456712, 
	 0.00027440000000000, 	 0.003426449792432898627803083969, 
	 0.00033750000000000, 	 0.003367874840637002150506296161, 
	 0.00040960000000000, 	 0.003302042642614159626002212633, 
	 0.00049130000000000, 	 0.003228837682293325597043809339, 
	 0.00058320000000000, 	 0.003148230607118225610197015385, 
	 0.00068590000000000, 	 0.003060284134397656119475072956, 
	 0.00080000000000000, 	 0.002965157871168144516210718464, 
	 0.00092610000000000, 	 0.002863111801971860662791025121, 
	 0.00106480000000000, 	 0.002754508208547094653961817556, 
	 0.00121670000000000, 	 0.002639811803780862334983803308, 
	 0.00138240000000000, 	 0.002519587889989348059027740589, 
	 0.00156250000000000, 	 0.002394498388978316249370292823, 
	 0.00175760000000000, 	 0.002265295638336116672978404196, 
	 0.00196830000000000, 	 0.002132813904552853089685582333, 
	 0.00219520000000000, 	 0.001997958627905015074194272628, 
	 0.00243890000000000, 	 0.001861693485171438382924646859, 
	 0.00270000000000000, 	 0.001725025432233719124841542225, 
	 0.00297910000000000, 	 0.001588987967064435296790647634, 
	 0.00327680000000000, 	 0.001454622931689755326728485940, 
	 0.00359370000000000, 	 0.001322961246242685415600015553, 
	 0.00393040000000000, 	 0.001195003035762649823414704997, 
	 0.00428750000000000, 	 0.001071697667395105687399015082, 
	 0.00466560000000000, 	 0.000953924258597909345037957340, 
	 0.00506530000000000, 	 0.000842473242596027084225229764, 
	 0.00548720000000000, 	 0.000738029582797174307437493290, 
	 0.00593190000000000, 	 0.000641158210968775614524428619, 
	 0.00640000000000000, 	 0.000552292223282091834790641371, 
	 0.00689210000000000, 	 0.000471724303443943175379732269, 
	 0.00740880000000000, 	 0.000399601753781363578515994917, 
	 0.00795070000000000, 	 0.000335925405260794696440940221, 
	 0.00851840000000000, 	 0.000280552549203941378134358198, 
	 0.00911250000000000, 	 0.000233203891314541186027126107, 
	 0.00973360000000000, 	 0.000193474378062536203886495612, 
	 0.01038230000000000, 	 0.000160847592902959950472013828, 
	 0.01105920000000000, 	 0.000134713272297349255903278764, 
	 0.01176490000000000, 	 0.000114387356424495713032654653, 
	 0.01250000000000000, 	 0.000099133874102279667347471792, 
	 0.01326510000000000, 	 0.000088187872575318804473261391, 
	 0.01406080000000000, 	 0.000080778546296245211204289927, 
	 0.01488770000000000, 	 0.000076151699125759342821895270, 
	 0.01574640000000000, 	 0.000073590694253373761975212108, 
	 0.01663750000000000, 	 0.000072435106328716170249505668, 
	 0.01756160000000000, 	 0.000072096389310696699145170063, 
	 0.01851930000000000, 	 0.000072070007630912848498559720, 
	 0.01951120000000000, 	 0.000071943641475508181564076093, 
	 0.02053790000000000, 	 0.000071401261400386894151112727, 
	 0.02160000000000000, 	 0.000070223063608837308540236433, 
	 0.02269810000000000, 	 0.000068281454467887157076810833, 
	 0.02383280000000000, 	 0.000065533460198016396983621001, 
	 0.02500470000000000, 	 0.000062010104355647371280474411, 
	 0.02621440000000000, 	 0.000057803431906259070832427432, 
	 0.02746250000000000, 	 0.000053051956164886488842395706, 
	 0.02874960000000000, 	 0.000047925357715751198245911213, 
	 0.03007630000000000, 	 0.000042609269397345575351200575, 
	 0.03144320000000000, 	 0.000037290938370190412920208295, 
	 0.03285090000000000, 	 0.000032146468119693528237793695, 
	 0.03430000000000000, 	 0.000027330215937454038646701321, 
	 0.03579110000000000, 	 0.000022966763570586327058119236, 
	 0.03732480000000000, 	 0.000019145701012692146401579854, 
	 0.03890170000000000, 	 0.000015919277857636226591701856, 
	 0.04052240000000000, 	 0.000013302795755138543129861284, 
	 0.04218750000000000, 	 0.000011277451364446009634840556, 
	 0.04389760000000000, 	 0.000009795202527416014512710515, 
	 0.04565330000000000, 	 0.000008785129751222349532200316, 
	 0.04745520000000000, 	 0.000008160706276488461838585636, 
	 0.04930390000000000, 	 0.000007827375547825481181922480, 
	 0.05120000000000000, 	 0.000007689863935187622872593181, 
	 0.05314410000000000, 	 0.000007658724916417785665077693, 
	 0.05513680000000000, 	 0.000007655711553777086775837528, 
	 0.05717870000000000, 	 0.000007617697627501524715179851, 
	 0.05927040000000000, 	 0.000007499003410112843414194253, 
	 0.06141250000000000, 	 0.000007272118429873005568658123, 
	 0.06360560000000000, 	 0.000006926939774279583746151388, 
	 0.06585030000000000, 	 0.000006468750973847700132181738, 
	 0.06814720000000000, 	 0.000005915245863153936121655099, 
	 0.07049690000000000, 	 0.000005292949319492686497084892, 
	 0.07290000000000001, 	 0.000004633400714759023915432362, 
	 0.07535710000000000, 	 0.000003969447596707500283436543, 
	 0.07786880000000000, 	 0.000003331950623255785485268528, 
	 0.08043570000000000, 	 0.000002747132447433683402062635, 
	 0.08305840000000000, 	 0.000002234720982673584373766080, 
	 0.08573749999999999, 	 0.000001806949887281107396089946, 
	 0.08847360000000000, 	 0.000001468394680004398395337735, 
	 0.09126730000000000, 	 0.000001216549185065628463009641, 
	 0.09411920000000000, 	 0.000001042989944806272616299281, 
	 0.09702990000000000, 	 0.000000934939686846654434694798, 
	 0.10000000000000001, 	 0.000000877026424473316039361103, 
	 0.10249999999999999, 	 0.000000855465208497205485617572, 
	 0.10707106781186548, 	 0.000000847393288346769288854003, 
	 0.11299038105676659, 	 0.000000839183286529475513809977, 
	 0.12000000000000001, 	 0.000000775658320448039922827591, 
	 0.12795084971874737, 	 0.000000627601960368219143026594, 
	 0.13674234614174768, 	 0.000000426991907312578050251944, 
	 0.14630064794363035, 	 0.000000243156731512599049541980, 
	 0.15656854249492380, 	 0.000000128369015454884702047314, 
	 0.16750000000000001, 	 0.000000085475219703624965144145, 
	 0.17905694150420948, 	 0.000000080178448393206712077726, 
	 0.19120718173477352, 	 0.000000076343596982570357356643, 
	 0.20392304845413264, 	 0.000000059700256318351841511381, 
	 0.21718041645257968, 	 0.000000036360024746656416639627, 
	 0.23095800853708795, 	 0.000000017607521508244584514715, 
	 0.24523687548277814, 	 0.000000008350635483268661833954, 
	 0.26000000000000001, 	 0.000000006080701817308650151671, 
	 0.27523198908875057, 	 0.000000005958478828923750593563, 
	 0.29091883092036785, 	 0.000000005118995351094367777774, 
	 0.30704769981818203, 	 0.000000003377158061898367502368, 
	 0.32360679774997902, 	 0.000000001691033495040640685119, 
	 0.34058522398518165, 	 0.000000000704628314939909791367, 
	 0.35797286679028861, 	 0.000000000376243435711266639860, 
	 0.37576031259048137, 	 0.000000000341263441886384961769, 
	 0.39393876913398140, 	 0.000000000317983745348670697078, 
	 0.41249999999999998, 	 0.000000000231423305722337152224, 
	 0.43143626838353100, 	 0.000000000126232199847407682164, 
	 0.45074028853269765, 	 0.000000000052689478285806880023, 
	 0.47040518354904270, 	 0.000000000021128712493776996432, 
	 0.49042444851725164, 	 0.000000000014542570504566700772, 
	 0.51079191812887459, 	 0.000000000014244860444448135190, 
	 0.53150173811932666, 	 0.000000000011765421193913356304, 
	 0.55254833995939046, 	 0.000000000007339841526834512546, 
	 0.57392641833938740, 	 0.000000000003419101903433437424, 
	 0.59563091106185062, 	 0.000000000001252314573924500371, 
	 0.61765698102121636, 	 0.000000000000533900598080047478, 
	 0.64000000000000001, 	 0.000000000000442094593247600075, 
	 0.66265553405258526, 	 0.000000000000420046454762173786, 
	 0.68561933028205269, 	 0.000000000000313591119678461436, 
	 0.70888730484384377, 	 0.000000000000175107960321061604, 
	 0.73245553203367586, 	 0.000000000000073053760944390733, 
	 0.75632023433686701, 	 0.000000000000024521714322431509, 
	 0.78047777333282542, 	 0.000000000000010996299364634516, 
	 0.80492464136246511, 	 0.000000000000009798459910653460, 
	 0.82965745387818801, 	 0.000000000000008977004239790942, 
	 0.85467294240617908, 	 0.000000000000006307855533813014, 
	 0.87996794805940581, 	 0.000000000000003317586717708011, 
	 0.90553941554712269, 	 0.000000000000001303946453591194, 
	 0.93138438763306108, 	 0.000000000000000409581443786026, 
	 0.95750000000000002, 	 0.000000000000000174786391146425, 
	 0.98388347648318442, 	 0.000000000000000155403774294095, 
	 1.01053212463921338, 	 0.000000000000000141407258434248, 
	 1.03744333162063729, 	 0.000000000000000098244196423154, 
	 1.06461456032966861, 	 0.000000000000000051226860054893, 
	 1.09204334582718721, 	 0.000000000000000019989912289667, 
	 1.11972729197565379, 	 0.000000000000000006024421923637, 
	 1.14766406829670364, 	 0.000000000000000002159110604715, 
	 1.17585140702608193, 	 0.000000000000000001753277021561, 
	 1.20428710035026687, 	 0.000000000000000001640932857197, 
	 1.23296899781061975, 	 0.000000000000000001184024972475, 
	 1.26189500386222520, 	 0.000000000000000000642700382898, 
	 1.29106307557576505, 	 0.000000000000000000262423861958, 
	 1.32047122047183074, 	 0.000000000000000000080417832067, 
	 1.35011749447801921, 	 0.000000000000000000023035708781, 
	 1.38000000000000012, 	 0.000000000000000000014126282427, 
	 1.41011688409851454, 	 0.000000000000000000013691448431, 
	 1.44046633676493352, 	 0.000000000000000000010777524965, 
	 1.47104658928863530, 	 0.000000000000000000006371210508, 
	 1.50185591271000463, 	 0.000000000000000000002852441435, 
	 1.53289261635336804, 	 0.000000000000000000000957065444, 
	 1.56415504643463210, 	 0.000000000000000000000249863456, 
	 1.59564158473880369, 	 0.000000000000000000000090139591, 
	 1.62735064736294288, 	 0.000000000000000000000078883132, 
	 1.65928068352044944, 	 0.000000000000000000000070544480, 
	 1.69143017440288590, 	 0.000000000000000000000047584007, 
	 1.72379763209582260, 	 0.000000000000000000000024296790, 
	 1.75638159854545606, 	 0.000000000000000000000009422409, 
	 1.78918064457298365, 	 0.000000000000000000000002725765, 
	 1.82219336893393025, 	 0.000000000000000000000000664147, 
	 1.85541839741982884, 	 0.000000000000000000000000321698, 
	 1.88885438199983202, 	 0.000000000000000000000000309104, 
	 1.92250000000000010, 	 0.000000000000000000000000250373, 
	 1.95635395331817064, 	 0.000000000000000000000000151804, 
	 1.99041496767244230, 	 0.000000000000000000000000070248, 
	 2.02468179188145303, 	 0.000000000000000000000000024713, 
	 2.05915319717473855, 	 0.000000000000000000000000006464, 
	 2.09382797653157660, 	 0.000000000000000000000000001531, 
	 2.12870494404681754, 	 0.000000000000000000000000000877, 
	 2.16378293432230917, 	 0.000000000000000000000000000844, 
	 2.19906080188259434, 	 0.000000000000000000000000000642, 
	 2.23453742061365634, 	 0.000000000000000000000000000366, 
	 2.27021168322355127, 	 0.000000000000000000000000000160, 
	 2.30608250072385124, 	 0.000000000000000000000000000054, 
	 2.34214880193086206, 	 0.000000000000000000000000000013, 
	 2.37840953298567470, 	 0.000000000000000000000000000003, 
	 2.41486365689212912, 	 0.000000000000000000000000000002, 
	 2.45151015307185105, 	 0.000000000000000000000000000002, 
	 2.48834801693555541, 	 0.000000000000000000000000000001, 
	 2.52537625946985811, 	 0.000000000000000000000000000001, 
	 2.56259390683888455, 	 0.000000000000000000000000000000, 
	 2.60000000000000009, 	 0.000000000000000000000000000000, 
