########################################################################################## 
#####	 (ad.) Klein-Nystrand Interpolation List [Christian] 
########################################################################################## 
	 0.00000000000000000, 	 0.003654441250199379469937310816, 
	 0.00010000000000000, 	 0.003555664988334912221534800381, 
	 0.00013310000000000, 	 0.003523503953648074882992746737, 
	 0.00017280000000000, 	 0.003485275984690674403593257935, 
	 0.00021970000000000, 	 0.003440596742862993100142698921, 
	 0.00027440000000000, 	 0.003389139238415341068982877815, 
	 0.00033750000000000, 	 0.003330641751362425906357600525, 
	 0.00040960000000000, 	 0.003264915574570626064648815046, 
	 0.00049130000000000, 	 0.003191852356401564741461562846, 
	 0.00058320000000000, 	 0.003111430804955115248661146055, 
	 0.00068590000000000, 	 0.003023722505685749739612333542, 
	 0.00080000000000000, 	 0.002928896600178711694117961173, 
	 0.00092610000000000, 	 0.002827223077306750646797706139, 
	 0.00106480000000000, 	 0.002719074439851399370426943136, 
	 0.00121670000000000, 	 0.002604925530769290620280997928, 
	 0.00138240000000000, 	 0.002485351334146302867966760175, 
	 0.00156250000000000, 	 0.002361022606701231301568055798, 
	 0.00175760000000000, 	 0.002232699246262393605322316148, 
	 0.00196830000000000, 	 0.002101221363274236551832441222, 
	 0.00219520000000000, 	 0.001967498088931006038765358923, 
	 0.00243890000000000, 	 0.001832494227303205604553970609, 
	 0.00270000000000000, 	 0.001697214936637888617332325936, 
	 0.00297910000000000, 	 0.001562688704224172910745016551, 
	 0.00327680000000000, 	 0.001429948956766319062214321001, 
	 0.00359370000000000, 	 0.001300014720738435890917683579, 
	 0.00393040000000000, 	 0.001173870811170772731138467471, 
	 0.00428750000000000, 	 0.001052448079180749078778700500, 
	 0.00466560000000000, 	 0.000936604284913566433046216986, 
	 0.00506530000000000, 	 0.000827106180351065223624318357, 
	 0.00548720000000000, 	 0.000724613383187820052702687867, 
	 0.00593190000000000, 	 0.000629664596908871879686608874, 
	 0.00640000000000000, 	 0.000542666682500939903319170377, 
	 0.00689210000000000, 	 0.000463887014115923611724118247, 
	 0.00740880000000000, 	 0.000393449455868694660930912077, 
	 0.00795070000000000, 	 0.000331334182377898396696519479, 
	 0.00851840000000000, 	 0.000277381435414213899700447419, 
	 0.00911250000000000, 	 0.000231299167954631833179351963, 
	 0.00973360000000000, 	 0.000192673906589607262787242070, 
	 0.01038230000000000, 	 0.000160987385956085527361630882, 
	 0.01105920000000000, 	 0.000135631128559719960806687067, 
	 0.01176490000000000, 	 0.000115928327214480790291646628, 
	 0.01250000000000000, 	 0.000101154753337396100237172147, 
	 0.01326510000000000, 	 0.000090560997691722016971968556, 
	 0.01406080000000000, 	 0.000083394713414321319636980656, 
	 0.01488770000000000, 	 0.000078922046065650508397774920, 
	 0.01574640000000000, 	 0.000076447499243461128348720024, 
	 0.01663750000000000, 	 0.000075331262457542096403970144, 
	 0.01756160000000000, 	 0.000075004192332493006020559256, 
	 0.01851930000000000, 	 0.000074978681938116326847858228, 
	 0.01951120000000000, 	 0.000074856210287215689883066894, 
	 0.02053790000000000, 	 0.000074330908048024008820744979, 
	 0.02160000000000000, 	 0.000073189257914800146627085087, 
	 0.02269810000000000, 	 0.000071306129747049514476520127, 
	 0.02383280000000000, 	 0.000068637515712574478877680551, 
	 0.02500470000000000, 	 0.000065210475400984008209105680, 
	 0.02621440000000000, 	 0.000061110917312708244665715729, 
	 0.02746250000000000, 	 0.000056469924922555927982153329, 
	 0.02874960000000000, 	 0.000051449378289152649127921602, 
	 0.03007630000000000, 	 0.000046227623838225356985021097, 
	 0.03144320000000000, 	 0.000040985905844988227060034236, 
	 0.03285090000000000, 	 0.000035896196094252038797343951, 
	 0.03430000000000000, 	 0.000031110948326107073342271236, 
	 0.03579110000000000, 	 0.000026755168492373499736138726, 
	 0.03732480000000000, 	 0.000022921039208196791525434452, 
	 0.03890170000000000, 	 0.000019665176717963059858668845, 
	 0.04052240000000000, 	 0.000017008441184735249976150637, 
	 0.04218750000000000, 	 0.000014938075820015620266147625, 
	 0.04389760000000000, 	 0.000013411825996010492121658653, 
	 0.04565330000000000, 	 0.000012363593183705317592440548, 
	 0.04745520000000000, 	 0.000011710115480371448672472501, 
	 0.04930390000000000, 	 0.000011358139429077389510620161, 
	 0.05120000000000000, 	 0.000011211557084624983377831031, 
	 0.05314410000000000, 	 0.000011178025653740959169304275, 
	 0.05513680000000000, 	 0.000011174660054919582238505162, 
	 0.05717870000000000, 	 0.000011132485006270538682379700, 
	 0.05927040000000000, 	 0.000010999444940208198215488532, 
	 0.06141250000000000, 	 0.000010741888526463677381510113, 
	 0.06360560000000000, 	 0.000010344561060596331325957091, 
	 0.06585030000000000, 	 0.000009809244138432920078699701, 
	 0.06814720000000000, 	 0.000009152270681906842232883163, 
	 0.07049690000000000, 	 0.000008401208915777955260595876, 
	 0.07290000000000001, 	 0.000007591047713176825332485453, 
	 0.07535710000000000, 	 0.000006760226428154358021562452, 
	 0.07786880000000000, 	 0.000005946835748785244481250459, 
	 0.08043570000000000, 	 0.000005185275159892474917727647, 
	 0.08305840000000000, 	 0.000004503592008042474659798397, 
	 0.08573749999999999, 	 0.000003921652958776478389087312, 
	 0.08847360000000000, 	 0.000003450217668225311768299664, 
	 0.09126730000000000, 	 0.000003090903802467166990660015, 
	 0.09411920000000000, 	 0.000002836958783685245200398934, 
	 0.09702990000000000, 	 0.000002674692548256721772001639, 
	 0.10000000000000001, 	 0.000002585381519923265738531608, 
	 0.10249999999999999, 	 0.000002551311185706479533390287, 
	 0.10707106781186548, 	 0.000002538389804894723428133670, 
	 0.11299038105676659, 	 0.000002524158367946133867359797, 
	 0.12000000000000001, 	 0.000002405642924198538758201590, 
	 0.12795084971874737, 	 0.000002106977643727954313556706, 
	 0.13674234614174768, 	 0.000001663871434333316355036448, 
	 0.14630064794363035, 	 0.000001213932459857900636042666, 
	 0.15656854249492380, 	 0.000000899265461375827966854603, 
	 0.16750000000000001, 	 0.000000766609774440372092850493, 
	 0.17905694150420948, 	 0.000000748434985895801467945681, 
	 0.19120718173477352, 	 0.000000731699291057356402282548, 
	 0.20392304845413264, 	 0.000000647221792001648415559379, 
	 0.21718041645257968, 	 0.000000506867560024474092150086, 
	 0.23095800853708795, 	 0.000000371416164780970764566108, 
	 0.24523687548277814, 	 0.000000290185369029829657498107, 
	 0.26000000000000001, 	 0.000000265665555847913165184323, 
	 0.27523198908875057, 	 0.000000263543721642470984291133, 
	 0.29091883092036785, 	 0.000000248092555640489677783894, 
	 0.30704769981818203, 	 0.000000208844305263295911966899, 
	 0.32360679774997902, 	 0.000000160614413998791553047315, 
	 0.34058522398518165, 	 0.000000124368032924304006914344, 
	 0.35797286679028861, 	 0.000000108912640341273500216288, 
	 0.37576031259048137, 	 0.000000107087154904988014288671, 
	 0.39393876913398140, 	 0.000000105231433179482767810542, 
	 0.41249999999999998, 	 0.000000095023123470044588437732, 
	 0.43143626838353100, 	 0.000000078072885408564892991506, 
	 0.45074028853269765, 	 0.000000061815303063484446347058, 
	 0.47040518354904270, 	 0.000000052162784152692828728356, 
	 0.49042444851725164, 	 0.000000049295064731806158113662, 
	 0.51079191812887459, 	 0.000000048879978026686300299623, 
	 0.53150173811932666, 	 0.000000046374054654875820018941, 
	 0.55254833995939046, 	 0.000000040406190735227376540452, 
	 0.57392641833938740, 	 0.000000032976852516690214185308, 
	 0.59563091106185062, 	 0.000000027127697630440156554985, 
	 0.61765698102121636, 	 0.000000024412720442259024813037, 
	 0.64000000000000001, 	 0.000000024056831571357753808756, 
	 0.66265553405258526, 	 0.000000024000672186065797525898, 
	 0.68561933028205269, 	 0.000000022629504259415958815770, 
	 0.70888730484384377, 	 0.000000019790107553787296958102, 
	 0.73245553203367586, 	 0.000000016542012521909657796530, 
	 0.75632023433686701, 	 0.000000014114643460236033174475, 
	 0.78047777333282542, 	 0.000000012988657653479200005324, 
	 0.80492464136246511, 	 0.000000012714304197539438690823, 
	 0.82965745387818801, 	 0.000000012428229020970806029068, 
	 0.85467294240617908, 	 0.000000011548780804324200131403, 
	 0.87996794805940581, 	 0.000000010125760281022483741993, 
	 0.90553941554712269, 	 0.000000008673937025296495255586, 
	 0.93138438763306108, 	 0.000000007712387860835816439851, 
	 0.95750000000000002, 	 0.000000007387088120192279659803, 
	 0.98388347648318442, 	 0.000000007420183037933237343843, 
	 1.01053212463921338, 	 0.000000007359275395805669063174, 
	 1.03744333162063729, 	 0.000000006903570129632703616447, 
	 1.06461456032966861, 	 0.000000006075619369521064121704, 
	 1.09204334582718721, 	 0.000000005153567776113230559579, 
	 1.11972729197565379, 	 0.000000004451494851621050863783, 
	 1.14766406829670364, 	 0.000000004116906196148329877235, 
	 1.17585140702608193, 	 0.000000004070701804788011487782, 
	 1.20428710035026687, 	 0.000000004099680039715445138185, 
	 1.23296899781061975, 	 0.000000004013021469030986860254, 
	 1.26189500386222520, 	 0.000000003751563654745514643547, 
	 1.29106307557576505, 	 0.000000003390974798900467901995, 
	 1.32047122047183074, 	 0.000000003058990064024246769366, 
	 1.35011749447801921, 	 0.000000002837424965107620747576, 
	 1.38000000000000012, 	 0.000000002715461029829221414196, 
	 1.41011688409851454, 	 0.000000002615010448963418396398, 
	 1.44046633676493352, 	 0.000000002458510397031143052844, 
	 1.47104658928863530, 	 0.000000002226975653011498625540, 
	 1.50185591271000463, 	 0.000000001970742793169695289200, 
	 1.53289261635336804, 	 0.000000001771497592629412935591, 
	 1.56415504643463210, 	 0.000000001685700371056544017889, 
	 1.59564158473880369, 	 0.000000001707567894695725705341, 
	 1.62735064736294288, 	 0.000000001773020687116208209911, 
	 1.65928068352044944, 	 0.000000001798431274452436167233, 
	 1.69143017440288590, 	 0.000000001727856662122640864658, 
	 1.72379763209582260, 	 0.000000001560618799482608208935, 
	 1.75638159854545606, 	 0.000000001345957072663240899183, 
	 1.78918064457298365, 	 0.000000001151865590198579879055, 
	 1.82219336893393025, 	 0.000000001028574969938306706893, 
	 1.85541839741982884, 	 0.000000000986957468676962010981, 
	 1.88885438199983202, 	 0.000000001000719784710958906744, 
	 1.92250000000000010, 	 0.000000001026870632668633037535, 
	 1.95635395331817064, 	 0.000000001030136519964353404962, 
	 1.99041496767244230, 	 0.000000000997666988186325196202, 
	 2.02468179188145303, 	 0.000000000938428772986048739306, 
	 2.05915319717473855, 	 0.000000000871274833132852830046, 
	 2.09382797653157660, 	 0.000000000811124864857465455231, 
	 2.12870494404681754, 	 0.000000000761701078797858952474, 
	 2.16378293432230917, 	 0.000000000717589409638861690467, 
	 2.19906080188259434, 	 0.000000000672168805039344760735, 
	 2.23453742061365634, 	 0.000000000624909722096401643021, 
	 2.27021168322355127, 	 0.000000000582967860923639471679, 
	 2.30608250072385124, 	 0.000000000556369519355115254997, 
	 2.34214880193086206, 	 0.000000000550378645134776547083, 
	 2.37840953298567470, 	 0.000000000560282736158378183561, 
	 2.41486365689212912, 	 0.000000000572129322007356765692, 
	 2.45151015307185105, 	 0.000000000569207317681262398530, 
	 2.48834801693555541, 	 0.000000000540647419672146213497, 
	 2.52537625946985811, 	 0.000000000514530702223751719816, 
	 2.56259390683888455, 	 0.000000000422015109185318126809, 
	 2.60000000000000009, 	 0.000000000363333748727388347206, 
