0.0,0.0,0.0
0.000204082,0.0,0.0
0.000408163,0.0,0.0
0.000612245,0.0,0.0
0.000816327,0.0,0.0
0.00102041,0.0,0.0
0.00122449,0.0,0.0
0.00142857,0.0,0.0
0.00163265,0.0,0.0
0.00183673,0.0,0.0
0.00204082,0.0,0.0
0.0022449,0.0,0.0
0.00244898,0.0,0.0
0.00265306,0.0,0.0
0.00285714,0.0,0.0
0.00306122,0.0,0.0
0.00326531,0.0,0.0
0.00346939,0.0,0.0
0.00367347,0.0,0.0
0.00387755,0.0,0.0
0.00408163,0.0,0.0
0.00428571,0.0,0.0
0.0044898,0.0,0.0
0.00469388,0.0,0.0
0.00489796,0.0,0.0
0.00510204,0.0,0.0
0.00530612,0.0,0.0
0.0055102,0.0,0.0
0.00571429,0.0,0.0
0.00591837,0.0,0.0
0.00612245,0.0,0.0
0.00632653,0.0,0.0
0.00653061,0.0,0.0
0.00673469,0.0,0.0
0.00693878,0.0,0.0
0.00714286,0.0,0.0
0.00734694,0.0,0.0
0.00755102,0.0,0.0
0.0077551,0.0,0.0
0.00795918,0.0,0.0
0.00816327,0.0,0.0
0.00836735,0.0,0.0
0.00857143,0.0,0.0
0.00877551,0.0,0.0
0.00897959,0.0,0.0
0.00918367,0.0,0.0
0.00938776,0.0,0.0
0.00959184,0.0,0.0
0.00979592,0.0,0.0
0.01,0.0,0.0
0.0118367,0.0,0.0
0.0136735,0.0,0.0
0.0155102,0.0,0.0
0.0173469,0.0,0.0
0.0191837,0.0,0.0
0.0210204,0.0,0.0
0.0228571,0.0,0.0
0.0246939,0.0,0.0
0.0265306,0.0,0.0
0.0283673,0.0,0.0
0.0302041,0.0,0.0
0.0320408,0.0,0.0
0.0338776,0.0,0.0
0.0357143,0.0,0.0
0.037551,0.0,0.0
0.0393878,0.0,0.0
0.0412245,0.0,0.0
0.0430612,0.0,0.0
0.044898,0.0,0.0
0.0467347,0.0,0.0
0.0485714,0.0,0.0
0.0504082,0.0,0.0
0.0522449,0.0,0.0
0.0540816,0.0,0.0
0.0559184,0.0,0.0
0.0577551,0.0,0.0
0.0595918,0.0,0.0
0.0614286,0.0,0.0
0.0632653,0.0,0.0
0.065102,0.0,0.0
0.0669388,0.0,0.0
0.0687755,0.0,0.0
0.0706122,0.0,0.0
0.072449,0.0,0.0
0.0742857,0.0,0.0
0.0761224,0.0,0.0
0.0779592,0.0,0.0
0.0797959,0.0,0.0
0.0816327,0.0,0.0
0.0834694,0.0,0.0
0.0853061,0.0,0.0
0.0871429,0.0,0.0
0.0889796,0.0,0.0
0.0908163,0.0,0.0
0.0926531,0.0,0.0
0.0944898,0.0,0.0
0.0963265,0.0,0.0
0.0981633,0.0,0.0
0.1,0.0,0.0
0.102041,0.0,0.0
0.104082,0.0,0.0
0.106122,0.0,0.0
0.108163,0.0,0.0
0.110204,0.0,0.0
0.112245,0.0,0.0
0.114286,0.0,0.0
0.116327,0.0,0.0
0.118367,0.0,0.0
0.120408,0.0,0.0
0.122449,0.0,0.0
0.12449,0.0,0.0
0.126531,0.0,0.0
0.128571,0.0,0.0
0.130612,0.0,0.0
0.132653,0.0,0.0
0.134694,0.0,0.0
0.136735,0.0,0.0
0.138776,0.0,0.0
0.140816,0.0,0.0
0.142857,0.0,0.0
0.144898,0.0,0.0
0.146939,0.0,0.0
0.14898,0.0,0.0
0.15102,0.0,0.0
0.153061,0.0,0.0
0.155102,0.0,0.0
0.157143,0.0,0.0
0.159184,0.0,0.0
0.161224,0.0,0.0
0.163265,0.0,0.0
0.165306,0.0,0.0
0.167347,0.0,0.0
0.169388,0.0,0.0
0.171429,0.0,0.0
0.173469,0.0,0.0
0.17551,0.0,0.0
0.177551,0.0,0.0
0.179592,0.0,0.0
0.181633,0.0,0.0
0.183673,0.0,0.0
0.185714,0.0,0.0
0.187755,0.0,0.0
0.189796,0.0,0.0
0.191837,0.0,0.0
0.193878,0.0,0.0
0.195918,0.0,0.0
0.197959,0.0,0.0
0.2,0.0,0.0
0.202041,0.0,0.0
0.204082,0.0,0.0
0.206122,0.0,0.0
0.208163,0.0,0.0
0.210204,0.0,0.0
0.212245,0.0,0.0
0.214286,0.0,0.0
0.216327,0.0,0.0
0.218367,0.0,0.0
0.220408,0.0,0.0
0.222449,0.0,0.0
0.22449,0.0,0.0
0.226531,0.0,0.0
0.228571,0.0,0.0
0.230612,0.0,0.0
0.232653,0.0,0.0
0.234694,0.0,0.0
0.236735,0.0,0.0
0.238776,0.0,0.0
0.240816,0.0,0.0
0.242857,0.0,0.0
0.244898,0.0,0.0
0.246939,0.0,0.0
0.24898,0.0,0.0
0.25102,0.0,0.0
0.253061,0.0,0.0
0.255102,0.0,0.0
0.257143,0.0,0.0
0.259184,0.0,0.0
0.261224,0.0,0.0
0.263265,0.0,0.0
0.265306,0.0,0.0
0.267347,0.0,0.0
0.269388,0.0,0.0
0.271429,0.0,0.0
0.273469,0.0,0.0
0.27551,0.0,0.0
0.277551,0.0,0.0
0.279592,0.0,0.0
0.281633,0.0,0.0
0.283673,0.0,0.0
0.285714,0.0,0.0
0.287755,0.0,0.0
0.289796,0.0,0.0
0.291837,0.0,0.0
0.293878,0.0,0.0
0.295918,0.0,0.0
0.297959,0.0,0.0
0.3,0.0,0.0
0.302041,0.0,0.0
0.304082,0.0,0.0
0.306122,0.0,0.0
0.308163,0.0,0.0
0.310204,0.0,0.0
0.312245,0.0,0.0
0.314286,0.0,0.0
0.316327,0.0,0.0
0.318367,0.0,0.0
0.320408,0.0,0.0
0.322449,0.0,0.0
0.32449,0.0,0.0
0.326531,0.0,0.0
0.328571,0.0,0.0
0.330612,0.0,0.0
0.332653,0.0,0.0
0.334694,0.0,0.0
0.336735,0.0,0.0
0.338776,0.0,0.0
0.340816,0.0,0.0
0.342857,0.0,0.0
0.344898,0.0,0.0
0.346939,0.0,0.0
0.34898,0.0,0.0
0.35102,0.0,0.0
0.353061,0.0,0.0
0.355102,0.0,0.0
0.357143,0.0,0.0
0.359184,0.0,0.0
0.361224,0.0,0.0
0.363265,0.0,0.0
0.365306,0.0,0.0
0.367347,0.0,0.0
0.369388,0.0,0.0
0.371429,0.0,0.0
0.373469,0.0,0.0
0.37551,0.0,0.0
0.377551,0.0,0.0
0.379592,0.0,0.0
0.381633,0.0,0.0
0.383673,0.0,0.0
0.385714,0.0,0.0
0.387755,0.0,0.0
0.389796,0.0,0.0
0.391837,0.0,0.0
0.393878,0.0,0.0
0.395918,0.0,0.0
0.397959,0.0,0.0
0.4,0.0,0.0
0.402041,0.0,0.0
0.404082,0.0,0.0
0.406122,0.0,0.0
0.408163,0.0,0.0
0.410204,0.0,0.0
0.412245,0.0,0.0
0.414286,0.0,0.0
0.416327,0.0,0.0
0.418367,0.0,0.0
0.420408,0.0,0.0
0.422449,0.0,0.0
0.42449,0.0,0.0
0.426531,0.0,0.0
0.428571,0.0,0.0
0.430612,0.0,0.0
0.432653,0.0,0.0
0.434694,0.0,0.0
0.436735,0.0,0.0
0.438776,0.0,0.0
0.440816,0.0,0.0
0.442857,0.0,0.0
0.444898,0.0,0.0
0.446939,0.0,0.0
0.44898,0.0,0.0
0.45102,0.0,0.0
0.453061,0.0,0.0
0.455102,0.0,0.0
0.457143,0.0,0.0
0.459184,0.0,0.0
0.461224,0.0,0.0
0.463265,0.0,0.0
0.465306,0.0,0.0
0.467347,0.0,0.0
0.469388,0.0,0.0
0.471429,0.0,0.0
0.473469,0.0,0.0
0.47551,0.0,0.0
0.477551,0.0,0.0
0.479592,0.0,0.0
0.481633,0.0,0.0
0.483673,0.0,0.0
0.485714,0.0,0.0
0.487755,0.0,0.0
0.489796,0.0,0.0
0.491837,0.0,0.0
0.493878,0.0,0.0
0.495918,0.0,0.0
0.497959,0.0,0.0
0.5,0.0,0.0
0.502041,0.0,0.0
0.504082,0.0,0.0
0.506122,0.0,0.0
0.508163,0.0,0.0
0.510204,0.0,0.0
0.512245,0.0,0.0
0.514286,0.0,0.0
0.516327,0.0,0.0
0.518367,0.0,0.0
0.520408,0.0,0.0
0.522449,0.0,0.0
0.52449,0.0,0.0
0.526531,0.0,0.0
0.528571,0.0,0.0
0.530612,0.0,0.0
0.532653,0.0,0.0
0.534694,0.0,0.0
0.536735,0.0,0.0
0.538776,0.0,0.0
0.540816,0.0,0.0
0.542857,0.0,0.0
0.544898,0.0,0.0
0.546939,0.0,0.0
0.54898,0.0,0.0
0.55102,0.0,0.0
0.553061,0.0,0.0
0.555102,0.0,0.0
0.557143,0.0,0.0
0.559184,0.0,0.0
0.561224,0.0,0.0
0.563265,0.0,0.0
0.565306,0.0,0.0
0.567347,0.0,0.0
0.569388,0.0,0.0
0.571429,0.0,0.0
0.573469,0.0,0.0
0.57551,0.0,0.0
0.577551,0.0,0.0
0.579592,0.0,0.0
0.581633,0.0,0.0
0.583673,0.0,0.0
0.585714,0.0,0.0
0.587755,0.0,0.0
0.589796,0.0,0.0
0.591837,0.0,0.0
0.593878,0.0,0.0
0.595918,0.0,0.0
0.597959,0.0,0.0
0.6,0.0,0.0
0.602041,0.0,0.0
0.604082,0.0,0.0
0.606122,0.0,0.0
0.608163,0.0,0.0
0.610204,0.0,0.0
0.612245,0.0,0.0
0.614286,0.0,0.0
0.616327,0.0,0.0
0.618367,0.0,0.0
0.620408,0.0,0.0
0.622449,0.0,0.0
0.62449,0.0,0.0
0.626531,0.0,0.0
0.628571,0.0,0.0
0.630612,0.0,0.0
0.632653,0.0,0.0
0.634694,0.0,0.0
0.636735,0.0,0.0
0.638776,0.0,0.0
0.640816,0.0,0.0
0.642857,0.0,0.0
0.644898,0.0,0.0
0.646939,0.0,0.0
0.64898,0.0,0.0
0.65102,0.0,0.0
0.653061,0.0,0.0
0.655102,0.0,0.0
0.657143,0.0,0.0
0.659184,0.0,0.0
0.661224,0.0,0.0
0.663265,0.0,0.0
0.665306,0.0,0.0
0.667347,0.0,0.0
0.669388,0.0,0.0
0.671429,0.0,0.0
0.673469,0.0,0.0
0.67551,0.0,0.0
0.677551,0.0,0.0
0.679592,0.0,0.0
0.681633,0.0,0.0
0.683673,0.0,0.0
0.685714,0.0,0.0
0.687755,0.0,0.0
0.689796,0.0,0.0
0.691837,0.0,0.0
0.693878,0.0,0.0
0.695918,0.0,0.0
0.697959,0.0,0.0
0.7,0.0,0.0
0.702041,0.0,0.0
0.704082,0.0,0.0
0.706122,0.0,0.0
0.708163,0.0,0.0
0.710204,0.0,0.0
0.712245,0.0,0.0
0.714286,0.0,0.0
0.716327,0.0,0.0
0.718367,0.0,0.0
0.720408,0.0,0.0
0.722449,0.0,0.0
0.72449,0.0,0.0
0.726531,0.0,0.0
0.728571,0.0,0.0
0.730612,0.0,0.0
0.732653,0.0,0.0
0.734694,0.0,0.0
0.736735,0.0,0.0
0.738776,0.0,0.0
0.740816,0.0,0.0
0.742857,0.0,0.0
0.744898,0.0,0.0
0.746939,0.0,0.0
0.74898,0.0,0.0
0.75102,0.0,0.0
0.753061,0.0,0.0
0.755102,0.0,0.0
0.757143,0.0,0.0
0.759184,0.0,0.0
0.761224,0.0,0.0
0.763265,0.0,0.0
0.765306,0.0,0.0
0.767347,0.0,0.0
0.769388,0.0,0.0
0.771429,0.0,0.0
0.773469,0.0,0.0
0.77551,0.0,0.0
0.777551,0.0,0.0
0.779592,0.0,0.0
0.781633,0.0,0.0
0.783673,0.0,0.0
0.785714,0.0,0.0
0.787755,0.0,0.0
0.789796,0.0,0.0
0.791837,0.0,0.0
0.793878,0.0,0.0
0.795918,0.0,0.0
0.797959,0.0,0.0
0.8,0.0,0.0
0.802041,0.0,0.0
0.804082,0.0,0.0
0.806122,0.0,0.0
0.808163,0.0,0.0
0.810204,0.0,0.0
0.812245,0.0,0.0
0.814286,0.0,0.0
0.816327,0.0,0.0
0.818367,0.0,0.0
0.820408,0.0,0.0
0.822449,0.0,0.0
0.82449,0.0,0.0
0.826531,0.0,0.0
0.828571,0.0,0.0
0.830612,0.0,0.0
0.832653,0.0,0.0
0.834694,0.0,0.0
0.836735,0.0,0.0
0.838776,0.0,0.0
0.840816,0.0,0.0
0.842857,0.0,0.0
0.844898,0.0,0.0
0.846939,0.0,0.0
0.84898,0.0,0.0
0.85102,0.0,0.0
0.853061,0.0,0.0
0.855102,0.0,0.0
0.857143,0.0,0.0
0.859184,0.0,0.0
0.861224,0.0,0.0
0.863265,0.0,0.0
0.865306,0.0,0.0
0.867347,0.0,0.0
0.869388,0.0,0.0
0.871429,0.0,0.0
0.873469,0.0,0.0
0.87551,0.0,0.0
0.877551,0.0,0.0
0.879592,0.0,0.0
0.881633,0.0,0.0
0.883673,0.0,0.0
0.885714,0.0,0.0
0.887755,0.0,0.0
0.889796,0.0,0.0
0.891837,0.0,0.0
0.893878,0.0,0.0
0.895918,0.0,0.0
0.897959,0.0,0.0
0.9,0.0,0.0
0.902041,0.0,0.0
0.904082,0.0,0.0
0.906122,0.0,0.0
0.908163,0.0,0.0
0.910204,0.0,0.0
0.912245,0.0,0.0
0.914286,0.0,0.0
0.916327,0.0,0.0
0.918367,0.0,0.0
0.920408,0.0,0.0
0.922449,0.0,0.0
0.92449,0.0,0.0
0.926531,0.0,0.0
0.928571,0.0,0.0
0.930612,0.0,0.0
0.932653,0.0,0.0
0.934694,0.0,0.0
0.936735,0.0,0.0
0.938776,0.0,0.0
0.940816,0.0,0.0
0.942857,0.0,0.0
0.944898,0.0,0.0
0.946939,0.0,0.0
0.94898,0.0,0.0
0.95102,0.0,0.0
0.953061,0.0,0.0
0.955102,0.0,0.0
0.957143,0.0,0.0
0.959184,0.0,0.0
0.961224,0.0,0.0
0.963265,0.0,0.0
0.965306,0.0,0.0
0.967347,0.0,0.0
0.969388,0.0,0.0
0.971429,0.0,0.0
0.973469,0.0,0.0
0.97551,0.0,0.0
0.977551,0.0,0.0
0.979592,0.0,0.0
0.981633,0.0,0.0
0.983673,0.0,0.0
0.985714,0.0,0.0
0.987755,0.0,0.0
0.989796,0.0,0.0
0.991837,0.0,0.0
0.993878,0.0,0.0
0.995918,0.0,0.0
0.997959,0.0,0.0
1.0,0.0,0.0
1.08163,0.0,0.0
1.16327,0.0,0.0
1.2449,0.0,0.0
1.32653,0.0,0.0
1.40816,0.0,0.0
1.4898,0.0,0.0
1.57143,0.0,0.0
1.65306,0.0,0.0
1.73469,0.0,0.0
1.81633,9.56949e-25,1.19834e-27
1.89796,1.13551e-19,1.53991e-22
1.97959,6.92901e-18,1.02753e-20
2.06122,8.29732e-17,1.49224e-19
2.14286,4.84402e-16,7.10968e-19
2.22449,1.91682e-15,3.23297e-18
2.30612,5.86036e-15,1.02564e-17
2.38776,1.50249e-14,2.37872e-17
2.46939,3.40132e-14,6.81605e-17
2.55102,7.0256e-14,1.50266e-16
2.63265,1.3406e-13,2.51257e-16
2.71429,2.40059e-13,6.03471e-16
2.79592,4.07769e-13,7.83653e-16
2.87755,6.70376e-13,1.32732e-15
2.95918,1.05413e-12,1.9477e-15
3.04082,1.61376e-12,2.79428e-15
3.12245,2.40924e-12,4.6863e-15
3.20408,3.51026e-12,7.37893e-15
3.28571,4.9718e-12,8.94389e-15
3.36735,6.94914e-12,1.23684e-14
3.44898,9.58758e-12,1.72382e-14
3.53061,1.29656e-11,2.31675e-14
3.61224,1.736e-11,3.60915e-14
3.69388,2.28634e-11,4.85538e-14
3.77551,2.98159e-11,5.68416e-14
3.85714,3.87398e-11,1.02223e-13
3.93878,4.93627e-11,8.45294e-14
4.02041,6.27819e-11,1.254e-13
4.10204,7.85652e-11,1.32847e-13
4.18367,9.83372e-11,1.60608e-13
4.26531,1.21136e-10,1.89028e-13
4.34694,1.50147e-10,3.75343e-13
4.42857,1.8329e-10,3.38337e-13
4.5102,2.22047e-10,4.00255e-13
4.59184,2.68366e-10,4.59298e-13
4.67347,3.23413e-10,7.27746e-13
4.7551,3.8758e-10,1.16646e-12
4.83673,4.6093e-10,8.63719e-13
4.91837,5.45077e-10,9.03279e-13
5.0,6.4286e-10,9.96043e-13
5.10204,7.84633e-10,1.17741e-12
5.20408,9.53928e-10,1.37149e-12
5.30612,1.15662e-09,1.66294e-12
5.40816,1.38865e-09,2.12881e-12
5.5102,1.66112e-09,2.47196e-12
5.61224,1.98136e-09,3.20335e-12
5.71429,2.33933e-09,3.60872e-12
5.81633,2.76844e-09,4.64354e-12
5.91837,3.25381e-09,5.39345e-12
6.02041,3.79272e-09,7.46127e-12
6.12245,4.42385e-09,7.4328e-12
6.22449,5.13262e-09,8.95136e-12
6.32653,5.95613e-09,1.168e-11
6.42857,6.84357e-09,1.14178e-11
6.53061,7.86733e-09,1.26583e-11
6.63265,9.04388e-09,1.4987e-11
6.73469,1.02986e-08,1.54837e-11
6.83673,1.17297e-08,2.29602e-11
6.93878,1.33383e-08,1.97358e-11
7.04082,1.51147e-08,3.60951e-11
7.14286,1.69691e-08,2.15451e-11
7.2449,1.9235e-08,2.52347e-11
7.34694,2.16149e-08,2.65892e-11
7.44898,2.42645e-08,2.92575e-11
7.55102,2.72492e-08,3.79321e-11
7.65306,3.05282e-08,3.87393e-11
7.7551,3.39996e-08,4.15418e-11
7.85714,3.79056e-08,4.69355e-11
7.95918,4.24371e-08,2.41819e-10
8.06122,4.701e-08,6.10208e-11
8.16327,5.19338e-08,6.87036e-11
8.26531,5.74048e-08,8.18281e-11
8.36735,6.36115e-08,8.69251e-11
8.46939,7.01818e-08,1.14286e-10
8.57143,7.71836e-08,1.03983e-10
8.67347,8.4691e-08,1.46745e-10
8.77551,9.30298e-08,2.085e-10
8.87755,1.01623e-07,1.48259e-10
8.97959,1.11323e-07,2.48683e-10
9.08163,1.21001e-07,1.75631e-10
9.18367,1.32218e-07,2.2242e-10
9.28571,1.43608e-07,2.1283e-10
9.38776,1.56225e-07,2.57357e-10
9.4898,1.69489e-07,2.50922e-10
9.59184,1.84179e-07,4.24355e-10
9.69388,1.98503e-07,2.91021e-10
9.79592,2.14273e-07,2.98758e-10
9.89796,2.32176e-07,3.62231e-10
10.0,2.50804e-07,4.14433e-10
10.2041,2.89851e-07,4.05223e-10
10.4082,3.36677e-07,4.94875e-10
10.6122,3.87429e-07,5.2746e-10
10.8163,4.44418e-07,6.19639e-10
11.0204,5.09607e-07,6.44027e-10
11.2245,5.82078e-07,8.75085e-10
11.4286,6.64088e-07,1.79241e-09
11.6327,7.5247e-07,8.47138e-10
11.8367,8.54156e-07,9.28704e-10
12.0408,9.67173e-07,1.20184e-09
12.2449,1.09075e-06,1.18138e-09
12.449,1.23086e-06,1.32961e-09
12.6531,1.38315e-06,1.41545e-09
12.8571,1.55242e-06,1.6125e-09
13.0612,1.73603e-06,1.77848e-09
13.2653,1.93768e-06,2.15746e-09
13.4694,2.15469e-06,2.26846e-09
13.6735,2.39709e-06,2.24391e-09
13.8776,2.66141e-06,3.16953e-09
14.0816,2.94068e-06,2.70236e-09
14.2857,3.24688e-06,2.9595e-09
14.4898,3.58151e-06,3.39365e-09
14.6939,3.93859e-06,3.93423e-09
14.898,4.31582e-06,4.81151e-09
15.102,4.71708e-06,5.15101e-09
15.3061,5.16373e-06,5.12779e-09
15.5102,5.61721e-06,5.94052e-09
15.7143,6.12965e-06,6.67788e-09
15.9184,6.64653e-06,7.4389e-09
16.1224,7.22204e-06,8.23745e-09
16.3265,7.80367e-06,8.58394e-09
16.5306,8.43644e-06,8.70888e-09
16.7347,9.09828e-06,9.91924e-09
16.9388,9.80028e-06,1.09393e-08
17.1429,1.05568e-05,1.26303e-08
17.3469,1.13274e-05,1.45166e-08
17.551,1.21527e-05,1.46893e-08
17.7551,1.30114e-05,1.45514e-08
17.9592,1.39395e-05,1.82359e-08
18.1633,1.49126e-05,1.78631e-08
18.3673,1.5936e-05,2.05217e-08
18.5714,1.69676e-05,2.27132e-08
18.7755,1.80874e-05,2.30454e-08
18.9796,1.92219e-05,2.44387e-08
19.1837,2.04993e-05,3.44919e-08
19.3878,2.17367e-05,3.24285e-08
19.5918,2.30512e-05,3.36668e-08
19.7959,2.4497e-05,3.17664e-08
20.0,2.59406e-05,3.5375e-08
20.4082,2.91509e-05,4.31898e-08
20.8163,3.25447e-05,4.22263e-08
21.2245,3.63209e-05,4.92577e-08
21.6327,4.05159e-05,5.5781e-08
22.0408,4.52381e-05,6.90547e-08
22.449,4.99555e-05,7.63237e-08
22.8571,5.55524e-05,7.95952e-08
23.2653,6.13602e-05,8.43039e-08
23.6735,6.78373e-05,9.67314e-08
24.0816,7.47844e-05,9.8352e-08
24.4898,8.26673e-05,1.1867e-07
24.898,9.11669e-05,1.34951e-07
25.3061,0.000100224,1.50565e-07
25.7143,0.00011012,1.49156e-07
26.1224,0.000121109,2.27191e-07
26.5306,0.000132976,1.76109e-07
26.9388,0.000145938,2.08296e-07
27.3469,0.000159768,2.33164e-07
27.7551,0.000174636,2.34743e-07
28.1633,0.000190891,2.47155e-07
28.5714,0.000208199,2.67964e-07
28.9796,0.000227586,2.83564e-07
29.3878,0.000247876,3.0164e-07
29.7959,0.000269606,3.4106e-07
30.2041,0.000292591,3.30305e-07
30.6122,0.000318645,3.79474e-07
31.0204,0.000345079,4.38161e-07
31.4286,0.000373557,5.07679e-07
31.8367,0.000405249,5.74879e-07
32.2449,0.000437749,4.61364e-07
32.6531,0.00047307,5.27892e-07
33.0612,0.000509286,5.35086e-07
33.4694,0.000549397,6.48116e-07
33.8776,0.000590832,6.857e-07
34.2857,0.000635258,6.09683e-07
34.6939,0.000682482,6.49862e-07
35.102,0.00073325,8.73141e-07
35.5102,0.000785773,7.2757e-07
35.9184,0.000841857,8.79804e-07
36.3265,0.000901909,3.31761e-06
36.7347,0.000960197,8.90036e-07
37.1429,0.00102677,1.00793e-06
37.551,0.00109235,9.45857e-07
37.9592,0.00116598,1.0284e-06
38.3673,0.00124405,2.4895e-06
38.7755,0.00131654,1.14927e-06
39.1837,0.00140056,1.24609e-06
39.5918,0.00148759,1.34434e-06
40.0,0.00157618,1.34847e-06
40.4082,0.00167124,1.40879e-06
40.8163,0.00176605,1.39515e-06
41.2245,0.00187164,1.67181e-06
41.6327,0.00197854,1.86973e-06
42.0408,0.00208896,1.75974e-06
42.449,0.00220463,2.40458e-06
42.8571,0.002324,2.4254e-06
43.2653,0.00245285,2.01678e-06
43.6735,0.00257617,1.97162e-06
44.0816,0.00271038,1.97847e-06
44.4898,0.00285595,2.28452e-06
44.898,0.0029975,2.62827e-06
45.3061,0.00314524,2.43259e-06
45.7143,0.00330024,2.48778e-06
46.1224,0.00345935,2.78428e-06
46.5306,0.00362526,2.68034e-06
46.9388,0.00380448,3.06652e-06
47.3469,0.00397923,5.74548e-06
47.7551,0.00415984,2.98464e-06
48.1633,0.00434928,3.5058e-06
48.5714,0.00453827,3.28475e-06
48.9796,0.00473696,3.32593e-06
49.3878,0.00493599,3.39302e-06
49.7959,0.00515897,4.15795e-06
50.2041,0.00537595,4.41755e-06
50.6122,0.00559799,4.89601e-06
51.0204,0.0058262,4.07336e-06
51.4286,0.00607024,4.13745e-06
51.8367,0.00630801,4.29304e-06
52.2449,0.00656228,4.74552e-06
52.6531,0.00682309,5.30936e-06
53.0612,0.00709564,6.35474e-06
53.4694,0.00736573,5.2836e-06
53.8776,0.00764154,7.12885e-06
54.2857,0.00793294,8.04171e-06
54.6939,0.00821404,5.77977e-06
55.102,0.00851644,6.39788e-06
55.5102,0.00881357,5.77692e-06
55.9184,0.00912841,6.06585e-06
56.3265,0.00945668,1.29097e-05
56.7347,0.00977493,7.36291e-06
57.1429,0.0101275,7.20284e-06
57.551,0.010459,6.89493e-06
57.9592,0.0108064,7.05546e-06
58.3673,0.0111614,7.4496e-06
58.7755,0.011535,7.53898e-06
59.1837,0.0119022,7.947e-06
59.5918,0.0122904,7.96196e-06
60.0,0.0126783,8.9719e-06
60.4082,0.0130825,1.04567e-05
60.8163,0.013488,9.15051e-06
61.2245,0.0138923,9.15265e-06
61.6327,0.01432,8.81305e-06
62.0408,0.0147654,9.77373e-06
62.449,0.0151893,1.00293e-05
62.8571,0.0156537,1.07297e-05
63.2653,0.016131,1.23636e-05
63.6735,0.016565,1.01936e-05
64.0816,0.0170389,1.20811e-05
64.4898,0.0175055,1.1032e-05
64.898,0.0180101,1.14101e-05
65.3061,0.0185072,1.26937e-05
65.7143,0.0190411,1.52111e-05
66.1224,0.0195345,1.25828e-05
66.5306,0.0200382,1.31297e-05
66.9388,0.0206064,1.39914e-05
67.3469,0.0211057,1.22654e-05
67.7551,0.0216654,1.43823e-05
68.1633,0.0222365,1.42483e-05
68.5714,0.0227993,1.56962e-05
68.9796,0.0233617,1.4068e-05
69.3878,0.024001,1.66143e-05
69.7959,0.0246016,1.71139e-05
70.2041,0.0251918,1.74715e-05
70.6122,0.0258105,1.64275e-05
71.0204,0.0264211,1.61521e-05
71.4286,0.0270791,1.65879e-05
71.8367,0.0277211,1.74026e-05
72.2449,0.0283647,1.72389e-05
72.6531,0.0290409,1.84561e-05
73.0612,0.0297328,2.01836e-05
73.4694,0.030397,1.83942e-05
73.8776,0.0311033,2.66266e-05
74.2857,0.0318275,3.02577e-05
74.6939,0.0324914,2.00326e-05
75.102,0.0332037,1.94107e-05
75.5102,0.0339832,2.22409e-05
75.9184,0.0347093,2.08432e-05
76.3265,0.035466,2.24713e-05
76.7347,0.0362163,2.20775e-05
77.1429,0.0369911,2.45458e-05
77.551,0.0377824,2.29235e-05
77.9592,0.0385496,2.30239e-05
78.3673,0.0393518,2.40289e-05
78.7755,0.0401531,2.44768e-05
79.1837,0.0410239,2.47883e-05
79.5918,0.0418513,3.02671e-05
80.0,0.0426651,3.00242e-05
80.4082,0.0435425,2.60751e-05
80.8163,0.0443897,3.07388e-05
81.2245,0.0452244,3.5021e-05
81.6327,0.0460987,2.65384e-05
82.0408,0.0470242,2.90177e-05
82.449,0.0479234,2.78351e-05
82.8571,0.0488097,2.79946e-05
83.2653,0.0497843,3.82801e-05
83.6735,0.050685,3.16034e-05
84.0816,0.0516315,3.15093e-05
84.4898,0.0525283,2.96855e-05
84.898,0.0535631,3.23364e-05
85.3061,0.0544898,3.29109e-05
85.7143,0.0555193,3.83022e-05
86.1224,0.0565075,3.36601e-05
86.5306,0.057476,3.3417e-05
86.9388,0.0585354,3.99033e-05
87.3469,0.0595572,3.53169e-05
87.7551,0.0606031,4.64321e-05
88.1633,0.0616659,4.40983e-05
88.5714,0.0626661,3.72525e-05
88.9796,0.0637379,3.59396e-05
89.3878,0.0648936,0.00011651
89.7959,0.0659584,3.98009e-05
90.2041,0.0670284,4.07714e-05
90.6122,0.068143,4.15499e-05
91.0204,0.0692131,3.92022e-05
91.4286,0.0703411,3.89211e-05
91.8367,0.0715865,5.9322e-05
92.2449,0.0726909,4.14367e-05
92.6531,0.0739323,6.12609e-05
93.0612,0.0750462,4.53801e-05
93.4694,0.0763273,5.21176e-05
93.8776,0.077425,4.31902e-05
94.2857,0.0786483,5.05135e-05
94.6939,0.0798995,4.5593e-05
95.102,0.0813031,7.77431e-05
95.5102,0.0823218,5.15193e-05
95.9184,0.0835886,5.99658e-05
96.3265,0.084846,5.16669e-05
96.7347,0.0861262,4.77355e-05
97.1429,0.0875009,6.49187e-05
97.551,0.0887488,6.37649e-05
97.9592,0.0901161,5.53286e-05
98.3673,0.0914049,6.35672e-05
98.7755,0.0926888,0.000105264
99.1837,0.0939644,5.54261e-05
99.5918,0.0953369,5.26887e-05
100.0,0.09681,5.62232e-05
100.816,0.0994647,5.73537e-05
101.633,0.102239,5.705e-05
102.449,0.105315,8.48577e-05
103.265,0.108112,7.14135e-05
104.082,0.110926,6.46137e-05
104.898,0.113943,7.00415e-05
105.714,0.117024,6.99645e-05
106.531,0.12005,7.40402e-05
107.347,0.123207,7.9738e-05
108.163,0.12616,6.74204e-05
108.98,0.129567,8.78092e-05
109.796,0.132747,7.68593e-05
110.612,0.136207,9.25418e-05
111.429,0.13947,8.47926e-05
112.245,0.142633,7.99594e-05
113.061,0.146246,8.75802e-05
113.878,0.149552,8.45079e-05
114.694,0.153235,9.73963e-05
115.51,0.156621,8.55783e-05
116.327,0.160236,9.28072e-05
117.143,0.163968,9.32628e-05
117.959,0.167607,9.45606e-05
118.776,0.171494,0.000111647
119.592,0.175356,0.000105666
120.408,0.178986,0.00010634
121.224,0.182889,0.000106131
122.041,0.186742,0.000196676
122.857,0.19073,0.00017255
123.673,0.194976,0.000234818
124.49,0.198821,0.0001088
125.306,0.203149,0.000121494
126.122,0.207131,0.000121061
126.939,0.211199,0.000113142
127.755,0.215317,0.000117885
128.571,0.219931,0.000207995
129.388,0.223961,0.00012908
130.204,0.228629,0.000330833
131.02,0.232948,0.000130083
131.837,0.237555,0.000145435
132.653,0.241449,0.000125458
133.469,0.246545,0.00020108
134.286,0.250834,0.000149992
135.102,0.255533,0.000140134
135.918,0.260171,0.000148531
136.735,0.264964,0.00015345
137.551,0.269529,0.000146552
138.367,0.274634,0.000221951
139.184,0.279457,0.000223105
140.0,0.284195,0.000158312
140.816,0.289461,0.000169216
141.633,0.294177,0.000162024
142.449,0.298945,0.000169746
143.265,0.304286,0.000202406
144.082,0.309116,0.00016071
144.898,0.31454,0.000180403
145.714,0.319581,0.000184022
146.531,0.325069,0.000201726
147.347,0.330082,0.000173375
148.163,0.335664,0.000202985
148.98,0.343826,0.00280119
149.796,0.346603,0.000238679
150.612,0.351789,0.000188085
151.429,0.357279,0.000253006
152.245,0.362829,0.000211511
153.061,0.368543,0.000215642
153.878,0.373924,0.000203366
154.694,0.380236,0.000236071
155.51,0.385573,0.000235542
156.327,0.391235,0.000207135
157.143,0.39713,0.000242849
157.959,0.40279,0.000237639
158.776,0.409197,0.00023578
159.592,0.414735,0.000234922
160.408,0.420904,0.000331889
161.224,0.426802,0.000280664
162.041,0.432724,0.000249544
162.857,0.438725,0.000260668
163.673,0.44488,0.000249383
164.49,0.450903,0.000241029
165.306,0.457257,0.000262347
166.122,0.463723,0.000242617
166.939,0.469953,0.00027264
167.755,0.476408,0.000262679
168.571,0.482986,0.000295251
169.388,0.489614,0.000294569
170.204,0.495438,0.000263576
171.02,0.501858,0.000261702
171.837,0.508821,0.00031765
172.653,0.516166,0.000402864
173.469,0.522424,0.000328737
174.286,0.528869,0.0003124
175.102,0.53575,0.00030205
175.918,0.542121,0.000321951
176.735,0.549744,0.000354299
177.551,0.556092,0.000283662
178.367,0.563682,0.000370165
179.184,0.570819,0.000538678
180.0,0.57722,0.000412754
180.816,0.584294,0.000329479
181.633,0.591334,0.000347644
182.449,0.598111,0.000337153
183.265,0.605222,0.000353151
184.082,0.613041,0.000352449
184.898,0.619812,0.000349902
185.714,0.62713,0.000350254
186.531,0.634605,0.00040621
187.347,0.641703,0.000396122
188.163,0.649186,0.00043043
188.98,0.656375,0.00044902
189.796,0.664053,0.000355822
190.612,0.67148,0.000405531
191.429,0.679037,0.000378107
192.245,0.686341,0.000384282
193.061,0.694162,0.000381321
193.878,0.701832,0.000393206
194.694,0.709085,0.000402929
195.51,0.717475,0.000470263
196.327,0.724849,0.000435737
197.143,0.732719,0.00044298
197.959,0.74012,0.000394714
198.776,0.749406,0.00048311
199.592,0.757325,0.000488527
200.408,0.764159,0.000404909
201.224,0.772519,0.000516768
202.041,0.780143,0.000426563
202.857,0.789192,0.000462132
203.673,0.79702,0.000429153
204.49,0.805593,0.000535428
205.306,0.813174,0.000502179
206.122,0.8233,0.00111556
206.939,0.829668,0.000478338
207.755,0.838169,0.000620837
208.571,0.845998,0.000461565
209.388,0.854594,0.0004648
210.204,0.864224,0.000561086
211.02,0.872041,0.000587239
211.837,0.880635,0.000565733
212.653,0.889947,0.000525352
213.469,0.898839,0.000698365
214.286,0.906096,0.000501418
215.102,0.914534,0.000597954
215.918,0.9234,0.000514744
216.735,0.932577,0.000580762
217.551,0.941007,0.000492992
218.367,0.950582,0.000642226
219.184,0.959311,0.000574489
220.0,0.970168,0.000949566
221.633,0.986225,0.000612803
223.265,1.00345,0.000545293
224.898,1.02197,0.00063762
226.531,1.04022,0.000567747
228.163,1.05903,0.000564371
229.796,1.07691,0.000545995
231.429,1.09672,0.000574141
233.061,1.11608,0.000671098
234.694,1.13426,0.000624123
236.327,1.15393,0.000621464
237.959,1.17268,0.000632449
239.592,1.1931,0.000630713
241.224,1.2134,0.000703008
242.857,1.23338,0.000722045
244.49,1.25314,0.000908865
246.122,1.27199,0.000733073
247.755,1.2939,0.000742786
249.388,1.31476,0.00075291
251.02,1.33376,0.000787589
252.653,1.35541,0.000924059
254.286,1.37596,0.000842407
255.918,1.39826,0.000912385
257.551,1.41671,0.000781499
259.184,1.44047,0.00200043
260.816,1.46076,0.000792983
262.449,1.48024,0.000804376
264.082,1.50241,0.00082215
265.714,1.52402,0.000838937
267.347,1.54697,0.000884251
268.98,1.56753,0.000838996
270.612,1.59069,0.00090412
272.245,1.61278,0.000890436
273.878,1.63534,0.000855573
275.51,1.65997,0.00109509
277.143,1.68197,0.000955333
278.776,1.70594,0.00108772
280.408,1.72689,0.00102124
282.041,1.75118,0.00101234
283.673,1.77363,0.00113841
285.306,1.79648,0.00102468
286.939,1.82069,0.00103322
288.571,1.84368,0.00102332
290.204,1.8677,0.00115627
291.837,1.89042,0.00101047
293.469,1.91549,0.00142706
295.102,1.93966,0.00130648
296.735,1.96332,0.00109922
298.367,1.98759,0.00106261
300.0,2.01218,0.00115174
301.633,2.03701,0.00112465
303.265,2.06341,0.00132323
304.898,2.08787,0.00152156
306.531,2.11365,0.00145011
308.163,2.13869,0.00132126
309.796,2.16325,0.00127199
311.429,2.19049,0.00246695
313.061,2.21099,0.00121883
314.694,2.23945,0.00164246
316.327,2.26646,0.00153951
317.959,2.29104,0.00135812
319.592,2.31775,0.00131998
321.224,2.3426,0.00134655
322.857,2.36783,0.00130742
324.49,2.39555,0.00141675
326.122,2.42163,0.00136329
327.755,2.44832,0.00154351
329.388,2.4763,0.00167145
331.02,2.50215,0.00138779
332.653,2.52834,0.00142691
334.286,2.55659,0.00142283
335.918,2.58282,0.00136097
337.551,2.6148,0.0029657
339.184,2.63734,0.00162223
340.816,2.66443,0.00150363
342.449,2.69424,0.00164902
344.082,2.71803,0.00164205
345.714,2.74725,0.00161491
347.347,2.77941,0.00199703
348.98,2.8029,0.00161082
350.612,2.83361,0.00171388
352.245,2.86042,0.00163032
353.878,2.89068,0.00161804
355.51,2.91992,0.00168007
357.143,2.94424,0.00233409
358.776,2.9793,0.00376819
360.408,3.00563,0.00176834
362.041,3.03449,0.00190763
363.673,3.06558,0.00183217
365.306,3.0892,0.00163634
366.939,3.1224,0.00199046
368.571,3.15297,0.00218403
370.204,3.18444,0.00226454
371.837,3.2114,0.00187738
373.469,3.24289,0.0033243
375.102,3.26591,0.00184838
376.735,3.29978,0.00201658
378.367,3.33007,0.00205937
380.0,3.36381,0.00199325
382.449,3.40878,0.00466285
384.898,3.44821,0.00195757
387.347,3.49429,0.00245216
389.796,3.54371,0.00287461
392.245,3.58967,0.00254614
394.694,3.63553,0.00222104
397.143,3.68004,0.00207724
399.592,3.73413,0.00309913
402.041,3.77905,0.00208776
404.49,3.8218,0.00223127
406.939,3.87245,0.00238503
409.388,3.92349,0.00281155
411.837,3.96943,0.00259781
414.286,4.0191,0.00250814
416.735,4.07236,0.00260456
419.184,4.11524,0.00260037
421.633,4.16059,0.00234788
424.082,4.21175,0.00235657
426.531,4.26356,0.00281259
428.98,4.3112,0.00260792
431.429,4.36405,0.00296324
433.878,4.41349,0.00241961
436.327,4.46597,0.00269212
438.776,4.51339,0.00310086
441.224,4.56474,0.00289196
443.673,4.61504,0.0026757
446.122,4.67012,0.00334576
448.571,4.72227,0.00314303
451.02,4.77379,0.00271438
453.469,4.82335,0.00331181
455.918,4.87468,0.00288543
458.367,4.92603,0.00336449
460.816,4.98094,0.00281947
463.265,5.02737,0.00298572
465.714,5.08345,0.00287896
468.163,5.14349,0.00289476
470.612,5.18938,0.00323604
473.061,5.251,0.00404486
475.51,5.29068,0.00285885
477.959,5.35836,0.00330018
480.408,5.41636,0.00425133
482.857,5.46577,0.00569523
485.306,5.51476,0.00335928
487.755,5.57909,0.00601159
490.204,5.62454,0.00350318
492.653,5.68406,0.00335602
495.102,5.73809,0.003565
497.551,5.79271,0.00342567
500.0,5.84902,0.0034542
502.449,5.89895,0.00335755
504.898,5.95805,0.00468588
507.347,6.01691,0.00447483
509.796,6.07153,0.0042317
512.245,6.13757,0.00569985
514.694,6.18265,0.00367697
517.143,6.25357,0.0108766
519.592,6.29885,0.00375019
522.041,6.35518,0.00363643
524.49,6.41553,0.00511929
526.939,6.47388,0.00447079
529.388,6.52542,0.00381635
531.837,6.5905,0.00471562
534.286,6.6458,0.00384218
536.735,6.7089,0.00431438
539.184,6.76148,0.00408679
541.633,6.81751,0.00410648
544.082,6.88457,0.00447918
546.531,6.94364,0.00407446
548.98,7.00505,0.00430648
551.429,7.05847,0.00405536
553.878,7.11314,0.00410716
556.327,7.18911,0.0086939
558.776,7.24065,0.00474937
561.224,7.30108,0.00421449
563.673,7.35747,0.00434174
566.122,7.43371,0.0110268
568.571,7.48804,0.00568089
571.02,7.5413,0.00496071
573.469,7.60801,0.00469864
575.918,7.67066,0.00479325
578.367,7.72938,0.00465113
580.816,7.78889,0.00471646
583.265,7.85265,0.00459377
585.714,7.91173,0.00453172
588.163,7.98483,0.0049909
590.612,8.03157,0.00484223
593.061,8.10622,0.00560561
595.51,8.16367,0.00608902
597.959,8.23205,0.00502368
600.408,8.2967,0.00631157
602.857,8.35931,0.00537896
605.306,8.40574,0.00466805
607.755,8.47274,0.00479792
610.204,8.54616,0.00532803
612.653,8.60708,0.00522376
615.102,8.67862,0.00571365
617.551,8.72962,0.0050995
620.0,8.80028,0.00632592
622.449,8.86157,0.00526813
624.898,8.92661,0.00576025
627.347,8.99008,0.0052839
629.796,9.05428,0.00540943
632.245,9.12535,0.00547051
634.694,9.18985,0.00683529
637.143,9.25269,0.00648842
639.592,9.3125,0.00611908
642.041,9.38907,0.00625069
644.49,9.44524,0.00548565
646.939,9.5237,0.00932241
649.388,9.58708,0.00596375
651.837,9.6513,0.00596106
654.286,9.71675,0.00679368
656.735,9.77674,0.00563077
659.184,9.8477,0.00677591
661.633,9.92123,0.00934779
664.082,9.9818,0.0057039
666.531,10.0527,0.00626483
668.98,10.1098,0.00737445
671.429,10.1884,0.0148911
673.878,10.2468,0.00675225
676.327,10.3316,0.00698157
678.776,10.3794,0.0061174
681.224,10.4552,0.0064836
683.673,10.5254,0.00780389
686.122,10.6031,0.0071531
688.571,10.6625,0.0101411
691.02,10.7343,0.00609792
693.469,10.7922,0.00679605
695.918,10.876,0.007252
698.367,10.9476,0.0116544
700.816,11.0035,0.00815081
703.265,11.0777,0.00714668
705.714,11.1418,0.00892969
708.163,11.2342,0.0134971
710.612,11.2792,0.00778123
713.061,11.3537,0.0104736
715.51,11.4222,0.00694692
717.959,11.4974,0.006718
720.408,11.5733,0.00719627
722.857,11.6345,0.00718008
725.306,11.7161,0.00750255
727.755,11.7744,0.00714437
730.204,11.8436,0.00707577
732.653,11.9071,0.00716196
735.102,11.9843,0.00796549
737.551,12.0654,0.00922218
740.0,12.1362,0.0081791
743.265,12.224,0.00719009
746.531,12.3366,0.0099951
749.796,12.4194,0.00976113
753.061,12.5155,0.00781069
756.327,12.6154,0.00902654
759.592,12.704,0.00780084
762.857,12.8055,0.00817899
766.122,12.9108,0.00796075
769.388,12.9943,0.00814324
772.653,13.1002,0.00805816
775.918,13.1948,0.00788778
779.184,13.2957,0.00869269
782.449,13.4062,0.00858567
785.714,13.5075,0.00874413
788.98,13.591,0.00908483
792.245,13.6817,0.00811645
795.51,13.8085,0.0163618
798.776,13.9013,0.00824502
802.041,13.9658,0.00783794
805.306,14.1146,0.0123195
808.571,14.1854,0.00912691
811.837,14.2883,0.00927215
815.102,14.3849,0.00935461
818.367,14.4842,0.00869064
821.633,14.6087,0.00868986
824.898,14.6938,0.00894928
828.163,14.8052,0.0122371
831.429,14.8873,0.00875596
834.694,15.0073,0.00985877
837.959,15.1095,0.00979967
841.224,15.2078,0.010364
844.49,15.328,0.0117946
847.755,15.4063,0.00982451
851.02,15.5448,0.0181146
854.286,15.6194,0.0110672
857.551,15.7286,0.0100983
860.816,15.8261,0.0115149
864.082,15.9234,0.0102111
867.347,16.0426,0.0109124
870.612,16.1366,0.0122403
873.878,16.2286,0.0101732
877.143,16.3519,0.0101485
880.408,16.4776,0.016181
883.673,16.5795,0.0137521
886.939,16.6738,0.0115018
890.204,16.7657,0.0111513
893.469,16.8696,0.0114958
896.735,16.9618,0.0102
900.0,17.0741,0.0103273
903.265,17.1883,0.0110563
906.531,17.3,0.01199
909.796,17.4012,0.0115581
913.061,17.5218,0.0112658
916.327,17.6098,0.0111032
919.592,17.7207,0.0119991
922.857,17.8787,0.0146472
926.122,17.9431,0.0114988
929.388,18.0463,0.0115538
932.653,18.1715,0.0112235
935.918,18.2597,0.0113089
939.184,18.3791,0.0120542
942.449,18.4841,0.0117045
945.714,18.6159,0.0141425
948.98,18.7134,0.0113876
952.245,18.79,0.0112041
955.51,18.919,0.0124642
958.776,19.0464,0.0132132
962.041,19.159,0.0134943
965.306,19.228,0.0114182
968.571,19.3634,0.0123186
971.837,19.4606,0.0115399
975.102,19.5844,0.0133859
978.367,19.701,0.0140367
981.633,19.7694,0.0123541
984.898,19.9035,0.0125041
988.163,20.0236,0.0126705
991.429,20.1315,0.0130393
994.694,20.2404,0.0130066
997.959,20.3578,0.0133303
1001.22,20.448,0.0125488
1004.49,20.574,0.013786
1007.76,20.7131,0.0156688
1011.02,20.827,0.0136614
1014.29,20.904,0.0136631
1017.55,21.0212,0.0129931
1020.82,21.1437,0.014071
1024.08,21.2327,0.0126352
1027.35,21.4027,0.018103
1030.61,21.4965,0.0138586
1033.88,21.5925,0.0132563
1037.14,21.7254,0.0147208
1040.41,21.8149,0.0148737
1043.67,21.9465,0.0142921
1046.94,22.0539,0.0141037
1050.2,22.2042,0.0166246
1053.47,22.2804,0.014273
1056.73,22.4186,0.0144119
1060.0,22.5161,0.0136692
1064.9,22.6982,0.0160996
1069.8,22.8778,0.0160224
1074.69,23.0413,0.0134228
1079.59,23.2336,0.0180958
1084.49,23.387,0.0160568
1089.39,23.5863,0.0306738
1094.29,23.7541,0.0176835
1099.18,23.9437,0.0241534
1104.08,24.0766,0.0154239
1108.98,24.2663,0.0159107
1113.88,24.4596,0.0159883
1118.78,24.6302,0.0203396
1123.67,24.827,0.0167408
1128.57,24.991,0.018095
1133.47,25.1438,0.0194503
1138.37,25.3365,0.0195184
1143.27,25.5029,0.0194967
1148.16,25.7225,0.0178678
1153.06,25.9017,0.0174561
1157.96,26.0522,0.0234132
1162.86,26.3389,0.109339
1167.76,26.4398,0.0160931
1172.65,26.5807,0.0161711
1177.55,26.7991,0.0209668
1182.45,26.996,0.018269
1187.35,27.1176,0.0175976
1192.24,27.3682,0.0291955
1197.14,27.4927,0.0175039
1202.04,27.7242,0.0188493
1206.94,27.8783,0.020349
1211.84,28.063,0.01847
1216.73,28.2675,0.0214774
1221.63,28.4564,0.0189448
1226.53,28.6186,0.0193036
1231.43,28.7799,0.0177594
1236.33,28.9961,0.0187584
1241.22,29.2095,0.0248454
1246.12,29.3488,0.018727
1251.02,29.5619,0.021057
1255.92,29.7571,0.0223343
1260.82,29.9278,0.0194853
1265.71,30.0821,0.0188845
1270.61,30.3372,0.0227408
1275.51,30.4862,0.0230627
1280.41,30.6778,0.0211297
1285.31,30.8372,0.019333
1290.2,31.0777,0.0211961
1295.1,31.2359,0.0205078
1300.0,31.4517,0.0217136
1304.9,31.6347,0.022085
1309.8,31.8171,0.030715
1314.69,32.0186,0.0233347
1319.59,32.1767,0.0248638
1324.49,32.3967,0.0221543
1329.39,32.5904,0.0213901
1334.29,32.7957,0.021724
1339.18,32.9324,0.0206006
1344.08,33.1532,0.0263897
1348.98,33.3451,0.0225197
1353.88,33.5213,0.0202409
1358.78,33.7799,0.0226709
1363.67,33.9391,0.0222151
1368.57,34.1056,0.0257579
1373.47,34.341,0.0233007
1378.37,34.5027,0.0208823
1383.27,34.7156,0.0298093
1388.16,34.9255,0.0244662
1393.06,35.0349,0.021846
1397.96,35.3209,0.027612
1402.86,35.5133,0.0248639
1407.76,35.7292,0.0293564
1412.65,35.8939,0.0231377
1417.55,36.0881,0.0263939
1422.45,36.2775,0.023485
1427.35,36.4883,0.0236085
1432.24,36.6937,0.0244821
1437.14,36.8991,0.0273369
1442.04,37.0493,0.0237917
1446.94,37.2915,0.0264627
1451.84,37.4876,0.0281815
1456.73,37.6685,0.0259982
1461.63,37.8978,0.0234306
1466.53,38.102,0.026962
1471.43,38.2718,0.0253268
1476.33,38.5108,0.0259362
1481.22,38.6995,0.0268891
1486.12,38.8997,0.0301573
1491.02,39.0968,0.0377025
1495.92,39.2411,0.0243721
1500.82,39.516,0.0279277
1505.71,39.7228,0.0283866
1510.61,39.8726,0.025744
1515.51,40.069,0.0260432
1520.41,40.3299,0.0265723
1525.31,40.5506,0.0286614
1530.2,40.7084,0.027953
1535.1,40.9919,0.0345334
1540.0,41.1198,0.0265828
1547.35,41.3933,0.0269346
1554.69,41.7817,0.0295301
1562.04,42.1048,0.032402
1569.39,42.3512,0.0293467
1576.73,42.6423,0.0364916
1584.08,42.9368,0.0275184
1591.43,43.2916,0.0301263
1598.78,43.6395,0.0400992
1606.12,43.871,0.0378502
1613.47,44.2263,0.0313425
1620.82,44.5232,0.0319387
1628.16,44.8819,0.0352065
1635.51,45.1353,0.0360702
1642.86,45.4741,0.0321087
1650.2,45.742,0.0292123
1657.55,46.1176,0.0337087
1664.9,46.4483,0.0324734
1672.24,46.7353,0.0319348
1679.59,47.12,0.0330552
1686.94,47.3509,0.0395757
1694.29,47.6699,0.0385881
1701.63,48.0453,0.0340491
1708.98,48.3453,0.0317367
1716.33,48.8042,0.074928
1723.67,48.9555,0.0319024
1731.02,49.3448,0.0373137
1738.37,49.6326,0.036134
1745.71,49.9582,0.0333426
1753.06,50.2677,0.034308
1760.41,50.6209,0.0337825
1767.76,50.9545,0.0338021
1775.1,51.1736,0.0336039
1782.45,51.6151,0.0365433
1789.8,51.9197,0.0350084
1797.14,52.1681,0.0355334
1804.49,52.5542,0.0380695
1811.84,52.8228,0.0348011
1819.18,53.2347,0.0399105
1826.53,53.5145,0.0394161
1833.88,53.8994,0.0429306
1841.22,54.185,0.0375611
1848.57,54.5841,0.0572015
1855.92,54.9418,0.0950636
1863.27,55.1584,0.0367567
1870.61,55.532,0.0397434
1877.96,55.814,0.0381996
1885.31,56.2586,0.0414289
1892.65,56.5076,0.0417327
1900.0,56.9083,0.0586389
1907.35,57.1669,0.0485496
1914.69,57.5171,0.0399866
1922.04,57.834,0.0433305
1929.39,58.2676,0.0559231
1936.73,58.5312,0.0400845
1944.08,58.9458,0.114643
1951.43,59.1406,0.041787
1958.78,59.4655,0.0378558
1966.12,59.9347,0.0487446
1973.47,60.216,0.0472172
1980.82,60.5282,0.0417064
1988.16,60.9456,0.0522629
1995.51,61.2178,0.044721
2002.86,61.6301,0.0469827
2010.2,61.9117,0.0453725
2017.55,62.1682,0.0461551
2024.9,62.6298,0.0474756
2032.24,62.9998,0.0477028
2039.59,63.2687,0.0459734
2046.94,63.6443,0.0564604
2054.29,63.902,0.0465999
2061.63,64.3344,0.0525724
2068.98,64.6516,0.0535687
2076.33,64.9932,0.0448085
2083.67,65.3215,0.0455335
2091.02,65.7149,0.0546203
2098.37,66.0573,0.0463081
2105.71,66.3533,0.0452153
2113.06,66.6891,0.0442807
2120.41,67.0874,0.0480766
2127.76,67.4299,0.0463994
2135.1,67.6977,0.0472829
2142.45,68.1107,0.0541213
2149.8,68.4452,0.0456728
2157.14,68.8234,0.0464825
2164.49,69.0634,0.0466801
2171.84,69.6175,0.0582174
2179.18,69.8149,0.0515005
2186.53,70.213,0.0749744
2193.88,70.5581,0.0514401
2201.22,70.8183,0.0479512
2208.57,71.3338,0.0572385
2215.92,71.6124,0.0480101
2223.27,71.9305,0.0492591
2230.61,72.3447,0.0561534
2237.96,72.7215,0.0667143
2245.31,72.9164,0.0505777
2252.65,73.428,0.0529441
2260.0,73.7677,0.0518384
2271.02,74.2856,0.0542884
2282.04,74.828,0.0538736
2293.06,75.3519,0.0532814
2304.08,75.8677,0.0488892
2315.1,76.4409,0.0550521
2326.12,77.0456,0.0728452
2337.14,77.5403,0.0757415
2348.16,78.0311,0.0547411
2359.18,78.6079,0.0582066
2370.2,79.1593,0.0582076
2381.22,79.6905,0.0618692
2392.24,80.2396,0.0573069
2403.27,80.8469,0.0577692
2414.29,81.3701,0.0599448
2425.31,81.8135,0.0571856
2436.33,82.3782,0.0637493
2447.35,83.0086,0.0914347
2458.37,83.4492,0.0584822
2469.39,84.0509,0.0587206
2480.41,84.6501,0.0622874
2491.43,85.188,0.0689161
2502.45,85.6269,0.0623324
2513.47,86.2355,0.0759782
2524.49,86.7716,0.062039
2535.51,87.4549,0.0708459
2546.53,87.8968,0.0630513
2557.55,88.453,0.0607211
2568.57,89.0054,0.062359
2579.59,89.5146,0.0625786
2590.61,90.2534,0.0646368
2601.63,90.7993,0.0736976
2612.65,91.2638,0.0772778
2623.67,91.7394,0.0639678
2634.69,92.4436,0.0783855
2645.71,92.9504,0.072879
2656.73,93.452,0.0684368
2667.76,94.0661,0.0676071
2678.78,94.7695,0.210754
2689.8,95.1782,0.0647326
2700.82,95.7017,0.0672858
2711.84,96.2785,0.0662903
2722.86,96.8735,0.0762185
2733.88,97.4267,0.0685128
2744.9,98.0916,0.0853922
2755.92,98.4737,0.0691003
2766.94,99.208,0.0696384
2777.96,99.7386,0.0681531
2788.98,100.316,0.0767508
2800.0,101.044,0.0769529
2814.29,101.608,0.0686704
2828.57,102.417,0.0801159
2842.86,103.212,0.120981
2857.14,103.845,0.0794882
2871.43,104.636,0.076738
2885.71,105.329,0.0717379
2900.0,106.125,0.0808631
2914.29,106.941,0.0872715
2928.57,107.69,0.0829696
2942.86,108.4,0.083972
2957.14,109.204,0.0774706
2971.43,109.887,0.077713
2985.71,110.655,0.0845666
3000.0,111.368,0.0764051
3014.29,112.283,0.0832817
3028.57,112.962,0.0789151
3042.86,113.653,0.0825286
3057.14,114.608,0.0848228
3071.43,115.302,0.0857095
3085.71,116.089,0.101053
3100.0,116.806,0.0890853
3114.29,117.587,0.0873722
3128.57,118.32,0.0900598
3142.86,119.019,0.0845968
3157.14,120.017,0.10142
3171.43,120.767,0.0926006
3185.71,121.483,0.0913495
3200.0,122.265,0.101847
3214.29,123.238,0.14503
3228.57,123.707,0.0907023
3242.86,124.553,0.0852138
3257.14,125.4,0.109807
3271.43,126.063,0.0964226
3285.71,126.864,0.0854436
3300.0,127.74,0.0983402
3314.29,128.671,0.12944
3328.57,129.368,0.0995606
3342.86,130.038,0.0967918
3357.14,130.729,0.100561
3371.43,131.525,0.107313
3385.71,132.292,0.108212
3400.0,133.265,0.0986205
3414.29,133.82,0.10024
3428.57,134.806,0.094825
3442.86,135.683,0.0995314
3457.14,136.283,0.100954
3471.43,137.15,0.102742
3485.71,137.744,0.09765
3500.0,138.762,0.109128
3520.41,139.935,0.105864
3540.82,141.109,0.101434
3561.22,142.201,0.123676
3581.63,143.468,0.113055
3602.04,144.344,0.111243
3622.45,145.744,0.132903
3642.86,146.983,0.116006
3663.27,148.177,0.145108
3683.67,148.869,0.108956
3704.08,150.293,0.111962
3724.49,151.687,0.116909
3744.9,152.632,0.117364
3765.31,153.906,0.129877
3785.71,155.148,0.234692
3806.12,156.458,0.156704
3826.53,157.404,0.124875
3846.94,158.446,0.122707
3867.35,159.761,0.137016
3887.76,160.893,0.118298
3908.16,162.183,0.155648
3928.57,163.369,0.171654
3948.98,164.181,0.115552
3969.39,165.558,0.129921
3989.8,166.816,0.139395
4010.2,167.766,0.144542
4030.61,168.985,0.125369
4051.02,170.301,0.135758
4071.43,171.459,0.140194
4091.84,172.603,0.13338
4112.24,174.074,0.145875
4132.65,175.086,0.141052
4153.06,176.232,0.134785
4173.47,177.429,0.1336
4193.88,178.392,0.134511
4214.29,179.803,0.157109
4234.69,181.04,0.132316
4255.1,182.409,0.150722
4275.51,183.782,0.149879
4295.92,184.699,0.159659
4316.33,186.075,0.148051
4336.73,187.241,0.144554
4357.14,188.218,0.14158
4377.55,189.79,0.165461
4397.96,190.863,0.160431
4418.37,192.09,0.149657
4438.78,192.927,0.139609
4459.18,194.44,0.156505
4479.59,196.136,0.177824
4500.0,196.812,0.143617
4530.61,198.783,0.146652
4561.22,200.785,0.158146
4591.84,202.56,0.162787
4622.45,204.251,0.147465
4653.06,206.119,0.158106
4683.67,208.259,0.169074
4714.29,210.021,0.159014
4744.9,212.005,0.208368
4775.51,213.78,0.1678
4806.12,215.195,0.187052
4836.73,217.551,0.17623
4867.35,219.347,0.176371
4897.96,221.377,0.175052
4928.57,223.142,0.199067
4959.18,224.762,0.175562
4989.8,226.933,0.180502
5020.41,228.72,0.170554
5051.02,230.679,0.177393
5081.63,232.473,0.177681
5112.24,234.722,0.196788
5142.86,236.366,0.194759
5173.47,238.196,0.192578
5204.08,239.942,0.17944
5234.69,241.963,0.182784
5265.31,243.99,0.187306
5295.92,246.476,0.22693
5326.53,248.177,0.224673
5357.14,249.579,0.191812
5387.76,252.007,0.223612
5418.37,253.977,0.20781
5448.98,255.522,0.195929
5479.59,257.625,0.212018
5510.2,259.514,0.231338
5540.82,261.805,0.241758
5571.43,263.459,0.206584
5602.04,265.303,0.214891
5632.65,267.304,0.221763
5663.27,270.026,0.289329
5693.88,270.846,0.200824
5724.49,272.87,0.229251
5755.1,275.071,0.213163
5785.71,277.143,0.227215
5816.33,279.063,0.226129
5846.94,281.321,0.226379
5877.55,282.831,0.22214
5908.16,285.403,0.240285
5938.78,287.054,0.22204
5969.39,289.115,0.231718
6000.0,291.205,0.243162
6040.82,293.89,0.239936
6081.63,296.198,0.249354
6122.45,298.846,0.230598
6163.27,301.953,0.240302
6204.08,304.815,0.373451
6244.9,307.448,0.269221
6285.71,309.989,0.313845
6326.53,312.158,0.266653
6367.35,315.844,0.272848
6408.16,317.634,0.256011
6448.98,320.369,0.247049
6489.8,323.124,0.309953
6530.61,325.926,0.385498
6571.43,328.895,0.30863
6612.24,331.442,0.267208
6653.06,334.253,0.294146
6693.88,337.53,0.338803
6734.69,339.563,0.359436
6775.51,341.947,0.268407
6816.33,345.161,0.522827
6857.14,348.129,0.290711
6897.96,350.451,0.302684
6938.78,353.379,0.299519
6979.59,355.97,0.272202
7020.41,358.786,0.324647
7061.22,361.35,0.301406
7102.04,364.907,0.527097
7142.86,366.827,0.301607
7183.67,370.075,0.283334
7224.49,372.724,0.296019
7265.31,375.477,0.313101
7306.12,378.101,0.303644
7346.94,381.677,0.424747
7387.76,384.122,0.390794
7428.57,387.023,0.361425
7469.39,389.869,0.66698
7510.2,392.427,0.33081
7551.02,394.655,0.339097
7591.84,397.729,0.363535
7632.65,400.796,0.352409
7673.47,403.245,0.321667
7714.29,406.569,0.331675
7755.1,409.155,0.33947
7795.92,412.112,0.378218
7836.73,415.043,0.344466
7877.55,417.353,0.344688
7918.37,420.931,0.419166
7959.18,422.872,0.360555
8000.0,425.232,0.330899
8040.82,429.095,0.535039
8081.63,431.719,0.35407
8122.45,435.019,0.348143
8163.27,437.711,0.351222
8204.08,440.552,0.447424
8244.9,443.552,0.370011
8285.71,446.334,0.403801
8326.53,449.285,0.357712
8367.35,452.516,0.519199
8408.16,455.036,0.56367
8448.98,457.68,0.365833
8489.8,461.03,0.414843
8530.61,466.259,2.83829
8571.43,466.435,0.467875
8612.24,469.248,0.432323
8653.06,472.727,0.451591
8693.88,475.145,0.407952
8734.69,478.42,0.477755
8775.51,481.788,0.79021
8816.33,483.6,0.414116
8857.14,486.557,0.448362
8897.96,489.561,0.39883
8938.78,492.951,0.404405
8979.59,495.758,0.42219
9020.41,499.289,0.523519
9061.22,501.92,0.537756
9102.04,504.157,0.434952
9142.86,507.578,0.529287
9183.67,509.726,0.413383
9224.49,513.859,0.478218
9265.31,516.745,0.423967
9306.12,518.626,0.430035
9346.94,522.446,0.431915
9387.76,525.048,0.440946
9428.57,527.804,0.440212
9469.39,532.266,0.787669
9510.2,534.173,0.456972
9551.02,537.246,0.459357
9591.84,540.354,0.439694
9632.65,542.946,0.464095
9673.47,546.241,0.470872
9714.29,548.812,0.445625
9755.1,551.599,0.455181
9795.92,554.846,0.453986
9836.73,557.874,0.45858
9877.55,561.162,0.522507
9918.37,563.93,0.489845
9959.18,566.764,0.50522
10000.0,569.832,0.48078
