0.0,0.0,0.0
0.000204082,0.0,0.0
0.000408163,0.0,0.0
0.000612245,0.0,0.0
0.000816327,0.0,0.0
0.00102041,0.0,0.0
0.00122449,0.0,0.0
0.00142857,0.0,0.0
0.00163265,0.0,0.0
0.00183673,0.0,0.0
0.00204082,0.0,0.0
0.0022449,0.0,0.0
0.00244898,0.0,0.0
0.00265306,0.0,0.0
0.00285714,0.0,0.0
0.00306122,0.0,0.0
0.00326531,0.0,0.0
0.00346939,0.0,0.0
0.00367347,0.0,0.0
0.00387755,0.0,0.0
0.00408163,0.0,0.0
0.00428571,0.0,0.0
0.0044898,0.0,0.0
0.00469388,0.0,0.0
0.00489796,0.0,0.0
0.00510204,0.0,0.0
0.00530612,0.0,0.0
0.0055102,0.0,0.0
0.00571429,0.0,0.0
0.00591837,0.0,0.0
0.00612245,0.0,0.0
0.00632653,0.0,0.0
0.00653061,0.0,0.0
0.00673469,0.0,0.0
0.00693878,0.0,0.0
0.00714286,0.0,0.0
0.00734694,0.0,0.0
0.00755102,0.0,0.0
0.0077551,0.0,0.0
0.00795918,0.0,0.0
0.00816327,0.0,0.0
0.00836735,0.0,0.0
0.00857143,0.0,0.0
0.00877551,0.0,0.0
0.00897959,0.0,0.0
0.00918367,0.0,0.0
0.00938776,0.0,0.0
0.00959184,0.0,0.0
0.00979592,0.0,0.0
0.01,0.0,0.0
0.0118367,0.0,0.0
0.0136735,0.0,0.0
0.0155102,0.0,0.0
0.0173469,0.0,0.0
0.0191837,0.0,0.0
0.0210204,0.0,0.0
0.0228571,0.0,0.0
0.0246939,0.0,0.0
0.0265306,0.0,0.0
0.0283673,0.0,0.0
0.0302041,0.0,0.0
0.0320408,0.0,0.0
0.0338776,0.0,0.0
0.0357143,0.0,0.0
0.037551,0.0,0.0
0.0393878,0.0,0.0
0.0412245,0.0,0.0
0.0430612,0.0,0.0
0.044898,0.0,0.0
0.0467347,0.0,0.0
0.0485714,0.0,0.0
0.0504082,0.0,0.0
0.0522449,0.0,0.0
0.0540816,0.0,0.0
0.0559184,0.0,0.0
0.0577551,0.0,0.0
0.0595918,0.0,0.0
0.0614286,0.0,0.0
0.0632653,0.0,0.0
0.065102,0.0,0.0
0.0669388,0.0,0.0
0.0687755,0.0,0.0
0.0706122,0.0,0.0
0.072449,0.0,0.0
0.0742857,0.0,0.0
0.0761224,0.0,0.0
0.0779592,0.0,0.0
0.0797959,0.0,0.0
0.0816327,0.0,0.0
0.0834694,0.0,0.0
0.0853061,0.0,0.0
0.0871429,0.0,0.0
0.0889796,0.0,0.0
0.0908163,0.0,0.0
0.0926531,0.0,0.0
0.0944898,0.0,0.0
0.0963265,0.0,0.0
0.0981633,0.0,0.0
0.1,0.0,0.0
0.102041,0.0,0.0
0.104082,0.0,0.0
0.106122,0.0,0.0
0.108163,0.0,0.0
0.110204,0.0,0.0
0.112245,0.0,0.0
0.114286,0.0,0.0
0.116327,0.0,0.0
0.118367,0.0,0.0
0.120408,0.0,0.0
0.122449,0.0,0.0
0.12449,0.0,0.0
0.126531,0.0,0.0
0.128571,0.0,0.0
0.130612,0.0,0.0
0.132653,0.0,0.0
0.134694,0.0,0.0
0.136735,0.0,0.0
0.138776,0.0,0.0
0.140816,0.0,0.0
0.142857,0.0,0.0
0.144898,0.0,0.0
0.146939,0.0,0.0
0.14898,0.0,0.0
0.15102,0.0,0.0
0.153061,0.0,0.0
0.155102,0.0,0.0
0.157143,0.0,0.0
0.159184,0.0,0.0
0.161224,0.0,0.0
0.163265,0.0,0.0
0.165306,0.0,0.0
0.167347,0.0,0.0
0.169388,0.0,0.0
0.171429,0.0,0.0
0.173469,0.0,0.0
0.17551,0.0,0.0
0.177551,0.0,0.0
0.179592,0.0,0.0
0.181633,0.0,0.0
0.183673,0.0,0.0
0.185714,0.0,0.0
0.187755,0.0,0.0
0.189796,0.0,0.0
0.191837,0.0,0.0
0.193878,0.0,0.0
0.195918,0.0,0.0
0.197959,0.0,0.0
0.2,0.0,0.0
0.202041,0.0,0.0
0.204082,0.0,0.0
0.206122,0.0,0.0
0.208163,0.0,0.0
0.210204,0.0,0.0
0.212245,0.0,0.0
0.214286,0.0,0.0
0.216327,0.0,0.0
0.218367,0.0,0.0
0.220408,0.0,0.0
0.222449,0.0,0.0
0.22449,0.0,0.0
0.226531,0.0,0.0
0.228571,0.0,0.0
0.230612,0.0,0.0
0.232653,0.0,0.0
0.234694,0.0,0.0
0.236735,0.0,0.0
0.238776,0.0,0.0
0.240816,0.0,0.0
0.242857,0.0,0.0
0.244898,0.0,0.0
0.246939,0.0,0.0
0.24898,0.0,0.0
0.25102,0.0,0.0
0.253061,0.0,0.0
0.255102,0.0,0.0
0.257143,0.0,0.0
0.259184,0.0,0.0
0.261224,0.0,0.0
0.263265,0.0,0.0
0.265306,0.0,0.0
0.267347,0.0,0.0
0.269388,0.0,0.0
0.271429,0.0,0.0
0.273469,0.0,0.0
0.27551,0.0,0.0
0.277551,0.0,0.0
0.279592,0.0,0.0
0.281633,0.0,0.0
0.283673,0.0,0.0
0.285714,0.0,0.0
0.287755,0.0,0.0
0.289796,0.0,0.0
0.291837,0.0,0.0
0.293878,0.0,0.0
0.295918,0.0,0.0
0.297959,0.0,0.0
0.3,0.0,0.0
0.302041,0.0,0.0
0.304082,0.0,0.0
0.306122,0.0,0.0
0.308163,0.0,0.0
0.310204,0.0,0.0
0.312245,0.0,0.0
0.314286,0.0,0.0
0.316327,0.0,0.0
0.318367,0.0,0.0
0.320408,0.0,0.0
0.322449,0.0,0.0
0.32449,0.0,0.0
0.326531,0.0,0.0
0.328571,0.0,0.0
0.330612,0.0,0.0
0.332653,0.0,0.0
0.334694,0.0,0.0
0.336735,0.0,0.0
0.338776,0.0,0.0
0.340816,0.0,0.0
0.342857,0.0,0.0
0.344898,0.0,0.0
0.346939,0.0,0.0
0.34898,0.0,0.0
0.35102,0.0,0.0
0.353061,0.0,0.0
0.355102,0.0,0.0
0.357143,0.0,0.0
0.359184,0.0,0.0
0.361224,0.0,0.0
0.363265,0.0,0.0
0.365306,0.0,0.0
0.367347,0.0,0.0
0.369388,0.0,0.0
0.371429,0.0,0.0
0.373469,0.0,0.0
0.37551,0.0,0.0
0.377551,0.0,0.0
0.379592,0.0,0.0
0.381633,0.0,0.0
0.383673,0.0,0.0
0.385714,0.0,0.0
0.387755,0.0,0.0
0.389796,0.0,0.0
0.391837,0.0,0.0
0.393878,0.0,0.0
0.395918,0.0,0.0
0.397959,0.0,0.0
0.4,0.0,0.0
0.402041,0.0,0.0
0.404082,0.0,0.0
0.406122,0.0,0.0
0.408163,0.0,0.0
0.410204,0.0,0.0
0.412245,0.0,0.0
0.414286,0.0,0.0
0.416327,0.0,0.0
0.418367,0.0,0.0
0.420408,0.0,0.0
0.422449,0.0,0.0
0.42449,0.0,0.0
0.426531,0.0,0.0
0.428571,0.0,0.0
0.430612,0.0,0.0
0.432653,0.0,0.0
0.434694,0.0,0.0
0.436735,0.0,0.0
0.438776,0.0,0.0
0.440816,0.0,0.0
0.442857,0.0,0.0
0.444898,0.0,0.0
0.446939,0.0,0.0
0.44898,0.0,0.0
0.45102,0.0,0.0
0.453061,0.0,0.0
0.455102,0.0,0.0
0.457143,0.0,0.0
0.459184,0.0,0.0
0.461224,0.0,0.0
0.463265,0.0,0.0
0.465306,0.0,0.0
0.467347,0.0,0.0
0.469388,0.0,0.0
0.471429,0.0,0.0
0.473469,0.0,0.0
0.47551,0.0,0.0
0.477551,0.0,0.0
0.479592,0.0,0.0
0.481633,0.0,0.0
0.483673,0.0,0.0
0.485714,0.0,0.0
0.487755,0.0,0.0
0.489796,0.0,0.0
0.491837,0.0,0.0
0.493878,0.0,0.0
0.495918,0.0,0.0
0.497959,0.0,0.0
0.5,0.0,0.0
0.502041,0.0,0.0
0.504082,0.0,0.0
0.506122,0.0,0.0
0.508163,0.0,0.0
0.510204,0.0,0.0
0.512245,0.0,0.0
0.514286,0.0,0.0
0.516327,0.0,0.0
0.518367,0.0,0.0
0.520408,0.0,0.0
0.522449,0.0,0.0
0.52449,0.0,0.0
0.526531,0.0,0.0
0.528571,0.0,0.0
0.530612,0.0,0.0
0.532653,0.0,0.0
0.534694,0.0,0.0
0.536735,0.0,0.0
0.538776,0.0,0.0
0.540816,0.0,0.0
0.542857,0.0,0.0
0.544898,0.0,0.0
0.546939,0.0,0.0
0.54898,0.0,0.0
0.55102,0.0,0.0
0.553061,0.0,0.0
0.555102,0.0,0.0
0.557143,0.0,0.0
0.559184,0.0,0.0
0.561224,0.0,0.0
0.563265,0.0,0.0
0.565306,0.0,0.0
0.567347,0.0,0.0
0.569388,0.0,0.0
0.571429,0.0,0.0
0.573469,0.0,0.0
0.57551,0.0,0.0
0.577551,0.0,0.0
0.579592,0.0,0.0
0.581633,0.0,0.0
0.583673,0.0,0.0
0.585714,0.0,0.0
0.587755,0.0,0.0
0.589796,0.0,0.0
0.591837,0.0,0.0
0.593878,0.0,0.0
0.595918,0.0,0.0
0.597959,0.0,0.0
0.6,0.0,0.0
0.602041,0.0,0.0
0.604082,0.0,0.0
0.606122,0.0,0.0
0.608163,0.0,0.0
0.610204,0.0,0.0
0.612245,0.0,0.0
0.614286,0.0,0.0
0.616327,0.0,0.0
0.618367,0.0,0.0
0.620408,0.0,0.0
0.622449,0.0,0.0
0.62449,0.0,0.0
0.626531,0.0,0.0
0.628571,0.0,0.0
0.630612,0.0,0.0
0.632653,0.0,0.0
0.634694,0.0,0.0
0.636735,0.0,0.0
0.638776,0.0,0.0
0.640816,0.0,0.0
0.642857,0.0,0.0
0.644898,0.0,0.0
0.646939,0.0,0.0
0.64898,0.0,0.0
0.65102,0.0,0.0
0.653061,0.0,0.0
0.655102,0.0,0.0
0.657143,0.0,0.0
0.659184,0.0,0.0
0.661224,0.0,0.0
0.663265,0.0,0.0
0.665306,0.0,0.0
0.667347,0.0,0.0
0.669388,0.0,0.0
0.671429,0.0,0.0
0.673469,0.0,0.0
0.67551,0.0,0.0
0.677551,0.0,0.0
0.679592,0.0,0.0
0.681633,0.0,0.0
0.683673,0.0,0.0
0.685714,0.0,0.0
0.687755,0.0,0.0
0.689796,0.0,0.0
0.691837,0.0,0.0
0.693878,0.0,0.0
0.695918,0.0,0.0
0.697959,0.0,0.0
0.7,0.0,0.0
0.702041,0.0,0.0
0.704082,0.0,0.0
0.706122,0.0,0.0
0.708163,0.0,0.0
0.710204,0.0,0.0
0.712245,0.0,0.0
0.714286,0.0,0.0
0.716327,0.0,0.0
0.718367,0.0,0.0
0.720408,0.0,0.0
0.722449,0.0,0.0
0.72449,0.0,0.0
0.726531,0.0,0.0
0.728571,0.0,0.0
0.730612,0.0,0.0
0.732653,0.0,0.0
0.734694,0.0,0.0
0.736735,0.0,0.0
0.738776,0.0,0.0
0.740816,0.0,0.0
0.742857,0.0,0.0
0.744898,0.0,0.0
0.746939,0.0,0.0
0.74898,0.0,0.0
0.75102,0.0,0.0
0.753061,0.0,0.0
0.755102,0.0,0.0
0.757143,0.0,0.0
0.759184,0.0,0.0
0.761224,0.0,0.0
0.763265,0.0,0.0
0.765306,0.0,0.0
0.767347,0.0,0.0
0.769388,0.0,0.0
0.771429,0.0,0.0
0.773469,0.0,0.0
0.77551,0.0,0.0
0.777551,0.0,0.0
0.779592,0.0,0.0
0.781633,0.0,0.0
0.783673,0.0,0.0
0.785714,0.0,0.0
0.787755,0.0,0.0
0.789796,0.0,0.0
0.791837,0.0,0.0
0.793878,0.0,0.0
0.795918,0.0,0.0
0.797959,0.0,0.0
0.8,0.0,0.0
0.802041,0.0,0.0
0.804082,0.0,0.0
0.806122,0.0,0.0
0.808163,0.0,0.0
0.810204,0.0,0.0
0.812245,0.0,0.0
0.814286,0.0,0.0
0.816327,0.0,0.0
0.818367,0.0,0.0
0.820408,0.0,0.0
0.822449,0.0,0.0
0.82449,0.0,0.0
0.826531,0.0,0.0
0.828571,0.0,0.0
0.830612,0.0,0.0
0.832653,0.0,0.0
0.834694,0.0,0.0
0.836735,0.0,0.0
0.838776,0.0,0.0
0.840816,0.0,0.0
0.842857,0.0,0.0
0.844898,0.0,0.0
0.846939,0.0,0.0
0.84898,0.0,0.0
0.85102,0.0,0.0
0.853061,0.0,0.0
0.855102,0.0,0.0
0.857143,0.0,0.0
0.859184,0.0,0.0
0.861224,0.0,0.0
0.863265,0.0,0.0
0.865306,0.0,0.0
0.867347,0.0,0.0
0.869388,0.0,0.0
0.871429,0.0,0.0
0.873469,0.0,0.0
0.87551,0.0,0.0
0.877551,0.0,0.0
0.879592,0.0,0.0
0.881633,0.0,0.0
0.883673,0.0,0.0
0.885714,0.0,0.0
0.887755,0.0,0.0
0.889796,0.0,0.0
0.891837,0.0,0.0
0.893878,0.0,0.0
0.895918,0.0,0.0
0.897959,0.0,0.0
0.9,0.0,0.0
0.902041,0.0,0.0
0.904082,0.0,0.0
0.906122,0.0,0.0
0.908163,0.0,0.0
0.910204,0.0,0.0
0.912245,0.0,0.0
0.914286,0.0,0.0
0.916327,0.0,0.0
0.918367,0.0,0.0
0.920408,0.0,0.0
0.922449,0.0,0.0
0.92449,0.0,0.0
0.926531,0.0,0.0
0.928571,0.0,0.0
0.930612,0.0,0.0
0.932653,0.0,0.0
0.934694,0.0,0.0
0.936735,0.0,0.0
0.938776,0.0,0.0
0.940816,0.0,0.0
0.942857,0.0,0.0
0.944898,0.0,0.0
0.946939,0.0,0.0
0.94898,0.0,0.0
0.95102,0.0,0.0
0.953061,0.0,0.0
0.955102,0.0,0.0
0.957143,0.0,0.0
0.959184,0.0,0.0
0.961224,0.0,0.0
0.963265,0.0,0.0
0.965306,0.0,0.0
0.967347,0.0,0.0
0.969388,0.0,0.0
0.971429,0.0,0.0
0.973469,0.0,0.0
0.97551,0.0,0.0
0.977551,0.0,0.0
0.979592,0.0,0.0
0.981633,0.0,0.0
0.983673,0.0,0.0
0.985714,0.0,0.0
0.987755,0.0,0.0
0.989796,0.0,0.0
0.991837,0.0,0.0
0.993878,0.0,0.0
0.995918,0.0,0.0
0.997959,0.0,0.0
1.0,0.0,0.0
1.08163,0.0,0.0
1.16327,0.0,0.0
1.2449,0.0,0.0
1.32653,0.0,0.0
1.40816,0.0,0.0
1.4898,0.0,0.0
1.57143,0.0,0.0
1.65306,0.0,0.0
1.73469,0.0,0.0
1.81633,0.0,0.0
1.89796,0.0,0.0
1.97959,3.88399e-41,1.0125e-43
2.06122,1.46119e-34,1.02397e-36
2.14286,1.3076e-30,2.30329e-33
2.22449,3.79966e-28,1.26742e-30
2.30612,3.91701e-26,6.29523e-29
2.38776,8.02575e-25,4.53726e-27
2.46939,2.32545e-23,5.07021e-26
2.55102,3.09572e-22,3.79321e-25
2.63265,1.94282e-21,6.64063e-24
2.71429,1.03725e-20,4.75132e-23
2.79592,6.5057e-20,1.94269e-22
2.87755,3.49056e-19,5.21461e-22
2.95918,1.38012e-18,1.62433e-21
3.04082,4.23853e-18,8.06585e-21
3.12245,1.1003e-17,3.2389e-20
3.20408,2.67423e-17,9.89443e-20
3.28571,6.52345e-17,2.30256e-19
3.36735,1.6478e-16,4.78474e-19
3.44898,4.01529e-16,8.4197e-19
3.53061,9.21549e-16,1.34984e-18
3.61224,1.95758e-15,2.28894e-18
3.69388,3.8338e-15,4.44563e-18
3.77551,6.99966e-15,9.65831e-18
3.85714,1.20094e-14,2.00936e-17
3.93878,1.96265e-14,4.04048e-17
4.02041,3.11527e-14,7.46966e-17
4.10204,4.8326e-14,1.26994e-16
4.18367,7.34651e-14,2.01106e-16
4.26531,1.11671e-13,3.08373e-16
4.34694,1.69815e-13,4.45011e-16
4.42857,2.58291e-13,6.30724e-16
4.5102,3.89916e-13,8.40094e-16
4.59184,5.83657e-13,1.10533e-15
4.67347,8.62841e-13,1.418e-15
4.7551,1.2532e-12,1.77366e-15
4.83673,1.79299e-12,2.1943e-15
4.91837,2.51913e-12,2.74419e-15
5.0,3.4846e-12,3.47917e-15
5.10204,5.0952e-12,4.98697e-15
5.20408,7.25714e-12,7.27857e-15
5.30612,1.01402e-11,1.07552e-14
5.40816,1.37817e-11,1.60422e-14
5.5102,1.84434e-11,2.34665e-14
5.61224,2.42789e-11,3.32547e-14
5.71429,3.15392e-11,4.72861e-14
5.81633,4.02691e-11,6.46601e-14
5.91837,5.10402e-11,8.73013e-14
6.02041,6.41506e-11,1.1542e-13
6.12245,7.98794e-11,1.49963e-13
6.22449,9.92153e-11,1.90501e-13
6.32653,1.22448e-10,2.40352e-13
6.42857,1.50873e-10,2.9656e-13
6.53061,1.84288e-10,3.62878e-13
6.63265,2.24999e-10,4.34648e-13
6.73469,2.74607e-10,5.19033e-13
6.83673,3.33245e-10,6.12039e-13
6.93878,4.041e-10,7.12397e-13
7.04082,4.90665e-10,8.29292e-13
7.14286,5.91507e-10,9.51103e-13
7.2449,7.11747e-10,1.07946e-12
7.34694,8.54461e-10,1.22189e-12
7.44898,1.02331e-09,1.38145e-12
7.55102,1.21915e-09,1.54846e-12
7.65306,1.44882e-09,1.74426e-12
7.7551,1.71017e-09,1.92629e-12
7.85714,2.01816e-09,2.13701e-12
7.95918,2.36354e-09,2.33726e-12
8.06122,2.76065e-09,2.58756e-12
8.16327,3.21875e-09,2.85312e-12
8.26531,3.73082e-09,3.13376e-12
8.36735,4.30832e-09,3.45117e-12
8.46939,4.95272e-09,3.80063e-12
8.57143,5.68501e-09,4.21672e-12
8.67347,6.48171e-09,4.64644e-12
8.77551,7.37638e-09,5.15909e-12
8.87755,8.35579e-09,5.75032e-12
8.97959,9.44986e-09,6.43718e-12
9.08163,1.06312e-08,7.17453e-12
9.18367,1.19322e-08,8.05762e-12
9.28571,1.33409e-08,9.02335e-12
9.38776,1.48763e-08,1.02023e-11
9.4898,1.6557e-08,1.14606e-11
9.59184,1.83485e-08,1.2943e-11
9.69388,2.02907e-08,1.45984e-11
9.79592,2.24301e-08,1.64631e-11
9.89796,2.46675e-08,1.84429e-11
10.0,2.7022e-08,2.07733e-11
10.2041,3.24475e-08,2.61664e-11
10.4082,3.84837e-08,3.26618e-11
10.6122,4.53788e-08,4.03273e-11
10.8163,5.3043e-08,4.95909e-11
11.0204,6.16257e-08,6.04639e-11
11.2245,7.13414e-08,7.32266e-11
11.4286,8.20063e-08,8.77204e-11
11.6327,9.38555e-08,1.04146e-10
11.8367,1.07044e-07,1.23194e-10
12.0408,1.21497e-07,1.45486e-10
12.2449,1.37601e-07,1.69601e-10
12.449,1.55231e-07,1.9643e-10
12.6531,1.74331e-07,2.26137e-10
12.8571,1.95985e-07,2.6006e-10
13.0612,2.1912e-07,2.96939e-10
13.2653,2.44695e-07,3.35763e-10
13.4694,2.7268e-07,3.7878e-10
13.6735,3.03464e-07,4.28139e-10
13.8776,3.37577e-07,4.79594e-10
14.0816,3.74521e-07,5.33864e-10
14.2857,4.15502e-07,5.94076e-10
14.4898,4.61863e-07,6.60995e-10
14.6939,5.0884e-07,7.29553e-10
14.898,5.61253e-07,8.01844e-10
15.102,6.2252e-07,8.86974e-10
15.3061,6.85356e-07,9.72148e-10
15.5102,7.53635e-07,1.05567e-09
15.7143,8.33199e-07,1.1648e-09
15.9184,9.15796e-07,1.25495e-09
16.1224,1.00649e-06,1.369e-09
16.3265,1.10347e-06,1.47824e-09
16.5306,1.21402e-06,1.60804e-09
16.7347,1.3302e-06,1.73663e-09
16.9388,1.45511e-06,1.86942e-09
17.1429,1.58633e-06,2.00071e-09
17.3469,1.73556e-06,2.1582e-09
17.551,1.89891e-06,2.31126e-09
17.7551,2.07322e-06,2.46369e-09
17.9592,2.25822e-06,2.65856e-09
18.1633,2.45597e-06,2.8378e-09
18.3673,2.68212e-06,3.06363e-09
18.5714,2.90005e-06,3.21655e-09
18.7755,3.14808e-06,3.43748e-09
18.9796,3.41343e-06,3.65106e-09
19.1837,3.69342e-06,3.86769e-09
19.3878,4.00286e-06,4.11253e-09
19.5918,4.32679e-06,4.36407e-09
19.7959,4.67484e-06,4.64956e-09
20.0,5.04131e-06,4.94938e-09
20.4082,5.84325e-06,5.4696e-09
20.8163,6.74722e-06,6.10971e-09
21.2245,7.75235e-06,6.76257e-09
21.6327,8.8965e-06,7.54463e-09
22.0408,1.01734e-05,8.36136e-09
22.449,1.15638e-05,9.201e-09
22.8571,1.31166e-05,1.01872e-08
23.2653,1.48292e-05,1.11589e-08
23.6735,1.67091e-05,1.22585e-08
24.0816,1.87579e-05,1.33698e-08
24.4898,2.09954e-05,1.46211e-08
24.898,2.33937e-05,1.58622e-08
25.3061,2.60393e-05,1.7287e-08
25.7143,2.88767e-05,1.87664e-08
26.1224,3.19464e-05,2.02374e-08
26.5306,3.52988e-05,2.2027e-08
26.9388,3.88746e-05,2.38544e-08
27.3469,4.26226e-05,2.56278e-08
27.7551,4.6793e-05,2.7683e-08
28.1633,5.11894e-05,2.97334e-08
28.5714,5.58254e-05,3.20789e-08
28.9796,6.0758e-05,3.42144e-08
29.3878,6.6079e-05,3.67132e-08
29.7959,7.1636e-05,3.91842e-08
30.2041,7.75903e-05,4.19715e-08
30.6122,8.37588e-05,4.45472e-08
31.0204,9.04787e-05,4.74355e-08
31.4286,9.74241e-05,5.05948e-08
31.8367,0.000104759,5.38574e-08
32.2449,0.000112429,5.70327e-08
32.6531,0.000120584,6.04948e-08
33.0612,0.000129166,6.43173e-08
33.4694,0.000138037,6.80442e-08
33.8776,0.000147448,7.17851e-08
34.2857,0.000157318,7.61308e-08
34.6939,0.00016738,8.00989e-08
35.102,0.00017812,8.43709e-08
35.5102,0.000189212,8.88766e-08
35.9184,0.000201017,9.38334e-08
36.3265,0.00021303,9.87935e-08
36.7347,0.000225393,1.03643e-07
37.1429,0.000238444,1.08313e-07
37.551,0.000252104,1.14313e-07
37.9592,0.000266243,1.1955e-07
38.3673,0.000280734,1.25624e-07
38.7755,0.000296059,1.31156e-07
39.1837,0.000311821,1.3752e-07
39.5918,0.000327709,1.43395e-07
40.0,0.000344515,1.4975e-07
40.4082,0.000361814,1.56609e-07
40.8163,0.000379503,1.63298e-07
41.2245,0.0003982,1.70502e-07
41.6327,0.000417283,1.77519e-07
42.0408,0.000436903,1.84731e-07
42.449,0.000457234,1.92838e-07
42.8571,0.000477279,1.99225e-07
43.2653,0.000499336,2.07551e-07
43.6735,0.000521346,2.16172e-07
44.0816,0.000543919,2.24533e-07
44.4898,0.000567029,2.32867e-07
44.898,0.000590937,2.41031e-07
45.3061,0.000615333,2.50277e-07
45.7143,0.000641164,2.58752e-07
46.1224,0.000666829,2.68678e-07
46.5306,0.000693043,2.78295e-07
46.9388,0.000720791,2.87668e-07
47.3469,0.00074882,2.9805e-07
47.7551,0.000777506,3.08302e-07
48.1633,0.000805437,3.17418e-07
48.5714,0.000836415,3.28386e-07
48.9796,0.00086637,3.39244e-07
49.3878,0.000898216,3.5076e-07
49.7959,0.000929462,3.60787e-07
50.2041,0.000962907,3.73433e-07
50.6122,0.000995699,3.84629e-07
51.0204,0.00103002,3.95492e-07
51.4286,0.00106585,4.08011e-07
51.8367,0.00110016,4.20389e-07
52.2449,0.00113762,4.33942e-07
52.6531,0.00117392,4.45875e-07
53.0612,0.00121203,4.59393e-07
53.4694,0.00125054,4.71914e-07
53.8776,0.00128908,4.84582e-07
54.2857,0.00132906,4.97706e-07
54.6939,0.00137034,5.13332e-07
55.102,0.00141175,5.2631e-07
55.5102,0.001454,5.41277e-07
55.9184,0.00149683,5.55293e-07
56.3265,0.00154204,5.70354e-07
56.7347,0.00158569,5.84707e-07
57.1429,0.00163085,6.00847e-07
57.551,0.00167791,6.15003e-07
57.9592,0.00172494,6.29864e-07
58.3673,0.00177213,6.47612e-07
58.7755,0.00182132,6.63309e-07
59.1837,0.00187062,6.80033e-07
59.5918,0.00192099,6.96206e-07
60.0,0.00197229,7.14061e-07
60.4082,0.00202352,7.30094e-07
60.8163,0.00207626,7.47089e-07
61.2245,0.00213035,7.64215e-07
61.6327,0.00218411,7.81953e-07
62.0408,0.00223803,8.00309e-07
62.449,0.00229378,8.18052e-07
62.8571,0.00235154,8.3654e-07
63.2653,0.00241016,8.5678e-07
63.6735,0.00246818,8.76726e-07
64.0816,0.00252734,8.95848e-07
64.4898,0.00258787,9.14837e-07
64.898,0.00264825,9.33337e-07
65.3061,0.00270969,9.53451e-07
65.7143,0.00277304,9.74437e-07
66.1224,0.00283363,9.93254e-07
66.5306,0.0029008,1.01605e-06
66.9388,0.00296403,1.03671e-06
67.3469,0.00303021,1.05564e-06
67.7551,0.00309894,1.08222e-06
68.1633,0.00316783,1.10238e-06
68.5714,0.0032342,1.12196e-06
68.9796,0.00330296,1.14378e-06
69.3878,0.00337545,1.16732e-06
69.7959,0.00344513,1.19075e-06
70.2041,0.0035138,1.21067e-06
70.6122,0.0035897,1.23811e-06
71.0204,0.00366337,1.25993e-06
71.4286,0.00373824,1.28278e-06
71.8367,0.00381165,1.30601e-06
72.2449,0.00389033,1.32992e-06
72.6531,0.00396558,1.35389e-06
73.0612,0.00404468,1.37768e-06
73.4694,0.00412382,1.40452e-06
73.8776,0.00420102,1.42825e-06
74.2857,0.00428467,1.45315e-06
74.6939,0.00436604,1.48064e-06
75.102,0.00444871,1.50645e-06
75.5102,0.00452738,1.53127e-06
75.9184,0.00461331,1.5589e-06
76.3265,0.00469676,1.58469e-06
76.7347,0.00478509,1.61239e-06
77.1429,0.00487212,1.64174e-06
77.551,0.00495873,1.66729e-06
77.9592,0.00504672,1.69634e-06
78.3673,0.00513459,1.72001e-06
78.7755,0.00522702,1.75405e-06
79.1837,0.005319,1.7808e-06
79.5918,0.00541007,1.80653e-06
80.0,0.0054992,1.83307e-06
80.4082,0.00559762,1.86279e-06
80.8163,0.00569294,1.89676e-06
81.2245,0.00578789,1.92501e-06
81.6327,0.00588293,1.95552e-06
82.0408,0.00598161,1.98907e-06
82.449,0.00607821,2.01459e-06
82.8571,0.00618314,2.04997e-06
83.2653,0.00627981,2.07648e-06
83.6735,0.00637811,2.10897e-06
84.0816,0.00647967,2.13901e-06
84.4898,0.00658286,2.16831e-06
84.898,0.00669077,2.20887e-06
85.3061,0.00678702,2.2365e-06
85.7143,0.00689829,2.26484e-06
86.1224,0.00700273,2.30354e-06
86.5306,0.00710701,2.33373e-06
86.9388,0.00722108,2.3699e-06
87.3469,0.00732566,2.39937e-06
87.7551,0.00744245,2.4391e-06
88.1633,0.00754319,2.46096e-06
88.5714,0.00765513,2.50086e-06
88.9796,0.00777133,2.53515e-06
89.3878,0.00788654,2.5721e-06
89.7959,0.00800145,2.61256e-06
90.2041,0.00812129,2.64746e-06
90.6122,0.00822647,2.67503e-06
91.0204,0.00835473,2.72058e-06
91.4286,0.00846982,2.75669e-06
91.8367,0.00858165,2.78816e-06
92.2449,0.0087063,2.82353e-06
92.6531,0.00882791,2.86434e-06
93.0612,0.00894602,2.89546e-06
93.4694,0.00907475,2.93748e-06
93.8776,0.00919672,2.97323e-06
94.2857,0.00931827,3.00886e-06
94.6939,0.00944221,3.04992e-06
95.102,0.00956825,3.08775e-06
95.5102,0.00969448,3.1253e-06
95.9184,0.00981902,3.15979e-06
96.3265,0.00994646,3.19269e-06
96.7347,0.0100828,3.2456e-06
97.1429,0.0102178,3.28701e-06
97.551,0.010344,3.32729e-06
97.9592,0.0104709,3.36193e-06
98.3673,0.0106092,3.4097e-06
98.7755,0.0107521,3.45513e-06
99.1837,0.010879,3.48344e-06
99.5918,0.0110215,3.53591e-06
100.0,0.0111492,3.56548e-06
100.816,0.0114267,3.655e-06
101.633,0.0117032,3.73134e-06
102.449,0.0119912,3.82302e-06
103.265,0.0122716,3.90935e-06
104.082,0.0125705,4.0008e-06
104.898,0.0128636,4.08648e-06
105.714,0.0131496,4.17564e-06
106.531,0.0134538,4.2674e-06
107.347,0.0137614,4.35613e-06
108.163,0.0140715,4.45323e-06
108.98,0.0143856,4.54568e-06
109.796,0.0147015,4.63886e-06
110.612,0.015018,4.74504e-06
111.429,0.0153463,4.83418e-06
112.245,0.0156695,4.94119e-06
113.061,0.0159914,5.02988e-06
113.878,0.0163363,5.14447e-06
114.694,0.0166628,5.23532e-06
115.51,0.0169996,5.33308e-06
116.327,0.0173531,5.45608e-06
117.143,0.0177045,5.56101e-06
117.959,0.0180534,5.66842e-06
118.776,0.018397,5.75446e-06
119.592,0.0187599,5.88313e-06
120.408,0.0191076,5.96765e-06
121.224,0.0194909,6.0966e-06
122.041,0.0198421,6.20207e-06
122.857,0.020219,6.30707e-06
123.673,0.0205974,6.41898e-06
124.49,0.0209711,6.53111e-06
125.306,0.0213532,6.6595e-06
126.122,0.0217398,6.77854e-06
126.939,0.022144,6.90379e-06
127.755,0.0225183,6.99854e-06
128.571,0.0229261,7.12174e-06
129.388,0.0233136,7.24803e-06
130.204,0.0237117,7.35383e-06
131.02,0.0241317,7.49573e-06
131.837,0.0245241,7.60224e-06
132.653,0.0249663,7.75126e-06
133.469,0.0253549,7.84206e-06
134.286,0.0257769,7.97867e-06
135.102,0.0261935,8.10744e-06
135.918,0.0266404,8.24331e-06
136.735,0.0270513,8.36726e-06
137.551,0.0274982,8.51458e-06
138.367,0.0279406,8.63596e-06
139.184,0.0283802,8.77428e-06
140.0,0.028801,8.88271e-06
140.816,0.0292383,9.01416e-06
141.633,0.0297075,9.16891e-06
142.449,0.030148,9.30449e-06
143.265,0.030628,9.44728e-06
144.082,0.0310761,9.57228e-06
144.898,0.0315311,9.70066e-06
145.714,0.0320034,9.85329e-06
146.531,0.0324804,1.00269e-05
147.347,0.0329484,1.01449e-05
148.163,0.0334249,1.02987e-05
148.98,0.0338929,1.04293e-05
149.796,0.0343885,1.05626e-05
150.612,0.0348771,1.07337e-05
151.429,0.0353498,1.08562e-05
152.245,0.0358381,1.09931e-05
153.061,0.0363384,1.11565e-05
153.878,0.0368432,1.13087e-05
154.694,0.0373666,1.14837e-05
155.51,0.0378624,1.1637e-05
156.327,0.0383912,1.17846e-05
157.143,0.0388689,1.19335e-05
157.959,0.0393825,1.20665e-05
158.776,0.0399242,1.22654e-05
159.592,0.0404349,1.23881e-05
160.408,0.0409366,1.25204e-05
161.224,0.0414624,1.27492e-05
162.041,0.0420167,1.28812e-05
162.857,0.042551,1.30457e-05
163.673,0.0430636,1.31805e-05
164.49,0.0436328,1.33796e-05
165.306,0.0441616,1.35411e-05
166.122,0.0447189,1.37146e-05
166.939,0.0452466,1.3886e-05
167.755,0.0458345,1.40523e-05
168.571,0.0463689,1.42069e-05
169.388,0.0468849,1.43277e-05
170.204,0.0474778,1.45441e-05
171.02,0.0480687,1.47149e-05
171.837,0.0486324,1.4867e-05
172.653,0.0492093,1.509e-05
173.469,0.0497768,1.52464e-05
174.286,0.050338,1.54017e-05
175.102,0.0509117,1.55615e-05
175.918,0.0515002,1.57514e-05
176.735,0.0521189,1.59802e-05
177.551,0.0526683,1.60919e-05
178.367,0.0532652,1.63032e-05
179.184,0.0538472,1.64701e-05
180.0,0.0544993,1.66233e-05
180.816,0.0550514,1.68146e-05
181.633,0.0556403,1.69825e-05
182.449,0.0562469,1.71557e-05
183.265,0.0568847,1.73658e-05
184.082,0.0574958,1.76169e-05
184.898,0.0581056,1.7753e-05
185.714,0.0587378,1.79543e-05
186.531,0.0593907,1.81725e-05
187.347,0.0599676,1.83478e-05
188.163,0.0606116,1.85181e-05
188.98,0.0612204,1.87188e-05
189.796,0.0618626,1.89006e-05
190.612,0.0625342,1.91468e-05
191.429,0.063128,1.93169e-05
192.245,0.0638247,1.94811e-05
193.061,0.0644545,1.97185e-05
193.878,0.0650734,1.98697e-05
194.694,0.0657815,2.01165e-05
195.51,0.0663815,2.02377e-05
196.327,0.0670059,2.04784e-05
197.143,0.0676832,2.06877e-05
197.959,0.0683893,2.09238e-05
198.776,0.0690652,2.11601e-05
199.592,0.0697269,2.13135e-05
200.408,0.0704065,2.15544e-05
201.224,0.0710741,2.17134e-05
202.041,0.0717547,2.19103e-05
202.857,0.0724482,2.21656e-05
203.673,0.0730932,2.23709e-05
204.49,0.0737585,2.24985e-05
205.306,0.0744993,2.27774e-05
206.122,0.0751731,2.29603e-05
206.939,0.0758661,2.32249e-05
207.755,0.0765585,2.34451e-05
208.571,0.077268,2.36182e-05
209.388,0.0779643,2.38332e-05
210.204,0.0786441,2.39717e-05
211.02,0.0793797,2.43237e-05
211.837,0.0801118,2.45244e-05
212.653,0.0807579,2.46741e-05
213.469,0.0815302,2.49725e-05
214.286,0.0822706,2.52433e-05
215.102,0.0830103,2.54043e-05
215.918,0.0836748,2.55723e-05
216.735,0.0844418,2.58165e-05
217.551,0.0851915,2.60764e-05
218.367,0.0858595,2.62224e-05
219.184,0.0866273,2.65292e-05
220.0,0.0873713,2.6742e-05
221.633,0.0888155,2.713e-05
223.265,0.0903464,2.77289e-05
224.898,0.0918783,2.81626e-05
226.531,0.0933908,2.86351e-05
228.163,0.0949349,2.90504e-05
229.796,0.0964596,2.95833e-05
231.429,0.0979843,3.00178e-05
233.061,0.0995237,3.04441e-05
234.694,0.101154,3.09897e-05
236.327,0.102703,3.15459e-05
237.959,0.10429,3.19647e-05
239.592,0.10589,3.24525e-05
241.224,0.107478,3.29592e-05
242.857,0.109167,3.35103e-05
244.49,0.110727,3.3939e-05
246.122,0.112418,3.45196e-05
247.755,0.114092,3.5016e-05
249.388,0.115763,3.56415e-05
251.02,0.117365,3.60757e-05
252.653,0.119062,3.66336e-05
254.286,0.120819,3.71285e-05
255.918,0.122444,3.76184e-05
257.551,0.124139,3.82221e-05
259.184,0.125895,3.8752e-05
260.816,0.127593,3.93349e-05
262.449,0.129358,3.97746e-05
264.082,0.131176,4.03171e-05
265.714,0.132921,4.09339e-05
267.347,0.134673,4.1495e-05
268.98,0.136424,4.20591e-05
270.612,0.138297,4.25798e-05
272.245,0.140094,4.3311e-05
273.878,0.141906,4.38413e-05
275.51,0.143614,4.43318e-05
277.143,0.145539,4.50421e-05
278.776,0.147316,4.54535e-05
280.408,0.149329,4.62915e-05
282.041,0.151045,4.66854e-05
283.673,0.152965,4.71548e-05
285.306,0.154823,4.79274e-05
286.939,0.156661,4.84408e-05
288.571,0.15864,4.91068e-05
290.204,0.160507,4.96255e-05
291.837,0.162424,5.03526e-05
293.469,0.164394,5.07769e-05
295.102,0.166205,5.1517e-05
296.735,0.168173,5.22467e-05
298.367,0.170186,5.26753e-05
300.0,0.172159,5.34215e-05
301.633,0.174088,5.39791e-05
303.265,0.176032,5.46922e-05
304.898,0.178062,5.52634e-05
306.531,0.180112,5.60891e-05
308.163,0.182089,5.65218e-05
309.796,0.184123,5.72916e-05
311.429,0.185963,5.78193e-05
313.061,0.188005,5.83418e-05
314.694,0.19014,5.92501e-05
316.327,0.192216,5.97732e-05
317.959,0.194322,6.07566e-05
319.592,0.196413,6.12596e-05
321.224,0.198469,6.19983e-05
322.857,0.200392,6.23122e-05
324.49,0.20244,6.30915e-05
326.122,0.204634,6.37767e-05
327.755,0.206703,6.45913e-05
329.388,0.208743,6.49702e-05
331.02,0.210944,6.56987e-05
332.653,0.213082,6.65111e-05
334.286,0.215228,6.72463e-05
335.918,0.217544,6.80008e-05
337.551,0.219524,6.87209e-05
339.184,0.221674,6.92046e-05
340.816,0.223885,6.97546e-05
342.449,0.226092,7.06919e-05
344.082,0.228297,7.14105e-05
345.714,0.230451,7.222e-05
347.347,0.232822,7.30586e-05
348.98,0.234889,7.37216e-05
350.612,0.237121,7.43266e-05
352.245,0.23941,7.51021e-05
353.878,0.241659,7.59729e-05
355.51,0.24382,7.64715e-05
357.143,0.246163,7.74574e-05
358.776,0.248367,7.80445e-05
360.408,0.25068,7.89314e-05
362.041,0.252891,7.95057e-05
363.673,0.255228,8.04056e-05
365.306,0.257541,8.10965e-05
366.939,0.25983,8.18302e-05
368.571,0.262158,8.27238e-05
370.204,0.264606,8.35478e-05
371.837,0.26679,8.40171e-05
373.469,0.269039,8.48276e-05
375.102,0.271461,8.5798e-05
376.735,0.273724,8.63293e-05
378.367,0.276215,8.7386e-05
380.0,0.278472,8.77371e-05
382.449,0.281966,8.94241e-05
384.898,0.28567,9.03567e-05
387.347,0.289151,9.1329e-05
389.796,0.292805,9.26145e-05
392.245,0.296531,9.37852e-05
394.694,0.300024,9.49421e-05
397.143,0.304015,9.65851e-05
399.592,0.307443,9.75062e-05
402.041,0.311128,9.86105e-05
404.49,0.314865,0.000100148
406.939,0.3186,0.000100999
409.388,0.322448,0.000102301
411.837,0.326173,0.000103688
414.286,0.329921,0.000104544
416.735,0.333677,0.000106337
419.184,0.337566,0.000107724
421.633,0.341532,0.000108869
424.082,0.345256,0.000110304
426.531,0.349128,0.000111441
428.98,0.352846,0.000112667
431.429,0.356834,0.000114221
433.878,0.360733,0.000115643
436.327,0.364648,0.000116526
438.776,0.36851,0.000117845
441.224,0.372527,0.000119337
443.673,0.376209,0.000120418
446.122,0.380611,0.000122489
448.571,0.3845,0.00012332
451.02,0.388499,0.000124827
453.469,0.392353,0.000125864
455.918,0.396131,0.000126606
458.367,0.400659,0.000128917
460.816,0.404643,0.000130216
463.265,0.408707,0.000131447
465.714,0.412727,0.000132612
468.163,0.416835,0.000134683
470.612,0.420748,0.000135487
473.061,0.425224,0.000137574
475.51,0.429353,0.000138488
477.959,0.433509,0.000139858
480.408,0.437549,0.000141307
482.857,0.441858,0.000143274
485.306,0.446049,0.000144215
487.755,0.450468,0.000146089
490.204,0.454583,0.000147035
492.653,0.458727,0.000148109
495.102,0.463256,0.000150263
497.551,0.46705,0.000151335
500.0,0.471991,0.000153193
502.449,0.476211,0.000154978
504.898,0.480397,0.000156355
507.347,0.484492,0.000156925
509.796,0.488726,0.000159101
512.245,0.493174,0.000160324
514.694,0.497923,0.000162264
517.143,0.502486,0.000163539
519.592,0.506403,0.000164845
522.041,0.510682,0.000166215
524.49,0.515388,0.000168307
526.939,0.519547,0.000169252
529.388,0.524148,0.000170625
531.837,0.528671,0.000172706
534.286,0.533489,0.000174242
536.735,0.537506,0.000175232
539.184,0.5422,0.000177692
541.633,0.546674,0.000178794
544.082,0.551243,0.0001812
546.531,0.556004,0.000182515
548.98,0.560543,0.000184738
551.429,0.565325,0.000185373
553.878,0.569796,0.000187224
556.327,0.574169,0.000188356
558.776,0.578579,0.000189204
561.224,0.58343,0.000191227
563.673,0.588029,0.000193065
566.122,0.592704,0.000195128
568.571,0.597752,0.000196859
571.02,0.602316,0.000198496
573.469,0.606914,0.0002007
575.918,0.611619,0.000201849
578.367,0.616107,0.000202463
580.816,0.621,0.0002045
583.265,0.625474,0.000205999
585.714,0.63052,0.000208405
588.163,0.63526,0.000209592
590.612,0.639964,0.000211573
593.061,0.644817,0.000212827
595.51,0.650005,0.000215826
597.959,0.653871,0.000216729
600.408,0.659242,0.000218447
602.857,0.664033,0.000220503
605.306,0.668783,0.000221309
607.755,0.67409,0.00022337
610.204,0.678278,0.000224356
612.653,0.683929,0.000228632
615.102,0.687948,0.000228792
617.551,0.69349,0.000230251
620.0,0.698224,0.000231644
622.449,0.703233,0.000233494
624.898,0.708516,0.000236261
627.347,0.713296,0.000238179
629.796,0.71808,0.000239544
632.245,0.72294,0.000240253
634.694,0.728084,0.00024273
637.143,0.733192,0.000244923
639.592,0.738182,0.000246957
642.041,0.743559,0.000248985
644.49,0.748336,0.00024977
646.939,0.752774,0.000250705
649.388,0.758515,0.000254189
651.837,0.763387,0.000255469
654.286,0.769022,0.000257833
656.735,0.773707,0.000259616
659.184,0.778398,0.000261209
661.633,0.783619,0.000262963
664.082,0.788648,0.000264022
666.531,0.793558,0.000266192
668.98,0.799058,0.000267309
671.429,0.804299,0.000270728
673.878,0.80921,0.000272112
676.327,0.814711,0.000273098
678.776,0.819905,0.000275786
681.224,0.824662,0.000277398
683.673,0.829955,0.000279012
686.122,0.835036,0.000280317
688.571,0.840313,0.000283063
691.02,0.846245,0.000286177
693.469,0.851548,0.000288029
695.918,0.856527,0.000289028
698.367,0.862137,0.000291895
700.816,0.867046,0.000293979
703.265,0.872314,0.000295071
705.714,0.877607,0.000296906
708.163,0.882779,0.000298458
710.612,0.888257,0.00029954
713.061,0.893471,0.000301988
715.51,0.898935,0.000303836
717.959,0.904569,0.000306586
720.408,0.909375,0.000308292
722.857,0.914357,0.000310659
725.306,0.919971,0.000311554
727.755,0.925538,0.000314882
730.204,0.930913,0.000315777
732.653,0.936557,0.000317141
735.102,0.94202,0.00032132
737.551,0.947133,0.000322022
740.0,0.952373,0.000324028
743.265,0.960086,0.000325878
746.531,0.967525,0.00033066
749.796,0.974125,0.000330985
753.061,0.982696,0.000336294
756.327,0.989537,0.000338284
759.592,0.997289,0.00034151
762.857,1.00418,0.000343302
766.122,1.01204,0.000345527
769.388,1.01844,0.000348044
772.653,1.02617,0.000350142
775.918,1.03397,0.000355011
779.184,1.04224,0.000359062
782.449,1.04969,0.000359884
785.714,1.05638,0.000362041
788.98,1.06396,0.000362872
792.245,1.07156,0.000367309
795.51,1.07937,0.000371049
798.776,1.08628,0.000372372
802.041,1.09451,0.000376058
805.306,1.10212,0.000378937
808.571,1.10957,0.00038106
811.837,1.1176,0.000386388
815.102,1.12505,0.000388149
818.367,1.13323,0.00039244
821.633,1.14,0.000393596
824.898,1.14761,0.000395164
828.163,1.15472,0.000396713
831.429,1.16348,0.000401307
834.694,1.17175,0.000404761
837.959,1.17875,0.000407817
841.224,1.18698,0.000410291
844.49,1.19479,0.000412687
847.755,1.20206,0.0004165
851.02,1.20966,0.000417884
854.286,1.21771,0.000421704
857.551,1.22608,0.000425038
860.816,1.23373,0.000425738
864.082,1.24172,0.000431036
867.347,1.2494,0.000432072
870.612,1.2572,0.000436007
873.878,1.26508,0.000441239
877.143,1.27352,0.000441615
880.408,1.28176,0.000446132
883.673,1.28949,0.000449281
886.939,1.29638,0.00045083
890.204,1.30525,0.000453693
893.469,1.3129,0.000456443
896.735,1.32074,0.00046182
900.0,1.32973,0.000464626
903.265,1.33861,0.00046756
906.531,1.34608,0.000470268
909.796,1.35441,0.00047272
913.061,1.36228,0.000473978
916.327,1.3707,0.00047738
919.592,1.3777,0.000482722
922.857,1.38575,0.000485052
926.122,1.39526,0.000489313
929.388,1.40178,0.000491482
932.653,1.41167,0.000496379
935.918,1.41993,0.000499684
939.184,1.42706,0.000499152
942.449,1.43646,0.000505291
945.714,1.44472,0.000508741
948.98,1.45215,0.000508356
952.245,1.46056,0.000515039
955.51,1.46882,0.000516771
958.776,1.47745,0.000521412
962.041,1.48577,0.00052487
965.306,1.49399,0.000526545
968.571,1.50284,0.000527852
971.837,1.51079,0.000533284
975.102,1.51888,0.000537069
978.367,1.52766,0.000539331
981.633,1.53565,0.000544022
984.898,1.54468,0.000548035
988.163,1.55281,0.000549543
991.429,1.56129,0.000551742
994.694,1.56988,0.000556312
997.959,1.57682,0.000556429
1001.22,1.5881,0.000564624
1004.49,1.59524,0.000565389
1007.76,1.60357,0.000566757
1011.02,1.61317,0.000572638
1014.29,1.62119,0.000575142
1017.55,1.6305,0.000578285
1020.82,1.63743,0.000579141
1024.08,1.64687,0.000585564
1027.35,1.65482,0.000585444
1030.61,1.66379,0.000590674
1033.88,1.67253,0.000594705
1037.14,1.68179,0.000597393
1040.41,1.69096,0.00060249
1043.67,1.69876,0.000603049
1046.94,1.70883,0.000610429
1050.2,1.71551,0.000606392
1053.47,1.72627,0.000618068
1056.73,1.73451,0.000619699
1060.0,1.74266,0.000622056
1064.9,1.75561,0.000627161
1069.8,1.76904,0.000633459
1074.69,1.7821,0.000636683
1079.59,1.79491,0.000642713
1084.49,1.80817,0.000646505
1089.39,1.8215,0.000649232
1094.29,1.83492,0.000658838
1099.18,1.84851,0.00066505
1104.08,1.86207,0.000669
1108.98,1.87569,0.000671047
1113.88,1.88791,0.000677315
1118.78,1.90281,0.000682779
1123.67,1.91555,0.000692705
1128.57,1.92872,0.000692617
1133.47,1.9438,0.000703296
1138.37,1.95691,0.000705756
1143.27,1.9712,0.000709434
1148.16,1.98355,0.000713143
1153.06,1.99686,0.000722675
1157.96,2.00906,0.000725034
1162.86,2.02344,0.00073212
1167.76,2.03762,0.000736888
1172.65,2.05193,0.000739921
1177.55,2.06659,0.000750322
1182.45,2.07893,0.000750675
1187.35,2.09413,0.000761165
1192.24,2.10549,0.00076234
1197.14,2.12114,0.000769945
1202.04,2.13555,0.00077599
1206.94,2.14989,0.000780628
1211.84,2.16272,0.000785665
1216.73,2.17856,0.000794199
1221.63,2.19096,0.000796745
1226.53,2.20509,0.000804211
1231.43,2.22097,0.000813347
1236.33,2.23391,0.000812182
1241.22,2.24909,0.000822327
1246.12,2.26164,0.000825528
1251.02,2.27623,0.000827098
1255.92,2.28951,0.000836528
1260.82,2.30596,0.00084488
1265.71,2.31853,0.000848077
1270.61,2.33024,0.000847908
1275.51,2.3469,0.000857302
1280.41,2.36171,0.000863287
1285.31,2.37443,0.000870625
1290.2,2.39106,0.000875791
1295.1,2.40424,0.000882289
1300.0,2.41945,0.000886877
1304.9,2.43318,0.000893374
1309.8,2.44885,0.000902711
1314.69,2.46187,0.000903647
1319.59,2.47695,0.000906141
1324.49,2.49331,0.000924017
1329.39,2.50574,0.000923563
1334.29,2.52158,0.000930353
1339.18,2.5355,0.000933762
1344.08,2.54988,0.000941216
1348.98,2.56561,0.000944938
1353.88,2.57891,0.000956479
1358.78,2.59308,0.000955671
1363.67,2.60968,0.000963469
1368.57,2.62309,0.000970636
1373.47,2.64135,0.000980731
1378.37,2.65219,0.00098322
1383.27,2.66891,0.000990045
1388.16,2.68406,0.000994872
1393.06,2.69774,0.00100074
1397.96,2.71375,0.00100741
1402.86,2.72901,0.00101346
1407.76,2.7433,0.00102427
1412.65,2.75801,0.00102469
1417.55,2.77244,0.00102725
1422.45,2.78736,0.00103231
1427.35,2.80349,0.00104134
1432.24,2.81793,0.00104918
1437.14,2.83431,0.0010593
1442.04,2.84883,0.00106117
1446.94,2.86194,0.00106315
1451.84,2.87761,0.00107163
1456.73,2.89338,0.00107624
1461.63,2.90758,0.00108386
1466.53,2.92435,0.00109574
1471.43,2.9403,0.00110513
1476.33,2.95508,0.00110395
1481.22,2.96944,0.00111205
1486.12,2.98396,0.00111263
1491.02,2.99904,0.00111759
1495.92,3.01584,0.0011284
1500.82,3.02948,0.00112773
1505.71,3.04584,0.00114322
1510.61,3.06178,0.0011477
1515.51,3.07749,0.00115607
1520.41,3.09328,0.00116446
1525.31,3.10785,0.00116205
1530.2,3.12463,0.00117289
1535.1,3.13931,0.00118235
1540.0,3.154,0.00118623
1547.35,3.17779,0.00119928
1554.69,3.19921,0.00119894
1562.04,3.2256,0.00121748
1569.39,3.24614,0.00121711
1576.73,3.27193,0.00124043
1584.08,3.29666,0.00124634
1591.43,3.32106,0.00125632
1598.78,3.34382,0.00126555
1606.12,3.36558,0.00127716
1613.47,3.38881,0.00127972
1620.82,3.41417,0.00129022
1628.16,3.43762,0.00130267
1635.51,3.46235,0.00131332
1642.86,3.48552,0.00131848
1650.2,3.51012,0.00133678
1657.55,3.53347,0.00134044
1664.9,3.55828,0.00135314
1672.24,3.58289,0.00136581
1679.59,3.60804,0.00138536
1686.94,3.62822,0.00138004
1694.29,3.65663,0.00139164
1701.63,3.67862,0.00140972
1708.98,3.70525,0.00141824
1716.33,3.72916,0.00142639
1723.67,3.75148,0.00142725
1731.02,3.77643,0.0014445
1738.37,3.79845,0.00145431
1745.71,3.82518,0.00147256
1753.06,3.85204,0.00147567
1760.41,3.87696,0.00148667
1767.76,3.8992,0.00150743
1775.1,3.92419,0.00150783
1782.45,3.94943,0.00151555
1789.8,3.97476,0.00153847
1797.14,3.99953,0.00154498
1804.49,4.02061,0.00154524
1811.84,4.05016,0.00156233
1819.18,4.0743,0.00155728
1826.53,4.0977,0.00158203
1833.88,4.1259,0.00159806
1841.22,4.14997,0.00160074
1848.57,4.17314,0.00162167
1855.92,4.19909,0.00162398
1863.27,4.22426,0.0016333
1870.61,4.24946,0.00165216
1877.96,4.275,0.00165316
1885.31,4.29722,0.00165501
1892.65,4.32308,0.00167139
1900.0,4.35005,0.00168919
1907.35,4.3785,0.00169576
1914.69,4.4027,0.0017168
1922.04,4.42661,0.00172059
1929.39,4.45408,0.00173559
1936.73,4.47953,0.00174771
1944.08,4.50115,0.001745
1951.43,4.52841,0.00175957
1958.78,4.55523,0.00178072
1966.12,4.58189,0.00179629
1973.47,4.6066,0.00181478
1980.82,4.63245,0.00180224
1988.16,4.65664,0.0018224
1995.51,4.68631,0.00182921
2002.86,4.70959,0.00183814
2010.2,4.73611,0.00184827
2017.55,4.7646,0.00186937
2024.9,4.7898,0.0018765
2032.24,4.81251,0.00188267
2039.59,4.8431,0.00190057
2046.94,4.86578,0.00191668
2054.29,4.89099,0.00191086
2061.63,4.91664,0.00191816
2068.98,4.94837,0.00195205
2076.33,4.96956,0.00195173
2083.67,4.9938,0.00195295
2091.02,5.02218,0.00197123
2098.37,5.04886,0.00198796
2105.71,5.07771,0.00200195
2113.06,5.1012,0.00200294
2120.41,5.1276,0.00202529
2127.76,5.15611,0.00203259
2135.1,5.17998,0.0020493
2142.45,5.20938,0.00206761
2149.8,5.23574,0.00206804
2157.14,5.26027,0.00208115
2164.49,5.28951,0.00207824
2171.84,5.31704,0.0021145
2179.18,5.34341,0.00210632
2186.53,5.36946,0.00211585
2193.88,5.39786,0.00214116
2201.22,5.42242,0.0021548
2208.57,5.4485,0.00216257
2215.92,5.47538,0.00216916
2223.27,5.50348,0.00217643
2230.61,5.52751,0.00219319
2237.96,5.55617,0.0022059
2245.31,5.58544,0.00222006
2252.65,5.61162,0.0022393
2260.0,5.64236,0.00224878
2271.02,5.67702,0.00226047
2282.04,5.72507,0.00229847
2293.06,5.76145,0.00229696
2304.08,5.80707,0.00231946
2315.1,5.84407,0.00233947
2326.12,5.88701,0.00236593
2337.14,5.93178,0.00238452
2348.16,5.96772,0.00237423
2359.18,6.00797,0.00240885
2370.2,6.04968,0.00243561
2381.22,6.09192,0.00244636
2392.24,6.13837,0.00247165
2403.27,6.17389,0.00247111
2414.29,6.21896,0.00249595
2425.31,6.25907,0.0025143
2436.33,6.30252,0.00253509
2447.35,6.34235,0.00254974
2458.37,6.38278,0.00257903
2469.39,6.42786,0.00259838
2480.41,6.46785,0.00261608
2491.43,6.50857,0.00261982
2502.45,6.55067,0.00263049
2513.47,6.59597,0.00265593
2524.49,6.6362,0.00268122
2535.51,6.67945,0.00271449
2546.53,6.72465,0.00272706
2557.55,6.76485,0.00273314
2568.57,6.81125,0.00277792
2579.59,6.85031,0.00278477
2590.61,6.89414,0.00279094
2601.63,6.93762,0.00283056
2612.65,6.97989,0.00284148
2623.67,7.02695,0.00286007
2634.69,7.0629,0.00287526
2645.71,7.11445,0.00290693
2656.73,7.15045,0.00291734
2667.76,7.19662,0.00293605
2678.78,7.23818,0.0029513
2689.8,7.27697,0.00296626
2700.82,7.32647,0.00298878
2711.84,7.37098,0.00301687
2722.86,7.41573,0.00303517
2733.88,7.45507,0.0030712
2744.9,7.50098,0.0030712
2755.92,7.53958,0.00307969
2766.94,7.58297,0.00309379
2777.96,7.6322,0.00313247
2788.98,7.67912,0.00317241
2800.0,7.71868,0.00317084
2814.29,7.7761,0.00319758
2828.57,7.82977,0.00321404
2842.86,7.88639,0.00325046
2857.14,7.94642,0.00329312
2871.43,8.00075,0.00329016
2885.71,8.06652,0.00332769
2900.0,8.1233,0.00336205
2914.29,8.17018,0.00335761
2928.57,8.22762,0.00337147
2942.86,8.30235,0.00345487
2957.14,8.34924,0.00342632
2971.43,8.41188,0.00344936
2985.71,8.46592,0.00347889
3000.0,8.53384,0.00353757
3014.29,8.58296,0.00355724
3028.57,8.64702,0.00359627
3042.86,8.70078,0.00360643
3057.14,8.7614,0.00364932
3071.43,8.82074,0.00368802
3085.71,8.88253,0.00368016
3100.0,8.94156,0.00374552
3114.29,8.99702,0.00373372
3128.57,9.06039,0.00379522
3142.86,9.11758,0.00380947
3157.14,9.17579,0.0038212
3171.43,9.24049,0.0038659
3185.71,9.29098,0.00389159
3200.0,9.35075,0.00391285
3214.29,9.41019,0.00393468
3228.57,9.47826,0.00399281
3242.86,9.52999,0.00400192
3257.14,9.58687,0.00402668
3271.43,9.65396,0.00405007
3285.71,9.71969,0.00411597
3300.0,9.77425,0.00410143
3314.29,9.83387,0.00414157
3328.57,9.89278,0.00414173
3342.86,9.95443,0.00421702
3357.14,10.0121,0.00421118
3371.43,10.0755,0.00428093
3385.71,10.1436,0.00429065
3400.0,10.203,0.00435489
3414.29,10.2682,0.00432501
3428.57,10.3185,0.00437087
3442.86,10.3778,0.00436499
3457.14,10.436,0.00440557
3471.43,10.5098,0.00447119
3485.71,10.5669,0.00448812
3500.0,10.6222,0.00449865
3520.41,10.7196,0.00454015
3540.82,10.8,0.00457332
3561.22,10.8907,0.00462729
3581.63,10.9758,0.00467801
3602.04,11.0746,0.0047102
3622.45,11.152,0.00472575
3642.86,11.2518,0.00477966
3663.27,11.33,0.00483099
3683.67,11.4164,0.00483718
3704.08,11.512,0.00491585
3724.49,11.5965,0.00494898
3744.9,11.6938,0.00502221
3765.31,11.7819,0.00505335
3785.71,11.8649,0.0050794
3806.12,11.9718,0.00513253
3826.53,12.0498,0.00522544
3846.94,12.1529,0.00519089
3867.35,12.2443,0.00530965
3887.76,12.3236,0.00529467
3908.16,12.4112,0.00534249
3928.57,12.5031,0.00537926
3948.98,12.5945,0.00537669
3969.39,12.7017,0.00549454
3989.8,12.7874,0.00551393
4010.2,12.8743,0.00558503
4030.61,12.9574,0.0055978
4051.02,13.054,0.0056354
4071.43,13.1483,0.00569379
4091.84,13.2407,0.0057118
4112.24,13.3229,0.00575845
4132.65,13.4177,0.00578331
4153.06,13.5258,0.00592954
4173.47,13.6103,0.0059398
4193.88,13.7023,0.00600104
4214.29,13.7939,0.00597725
4234.69,13.886,0.0060269
4255.1,13.9842,0.00609377
4275.51,14.0845,0.00617481
4295.92,14.1756,0.00620815
4316.33,14.2672,0.00625454
4336.73,14.3651,0.00630924
4357.14,14.4565,0.00633509
4377.55,14.5448,0.00635544
4397.96,14.6475,0.00642072
4418.37,14.7379,0.00655019
4438.78,14.8389,0.00651538
4459.18,14.9207,0.00651226
4479.59,15.0262,0.00665714
4500.0,15.1177,0.00666589
4530.61,15.255,0.00669616
4561.22,15.4108,0.00682634
4591.84,15.5514,0.00689074
4622.45,15.6929,0.00700327
4653.06,15.8268,0.00703263
4683.67,15.9857,0.00707903
4714.29,16.1204,0.00709301
4744.9,16.2538,0.00721063
4775.51,16.4088,0.00725141
4806.12,16.5684,0.00733521
4836.73,16.7129,0.00746257
4867.35,16.8509,0.00752685
4897.96,16.9993,0.00759235
4928.57,17.1385,0.00766067
4959.18,17.2862,0.00764973
4989.8,17.4365,0.00783019
5020.41,17.5879,0.00782712
5051.02,17.7269,0.00796443
5081.63,17.8765,0.00799442
5112.24,18.0356,0.00801678
5142.86,18.1683,0.00813501
5173.47,18.3241,0.00822055
5204.08,18.474,0.00831412
5234.69,18.6256,0.00841139
5265.31,18.777,0.00842446
5295.92,18.932,0.00858081
5326.53,19.0678,0.0086483
5357.14,19.201,0.00860957
5387.76,19.3721,0.00877661
5418.37,19.531,0.00885367
5448.98,19.6706,0.00887834
5479.59,19.8307,0.00904572
5510.2,19.9914,0.00908802
5540.82,20.1296,0.00914729
5571.43,20.2974,0.00932212
5602.04,20.4186,0.00925224
5632.65,20.5944,0.00951076
5663.27,20.7241,0.00934987
5693.88,20.8855,0.00950901
5724.49,21.0425,0.00957866
5755.1,21.1876,0.00972237
5785.71,21.3523,0.00968811
5816.33,21.5064,0.00978488
5846.94,21.6671,0.00999273
5877.55,21.7975,0.00988826
5908.16,21.9752,0.0099881
5938.78,22.1339,0.0101323
5969.39,22.2566,0.0101512
6000.0,22.4337,0.0103049
6040.82,22.6372,0.0104711
6081.63,22.847,0.0105218
6122.45,23.0498,0.0106726
6163.27,23.2568,0.0107551
6204.08,23.4693,0.0108354
6244.9,23.6761,0.0108869
6285.71,23.8922,0.0109571
6326.53,24.0885,0.0111383
6367.35,24.3067,0.0111955
6408.16,24.5219,0.0113947
6448.98,24.724,0.0114268
6489.8,24.9468,0.0115127
6530.61,25.1483,0.0118265
6571.43,25.3518,0.0118649
6612.24,25.5812,0.011852
6653.06,25.7931,0.0119249
6693.88,25.9981,0.012197
6734.69,26.2067,0.0121251
6775.51,26.4109,0.0122519
6816.33,26.6461,0.0124289
6857.14,26.8603,0.0125016
6897.96,27.0666,0.0126943
6938.78,27.2986,0.0127369
6979.59,27.5195,0.0129195
7020.41,27.7192,0.0129518
7061.22,27.941,0.0129335
7102.04,28.1607,0.013299
7142.86,28.3576,0.0133825
7183.67,28.5792,0.0134227
7224.49,28.7961,0.0135857
7265.31,29.0345,0.0136936
7306.12,29.2269,0.0137929
7346.94,29.4577,0.0137976
7387.76,29.6595,0.0138723
7428.57,29.8932,0.0140796
7469.39,30.1242,0.0141267
7510.2,30.3047,0.0144718
7551.02,30.5303,0.0143699
7591.84,30.7915,0.0146419
7632.65,30.9802,0.0146487
7673.47,31.2332,0.0147846
7714.29,31.4358,0.0149191
7755.1,31.658,0.0149413
7795.92,31.9086,0.0152513
7836.73,32.0865,0.0150912
7877.55,32.3403,0.015382
7918.37,32.5809,0.0154093
7959.18,32.7889,0.0159304
8000.0,33.0101,0.0157322
8040.82,33.2317,0.0158479
8081.63,33.4419,0.0159865
8122.45,33.6496,0.0158316
8163.27,33.9114,0.0161197
8204.08,34.1217,0.0163193
8244.9,34.3594,0.0163358
8285.71,34.5785,0.0164666
8326.53,34.7834,0.0164274
8367.35,35.0319,0.0166687
8408.16,35.2689,0.0169916
8448.98,35.4971,0.0170015
8489.8,35.6863,0.0171195
8530.61,35.9369,0.0173389
8571.43,36.1645,0.0174712
8612.24,36.3765,0.0174186
8653.06,36.616,0.017528
8693.88,36.8818,0.0178383
8734.69,37.0812,0.0178
8775.51,37.3372,0.018006
8816.33,37.5762,0.018229
8857.14,37.7803,0.0184654
8897.96,38.0003,0.018624
8938.78,38.2597,0.0185201
8979.59,38.491,0.0186761
9020.41,38.6751,0.0185707
9061.22,38.9069,0.0189852
9102.04,39.173,0.0195102
9142.86,39.382,0.0192102
9183.67,39.5687,0.0192056
9224.49,39.8409,0.0195147
9265.31,40.0682,0.0195
9306.12,40.3274,0.0198614
9346.94,40.5441,0.0197606
9387.76,40.786,0.0199639
9428.57,40.9973,0.0200222
9469.39,41.2444,0.0204462
9510.2,41.4823,0.0202107
9551.02,41.6952,0.0204793
9591.84,41.9312,0.0203637
9632.65,42.1943,0.0208215
9673.47,42.4007,0.020871
9714.29,42.6637,0.0209706
9755.1,42.8722,0.0209451
9795.92,43.1242,0.0212233
9836.73,43.352,0.0214187
9877.55,43.6257,0.0213514
9918.37,43.8421,0.0217115
9959.18,44.0707,0.0217448
10000.0,44.3391,0.0220665
