0.01,0.0,0.0
0.0118367,0.0,0.0
0.0136735,0.0,0.0
0.0155102,0.0,0.0
0.0173469,0.0,0.0
0.0191837,0.0,0.0
0.0210204,0.0,0.0
0.0228571,0.0,0.0
0.0246939,0.0,0.0
0.0265306,0.0,0.0
0.0283673,0.0,0.0
0.0302041,0.0,0.0
0.0320408,0.0,0.0
0.0338776,0.0,0.0
0.0357143,0.0,0.0
0.037551,0.0,0.0
0.0393878,0.0,0.0
0.0412245,0.0,0.0
0.0430612,0.0,0.0
0.044898,0.0,0.0
0.0467347,0.0,0.0
0.0485714,0.0,0.0
0.0504082,0.0,0.0
0.0522449,0.0,0.0
0.0540816,0.0,0.0
0.0559184,0.0,0.0
0.0577551,0.0,0.0
0.0595918,0.0,0.0
0.0614286,0.0,0.0
0.0632653,0.0,0.0
0.065102,0.0,0.0
0.0669388,0.0,0.0
0.0687755,0.0,0.0
0.0706122,0.0,0.0
0.072449,0.0,0.0
0.0742857,0.0,0.0
0.0761224,0.0,0.0
0.0779592,0.0,0.0
0.0797959,0.0,0.0
0.0816327,0.0,0.0
0.0834694,0.0,0.0
0.0853061,0.0,0.0
0.0871429,0.0,0.0
0.0889796,0.0,0.0
0.0908163,0.0,0.0
0.0926531,0.0,0.0
0.0944898,0.0,0.0
0.0963265,0.0,0.0
0.0981633,0.0,0.0
0.1,0.0,0.0
0.102041,0.0,0.0
0.104082,0.0,0.0
0.106122,0.0,0.0
0.108163,0.0,0.0
0.110204,0.0,0.0
0.112245,0.0,0.0
0.114286,0.0,0.0
0.116327,0.0,0.0
0.118367,0.0,0.0
0.120408,0.0,0.0
0.122449,0.0,0.0
0.12449,0.0,0.0
0.126531,0.0,0.0
0.128571,0.0,0.0
0.130612,0.0,0.0
0.132653,0.0,0.0
0.134694,0.0,0.0
0.136735,0.0,0.0
0.138776,0.0,0.0
0.140816,0.0,0.0
0.142857,0.0,0.0
0.144898,0.0,0.0
0.146939,0.0,0.0
0.14898,0.0,0.0
0.15102,0.0,0.0
0.153061,0.0,0.0
0.155102,0.0,0.0
0.157143,0.0,0.0
0.159184,0.0,0.0
0.161224,0.0,0.0
0.163265,0.0,0.0
0.165306,0.0,0.0
0.167347,0.0,0.0
0.169388,0.0,0.0
0.171429,0.0,0.0
0.173469,0.0,0.0
0.17551,0.0,0.0
0.177551,0.0,0.0
0.179592,0.0,0.0
0.181633,0.0,0.0
0.183673,0.0,0.0
0.185714,0.0,0.0
0.187755,0.0,0.0
0.189796,0.0,0.0
0.191837,0.0,0.0
0.193878,0.0,0.0
0.195918,0.0,0.0
0.197959,0.0,0.0
0.2,0.0,0.0
0.202041,0.0,0.0
0.204082,0.0,0.0
0.206122,0.0,0.0
0.208163,0.0,0.0
0.210204,0.0,0.0
0.212245,9.41321e-20,7.60124e-23
0.214286,9.41274e-17,7.90901e-20
0.216327,1.89097e-15,1.52006e-18
0.218367,1.29487e-14,9.88867e-18
0.220408,5.29923e-14,3.85047e-17
0.222449,1.59637e-13,1.10263e-16
0.22449,3.94015e-13,2.59817e-16
0.226531,8.43842e-13,5.32556e-16
0.228571,1.62611e-12,9.83339e-16
0.230612,2.88523e-12,1.67893e-15
0.232653,4.80489e-12,2.6965e-15
0.234694,7.58366e-12,4.11588e-15
0.236735,1.14724e-11,6.03505e-15
0.238776,1.67279e-11,8.55027e-15
0.240816,2.36206e-11,1.17665e-14
0.242857,3.25106e-11,1.5826e-14
0.244898,4.38114e-11,2.08917e-14
0.246939,5.77039e-11,2.70469e-14
0.24898,7.47452e-11,3.46147e-14
0.25102,9.53613e-11,4.37599e-14
0.253061,1.19893e-10,5.48592e-14
0.255102,1.48982e-10,6.80785e-14
0.257143,1.82823e-10,8.39824e-14
0.259184,2.22191e-10,1.0273e-13
0.261224,2.67009e-10,1.25026e-13
0.263265,3.18636e-10,1.51502e-13
0.265306,3.77341e-10,1.82286e-13
0.267347,4.43594e-10,2.19047e-13
0.269388,5.17688e-10,2.60681e-13
0.271429,6.00469e-10,3.09708e-13
0.273469,6.92634e-10,3.66036e-13
0.27551,7.95202e-10,4.29502e-13
0.277551,9.08745e-10,5.04262e-13
0.279592,1.03149e-09,5.8823e-13
0.281633,1.16799e-09,6.80505e-13
0.283673,1.31617e-09,7.88249e-13
0.285714,1.47751e-09,9.0726e-13
0.287755,1.65572e-09,1.03893e-12
0.289796,1.84742e-09,1.18873e-12
0.291837,2.05289e-09,1.3529e-12
0.293878,2.27808e-09,1.53333e-12
0.295918,2.51355e-09,1.72891e-12
0.297959,2.77075e-09,1.95015e-12
0.3,3.05075e-09,2.19221e-12
0.302041,3.34525e-09,2.44922e-12
0.304082,3.66549e-09,2.73633e-12
0.306122,4.00606e-09,3.04884e-12
0.308163,4.36901e-09,3.38309e-12
0.310204,4.75028e-09,3.73799e-12
0.312245,5.15958e-09,4.13008e-12
0.314286,5.59235e-09,4.54906e-12
0.316327,6.05789e-09,5.00337e-12
0.318367,6.54512e-09,5.47971e-12
0.320408,7.07319e-09,5.9992e-12
0.322449,7.6082e-09,6.54596e-12
0.32449,8.18858e-09,7.1407e-12
0.326531,8.81003e-09,7.76849e-12
0.328571,9.45102e-09,8.41687e-12
0.330612,1.01384e-08,9.138e-12
0.332653,1.08694e-08,9.90473e-12
0.334694,1.16106e-08,1.06877e-11
0.336735,1.24096e-08,1.15135e-11
0.338776,1.32663e-08,1.24085e-11
0.340816,1.41203e-08,1.33239e-11
0.342857,1.5054e-08,1.43137e-11
0.344898,1.60064e-08,1.53401e-11
0.346939,1.70376e-08,1.64222e-11
0.34898,1.811e-08,1.75618e-11
0.35102,1.92356e-08,1.87762e-11
0.353061,2.04083e-08,2.00035e-11
0.355102,2.16243e-08,2.1336e-11
0.357143,2.29185e-08,2.26875e-11
0.359184,2.42665e-08,2.41336e-11
0.361224,2.56899e-08,2.56357e-11
0.363265,2.7181e-08,2.72142e-11
0.365306,2.86857e-08,2.88479e-11
0.367347,3.02295e-08,3.04671e-11
0.369388,3.19227e-08,3.22828e-11
0.371429,3.36929e-08,3.41487e-11
0.373469,3.54829e-08,3.59885e-11
0.37551,3.74137e-08,3.79953e-11
0.377551,3.93163e-08,4.0053e-11
0.379592,4.13571e-08,4.21334e-11
0.381633,4.36011e-08,4.44325e-11
0.383673,4.57706e-08,4.66878e-11
0.385714,4.82129e-08,4.91208e-11
0.387755,5.0571e-08,5.15232e-11
0.389796,5.30555e-08,5.40813e-11
0.391837,5.56274e-08,5.66552e-11
0.393878,5.83426e-08,5.94418e-11
0.395918,6.11523e-08,6.22304e-11
0.397959,6.38505e-08,6.48431e-11
0.4,6.71238e-08,6.80767e-11
0.402041,7.02057e-08,7.10932e-11
0.404082,7.3342e-08,7.41986e-11
0.406122,7.67485e-08,7.74101e-11
0.408163,8.01924e-08,8.07425e-11
0.410204,8.40834e-08,8.45042e-11
0.412245,8.76099e-08,8.79283e-11
0.414286,9.16726e-08,9.17491e-11
0.416327,9.56491e-08,9.54578e-11
0.418367,1.00065e-07,9.94502e-11
0.420408,1.04301e-07,1.03474e-10
0.422449,1.08915e-07,1.07707e-10
0.42449,1.13478e-07,1.11957e-10
0.426531,1.18062e-07,1.16133e-10
0.428571,1.23065e-07,1.20551e-10
0.430612,1.28153e-07,1.2502e-10
0.432653,1.33301e-07,1.29692e-10
0.434694,1.38979e-07,1.3457e-10
0.436735,1.44553e-07,1.39529e-10
0.438776,1.5049e-07,1.44771e-10
0.440816,1.56315e-07,1.49587e-10
0.442857,1.62655e-07,1.55177e-10
0.444898,1.68712e-07,1.60212e-10
0.446939,1.75822e-07,1.66071e-10
0.44898,1.82445e-07,1.71785e-10
0.45102,1.89403e-07,1.77657e-10
0.453061,1.96619e-07,1.83559e-10
0.455102,2.03905e-07,1.89271e-10
0.457143,2.11464e-07,1.95422e-10
0.459184,2.1953e-07,2.0201e-10
0.461224,2.27567e-07,2.08588e-10
0.463265,2.35983e-07,2.1552e-10
0.465306,2.44902e-07,2.22404e-10
0.467347,2.53407e-07,2.29154e-10
0.469388,2.62729e-07,2.36258e-10
0.471429,2.72118e-07,2.43739e-10
0.473469,2.81539e-07,2.50472e-10
0.47551,2.91651e-07,2.58493e-10
0.477551,3.01173e-07,2.65771e-10
0.479592,3.12321e-07,2.74068e-10
0.481633,3.23024e-07,2.82526e-10
0.483673,3.34621e-07,2.91136e-10
0.485714,3.45585e-07,2.9888e-10
0.487755,3.57199e-07,3.07807e-10
0.489796,3.68836e-07,3.15982e-10
0.491837,3.81331e-07,3.24956e-10
0.493878,3.93619e-07,3.3356e-10
0.495918,4.06729e-07,3.43003e-10
0.497959,4.1945e-07,3.52085e-10
0.5,4.33582e-07,3.61739e-10
0.502041,4.47483e-07,3.71834e-10
0.504082,4.61576e-07,3.8181e-10
0.506122,4.76384e-07,3.91959e-10
0.508163,4.91929e-07,4.02866e-10
0.510204,5.06665e-07,4.12958e-10
0.512245,5.22827e-07,4.24052e-10
0.514286,5.39067e-07,4.34453e-10
0.516327,5.54977e-07,4.455e-10
0.518367,5.7129e-07,4.56142e-10
0.520408,5.89412e-07,4.68131e-10
0.522449,6.07232e-07,4.79726e-10
0.52449,6.25725e-07,4.91721e-10
0.526531,6.44535e-07,5.0404e-10
0.528571,6.63243e-07,5.16615e-10
0.530612,6.83219e-07,5.2997e-10
0.532653,7.02765e-07,5.41943e-10
0.534694,7.23066e-07,5.5525e-10
0.536735,7.44609e-07,5.68478e-10
0.538776,7.64981e-07,5.8161e-10
0.540816,7.8651e-07,5.9455e-10
0.542857,8.08331e-07,6.0903e-10
0.544898,8.30903e-07,6.22173e-10
0.546939,8.54469e-07,6.36465e-10
0.54898,8.78588e-07,6.52249e-10
0.55102,9.02325e-07,6.65717e-10
0.553061,9.27961e-07,6.81805e-10
0.555102,9.50762e-07,6.94601e-10
0.557143,9.77036e-07,7.11191e-10
0.559184,1.00333e-06,7.26488e-10
0.561224,1.02985e-06,7.42469e-10
0.563265,1.05788e-06,7.5894e-10
0.565306,1.08448e-06,7.74338e-10
0.567347,1.11511e-06,7.91941e-10
0.569388,1.14378e-06,8.09693e-10
0.571429,1.17384e-06,8.26862e-10
0.573469,1.20192e-06,8.41747e-10
0.57551,1.23181e-06,8.59459e-10
0.577551,1.26606e-06,8.79572e-10
0.579592,1.29625e-06,8.95099e-10
0.581633,1.32939e-06,9.14963e-10
0.583673,1.36301e-06,9.34424e-10
0.585714,1.39488e-06,9.51463e-10
0.587755,1.431e-06,9.73341e-10
0.589796,1.46719e-06,9.91362e-10
0.591837,1.50115e-06,1.01151e-09
0.593878,1.53632e-06,1.02988e-09
0.595918,1.5725e-06,1.0478e-09
0.597959,1.61255e-06,1.07203e-09
0.6,1.65026e-06,1.09272e-09
0.602041,1.68816e-06,1.11326e-09
0.604082,1.72952e-06,1.13425e-09
0.606122,1.76921e-06,1.15524e-09
0.608163,1.80949e-06,1.17735e-09
0.610204,1.85286e-06,1.20097e-09
0.612245,1.89253e-06,1.2191e-09
0.614286,1.9389e-06,1.24585e-09
0.616327,1.98268e-06,1.26911e-09
0.618367,2.028e-06,1.29466e-09
0.620408,2.07163e-06,1.31534e-09
0.622449,2.12035e-06,1.34121e-09
0.62449,2.16704e-06,1.36694e-09
0.626531,2.21324e-06,1.38765e-09
0.628571,2.25982e-06,1.41211e-09
0.630612,2.31186e-06,1.43992e-09
0.632653,2.36358e-06,1.46697e-09
0.634694,2.41164e-06,1.49062e-09
0.636735,2.46351e-06,1.51668e-09
0.638776,2.51721e-06,1.54189e-09
0.640816,2.56832e-06,1.56759e-09
0.642857,2.62397e-06,1.59602e-09
0.644898,2.67859e-06,1.62291e-09
0.646939,2.73445e-06,1.65163e-09
0.64898,2.79582e-06,1.68257e-09
0.65102,2.85211e-06,1.71002e-09
0.653061,2.9111e-06,1.73832e-09
0.655102,2.97053e-06,1.7689e-09
0.657143,3.02793e-06,1.79303e-09
0.659184,3.09152e-06,1.82629e-09
0.661224,3.1544e-06,1.85879e-09
0.663265,3.21708e-06,1.88704e-09
0.665306,3.27956e-06,1.91767e-09
0.667347,3.34102e-06,1.94559e-09
0.669388,3.41375e-06,1.98347e-09
0.671429,3.4808e-06,2.01286e-09
0.673469,3.54845e-06,2.04735e-09
0.67551,3.61465e-06,2.0758e-09
0.677551,3.68798e-06,2.11247e-09
0.679592,3.75529e-06,2.14396e-09
0.681633,3.82705e-06,2.17564e-09
0.683673,3.90574e-06,2.21459e-09
0.685714,3.97378e-06,2.24842e-09
0.687755,4.05115e-06,2.28063e-09
0.689796,4.12448e-06,2.31722e-09
0.691837,4.2026e-06,2.35133e-09
0.693878,4.2867e-06,2.39122e-09
0.695918,4.35891e-06,2.42489e-09
0.697959,4.44037e-06,2.46093e-09
0.7,4.52274e-06,2.49867e-09
0.702041,4.6076e-06,2.53863e-09
0.704082,4.68823e-06,2.57279e-09
0.706122,4.77189e-06,2.61271e-09
0.708163,4.85606e-06,2.64734e-09
0.710204,4.94671e-06,2.69107e-09
0.712245,5.03485e-06,2.7321e-09
0.714286,5.12306e-06,2.76798e-09
0.716327,5.21391e-06,2.81018e-09
0.718367,5.30585e-06,2.85257e-09
0.720408,5.39709e-06,2.89403e-09
0.722449,5.48764e-06,2.9345e-09
0.72449,5.57954e-06,2.97266e-09
0.726531,5.67968e-06,3.01894e-09
0.728571,5.77739e-06,3.0604e-09
0.730612,5.8723e-06,3.10459e-09
0.732653,5.9753e-06,3.14788e-09
0.734694,6.06958e-06,3.18846e-09
0.736735,6.17435e-06,3.23643e-09
0.738776,6.2831e-06,3.28253e-09
0.740816,6.38262e-06,3.32443e-09
0.742857,6.49498e-06,3.37507e-09
0.744898,6.60138e-06,3.42045e-09
0.746939,6.70424e-06,3.46686e-09
0.74898,6.81356e-06,3.51295e-09
0.75102,6.92984e-06,3.56185e-09
0.753061,7.04126e-06,3.61024e-09
0.755102,7.15364e-06,3.65652e-09
0.757143,7.26635e-06,3.70656e-09
0.759184,7.37902e-06,3.74993e-09
0.761224,7.50089e-06,3.80678e-09
0.763265,7.61443e-06,3.85413e-09
0.765306,7.73492e-06,3.90538e-09
0.767347,7.85696e-06,3.95511e-09
0.769388,7.97839e-06,4.00369e-09
0.771429,8.09614e-06,4.05384e-09
0.773469,8.24061e-06,4.1182e-09
0.77551,8.34768e-06,4.16083e-09
0.777551,8.49118e-06,4.22445e-09
0.779592,8.62038e-06,4.2732e-09
0.781633,8.74767e-06,4.33003e-09
0.783673,8.87333e-06,4.37777e-09
0.785714,9.01276e-06,4.43845e-09
0.787755,9.14936e-06,4.49464e-09
0.789796,9.27947e-06,4.54479e-09
0.791837,9.41443e-06,4.59874e-09
0.793878,9.55819e-06,4.66541e-09
0.795918,9.70622e-06,4.72254e-09
0.797959,9.83553e-06,4.77356e-09
0.8,9.9724e-06,4.82764e-09
0.802041,1.01317e-05,4.89415e-09
0.804082,1.02717e-05,4.95059e-09
0.806122,1.04197e-05,5.01354e-09
0.808163,1.05728e-05,5.07637e-09
0.810204,1.07251e-05,5.13335e-09
0.812245,1.0872e-05,5.19232e-09
0.814286,1.10403e-05,5.2643e-09
0.816327,1.11961e-05,5.32477e-09
0.818367,1.13417e-05,5.3801e-09
0.820408,1.15062e-05,5.44898e-09
0.822449,1.16686e-05,5.51727e-09
0.82449,1.18294e-05,5.57592e-09
0.826531,1.19912e-05,5.64466e-09
0.828571,1.21531e-05,5.71209e-09
0.830612,1.23161e-05,5.76732e-09
0.832653,1.24746e-05,5.83158e-09
0.834694,1.26676e-05,5.9135e-09
0.836735,1.28409e-05,5.97726e-09
0.838776,1.3006e-05,6.04402e-09
0.840816,1.31812e-05,6.10864e-09
0.842857,1.33474e-05,6.17316e-09
0.844898,1.35385e-05,6.25351e-09
0.846939,1.3714e-05,6.31845e-09
0.84898,1.38935e-05,6.39317e-09
0.85102,1.4087e-05,6.46422e-09
0.853061,1.42615e-05,6.53883e-09
0.855102,1.44442e-05,6.60577e-09
0.857143,1.46261e-05,6.67007e-09
0.859184,1.48177e-05,6.74061e-09
0.861224,1.50207e-05,6.82997e-09
0.863265,1.5196e-05,6.89194e-09
0.865306,1.53997e-05,6.97343e-09
0.867347,1.56058e-05,7.05541e-09
0.869388,1.57959e-05,7.12451e-09
0.871429,1.59872e-05,7.19287e-09
0.873469,1.6197e-05,7.27751e-09
0.87551,1.64074e-05,7.35861e-09
0.877551,1.66066e-05,7.43772e-09
0.879592,1.6813e-05,7.51167e-09
0.881633,1.70241e-05,7.5941e-09
0.883673,1.7249e-05,7.68398e-09
0.885714,1.74492e-05,7.75187e-09
0.887755,1.76556e-05,7.83209e-09
0.889796,1.78765e-05,7.91406e-09
0.891837,1.81058e-05,7.99748e-09
0.893878,1.83045e-05,8.07458e-09
0.895918,1.8543e-05,8.16704e-09
0.897959,1.87612e-05,8.25084e-09
0.9,1.89919e-05,8.33636e-09
0.902041,1.9204e-05,8.40995e-09
0.904082,1.94519e-05,8.50809e-09
0.906122,1.96672e-05,8.5884e-09
0.908163,1.991e-05,8.68405e-09
0.910204,2.01339e-05,8.76943e-09
0.912245,2.03682e-05,8.84992e-09
0.914286,2.06286e-05,8.9437e-09
0.916327,2.08523e-05,9.03397e-09
0.918367,2.10827e-05,9.11262e-09
0.920408,2.13379e-05,9.20701e-09
0.922449,2.15947e-05,9.30059e-09
0.92449,2.1835e-05,9.39113e-09
0.926531,2.2083e-05,9.47915e-09
0.928571,2.23272e-05,9.57202e-09
0.930612,2.25885e-05,9.66898e-09
0.932653,2.28541e-05,9.7617e-09
0.934694,2.31152e-05,9.86606e-09
0.936735,2.33658e-05,9.95386e-09
0.938776,2.36244e-05,1.00469e-08
0.940816,2.39022e-05,1.01493e-08
0.942857,2.41542e-05,1.02421e-08
0.944898,2.44247e-05,1.03371e-08
0.946939,2.46999e-05,1.04414e-08
0.94898,2.49785e-05,1.05423e-08
0.95102,2.52303e-05,1.06287e-08
0.953061,2.55098e-05,1.07256e-08
0.955102,2.57884e-05,1.08301e-08
0.957143,2.60686e-05,1.09337e-08
0.959184,2.63599e-05,1.10417e-08
0.961224,2.66374e-05,1.11357e-08
0.963265,2.68981e-05,1.12294e-08
0.965306,2.72181e-05,1.13502e-08
0.967347,2.7505e-05,1.14436e-08
0.969388,2.78118e-05,1.15605e-08
0.971429,2.81066e-05,1.16578e-08
0.973469,2.839e-05,1.17654e-08
0.97551,2.8692e-05,1.18701e-08
0.977551,2.89983e-05,1.19796e-08
0.979592,2.92733e-05,1.20832e-08
0.981633,2.95907e-05,1.21868e-08
0.983673,2.9913e-05,1.23082e-08
0.985714,3.02196e-05,1.24121e-08
0.987755,3.05387e-05,1.25338e-08
0.989796,3.08483e-05,1.26466e-08
0.991837,3.11475e-05,1.27412e-08
0.993878,3.14675e-05,1.28582e-08
0.995918,3.17941e-05,1.29738e-08
0.997959,3.2119e-05,1.30838e-08
1.0,3.24339e-05,1.31938e-08
1.08163,4.72891e-05,1.82989e-08
1.16327,6.60367e-05,2.44903e-08
1.2449,8.9068e-05,3.18495e-08
1.32653,0.000116823,4.0476e-08
1.40816,0.000149416,5.03432e-08
1.4898,0.000187125,6.14727e-08
1.57143,0.000229862,7.38948e-08
1.65306,0.000278763,8.78767e-08
1.73469,0.000332862,1.03047e-07
1.81633,0.00039317,1.19719e-07
1.89796,0.000459128,1.3782e-07
1.97959,0.000531737,1.57353e-07
2.06122,0.000610192,1.78339e-07
2.14286,0.00069481,2.00786e-07
2.22449,0.000786194,2.24712e-07
2.30612,0.000883453,2.50096e-07
2.38776,0.000987571,2.76905e-07
2.46939,0.0010975,3.05228e-07
2.55102,0.00121443,3.34994e-07
2.63265,0.00133749,3.66169e-07
2.71429,0.00146823,3.99137e-07
2.79592,0.00160454,4.33251e-07
2.87755,0.00174672,4.69202e-07
2.95918,0.00189662,5.06239e-07
3.04082,0.00205113,5.44487e-07
3.12245,0.0022157,5.85509e-07
3.20408,0.00238394,6.26715e-07
3.28571,0.00255874,6.69698e-07
3.36735,0.00274145,7.14503e-07
3.44898,0.00292942,7.60295e-07
3.53061,0.00312344,8.07931e-07
3.61224,0.00332463,8.56582e-07
3.69388,0.00353007,9.06131e-07
3.77551,0.00374713,9.5903e-07
3.85714,0.00396722,1.0121e-06
3.93878,0.00419007,1.06624e-06
4.02041,0.00442383,1.12255e-06
4.10204,0.00466431,1.18015e-06
4.18367,0.00491122,1.23978e-06
4.26531,0.00515923,1.29932e-06
4.34694,0.00541699,1.36128e-06
4.42857,0.00568082,1.42478e-06
4.5102,0.00595038,1.48916e-06
4.59184,0.00622273,1.55436e-06
4.67347,0.00650667,1.62227e-06
4.7551,0.00679364,1.69092e-06
4.83673,0.00708781,1.76098e-06
4.91837,0.00738571,1.83242e-06
5.0,0.00768799,1.90431e-06
5.10204,0.00807632,1.99774e-06
5.20408,0.00847602,2.09228e-06
5.30612,0.00888503,2.19018e-06
5.40816,0.00930395,2.28932e-06
5.5102,0.00972284,2.38954e-06
5.61224,0.0101531,2.49304e-06
5.71429,0.010603,2.59943e-06
5.81633,0.0110495,2.7053e-06
5.91837,0.0115114,2.81554e-06
6.02041,0.0119809,2.92784e-06
6.12245,0.012456,3.04125e-06
6.22449,0.0129366,3.15522e-06
6.32653,0.0134256,3.27063e-06
6.42857,0.0139292,3.39155e-06
6.53061,0.0144328,3.51354e-06
6.63265,0.0149504,3.635e-06
6.73469,0.0154764,3.76149e-06
6.83673,0.0160098,3.88851e-06
6.93878,0.0165544,4.01871e-06
7.04082,0.0171002,4.14968e-06
7.14286,0.0176652,4.28279e-06
7.2449,0.0182191,4.4163e-06
7.34694,0.0187912,4.55281e-06
7.44898,0.019368,4.69323e-06
7.55102,0.0199584,4.83265e-06
7.65306,0.0205512,4.97525e-06
7.7551,0.0211572,5.12177e-06
7.85714,0.0217623,5.26522e-06
7.95918,0.0223844,5.41453e-06
8.06122,0.0230007,5.56368e-06
8.16327,0.0236275,5.71317e-06
8.26531,0.0242708,5.86831e-06
8.36735,0.0249037,6.02078e-06
8.46939,0.0255654,6.17911e-06
8.57143,0.0262315,6.33992e-06
8.67347,0.026897,6.50191e-06
8.77551,0.0275675,6.66222e-06
8.87755,0.0282433,6.82561e-06
8.97959,0.0289409,6.99431e-06
9.08163,0.0296176,7.15762e-06
9.18367,0.0303234,7.32732e-06
9.28571,0.0310289,7.49954e-06
9.38776,0.0317416,7.6723e-06
9.4898,0.0324714,7.84986e-06
9.59184,0.0331916,8.02379e-06
9.69388,0.0339355,8.20575e-06
9.79592,0.0346637,8.37894e-06
9.89796,0.0354141,8.56646e-06
10.0,0.0361668,8.74971e-06
10.2041,0.0376794,9.11553e-06
10.4082,0.0392147,9.49214e-06
10.6122,0.0407974,9.87916e-06
10.8163,0.0424013,1.02699e-05
11.0204,0.0440197,1.06638e-05
11.2245,0.0456812,1.10743e-05
11.4286,0.047324,1.14763e-05
11.6327,0.0490369,1.19005e-05
11.8367,0.0507469,1.23201e-05
12.0408,0.0524828,1.2748e-05
12.2449,0.0542549,1.31877e-05
12.449,0.0560392,1.36286e-05
12.6531,0.0578164,1.40711e-05
12.8571,0.0596718,1.45247e-05
13.0612,0.0615309,1.49928e-05
13.2653,0.0633369,1.54465e-05
13.4694,0.0652706,1.59226e-05
13.6735,0.0671559,1.63995e-05
13.8776,0.0691013,1.68837e-05
14.0816,0.0710567,1.73734e-05
14.2857,0.0730185,1.78665e-05
14.4898,0.0749806,1.83563e-05
14.6939,0.0770318,1.88676e-05
14.898,0.0790336,1.93803e-05
15.102,0.0810957,1.98977e-05
15.3061,0.0831443,2.04139e-05
15.5102,0.0852413,2.09409e-05
15.7143,0.087363,2.14799e-05
15.9184,0.0894899,2.2024e-05
16.1224,0.0915974,2.25625e-05
16.3265,0.0937553,2.31051e-05
16.5306,0.0959456,2.36666e-05
16.7347,0.0981456,2.42271e-05
16.9388,0.100368,2.47988e-05
17.1429,0.102607,2.53685e-05
17.3469,0.104865,2.5941e-05
17.551,0.107089,2.65059e-05
17.7551,0.109398,2.71094e-05
17.9592,0.111697,2.76997e-05
18.1633,0.114041,2.83036e-05
18.3673,0.116378,2.89002e-05
18.5714,0.118696,2.95211e-05
18.7755,0.121081,3.01286e-05
18.9796,0.123439,3.07252e-05
19.1837,0.125739,3.13276e-05
19.3878,0.128191,3.19654e-05
19.5918,0.130731,3.26337e-05
19.7959,0.133126,3.32475e-05
20.0,0.13564,3.38995e-05
20.4082,0.140614,3.51945e-05
20.8163,0.145561,3.64965e-05
21.2245,0.150735,3.78528e-05
21.6327,0.155788,3.91892e-05
22.0408,0.161097,4.05795e-05
22.449,0.166324,4.19622e-05
22.8571,0.171624,4.33714e-05
23.2653,0.17699,4.47958e-05
23.6735,0.182421,4.62206e-05
24.0816,0.187836,4.76762e-05
24.4898,0.193417,4.9166e-05
24.898,0.198986,5.0643e-05
25.3061,0.204603,5.21519e-05
25.7143,0.210245,5.36629e-05
26.1224,0.21608,5.52639e-05
26.5306,0.221809,5.68018e-05
26.9388,0.227619,5.83586e-05
27.3469,0.233568,5.99788e-05
27.7551,0.239421,6.1562e-05
28.1633,0.24552,6.32245e-05
28.5714,0.251477,6.48399e-05
28.9796,0.257626,6.65207e-05
29.3878,0.263802,6.81946e-05
29.7959,0.26986,6.98764e-05
30.2041,0.275901,7.15444e-05
30.6122,0.282377,7.32846e-05
31.0204,0.288617,7.50348e-05
31.4286,0.294981,7.67815e-05
31.8367,0.301194,7.8507e-05
32.2449,0.307663,8.02788e-05
32.6531,0.314196,8.2126e-05
33.0612,0.320607,8.38747e-05
33.4694,0.327149,8.57037e-05
33.8776,0.333854,8.75848e-05
34.2857,0.340396,8.9422e-05
34.6939,0.347143,9.12616e-05
35.102,0.353631,9.31073e-05
35.5102,0.360404,9.50047e-05
35.9184,0.367237,9.69473e-05
36.3265,0.374044,9.88201e-05
36.7347,0.381031,0.000100848
37.1429,0.387826,0.000102727
37.551,0.394775,0.000104693
37.9592,0.401654,0.000106654
38.3673,0.40863,0.000108642
38.7755,0.415698,0.000110665
39.1837,0.422824,0.000112678
39.5918,0.429737,0.000114642
40.0,0.437242,0.000116764
40.4082,0.444015,0.000118741
40.8163,0.451663,0.000120849
41.2245,0.4586,0.000122844
41.6327,0.466054,0.000125048
42.0408,0.473446,0.000127165
42.449,0.480482,0.000129175
42.8571,0.488146,0.000131469
43.2653,0.495113,0.000133394
43.6735,0.502889,0.000135657
44.0816,0.510353,0.000137802
44.4898,0.51776,0.000139978
44.898,0.525278,0.00014213
45.3061,0.532836,0.000144355
45.7143,0.540488,0.000146611
46.1224,0.548265,0.000148768
46.5306,0.555513,0.000150902
46.9388,0.563412,0.000153232
47.3469,0.571077,0.000155492
47.7551,0.57899,0.000157814
48.1633,0.586418,0.000159981
48.5714,0.594542,0.000162368
48.9796,0.602068,0.000164653
49.3878,0.610083,0.000166942
49.7959,0.617913,0.000169262
50.2041,0.625889,0.000171651
50.6122,0.633911,0.000173937
51.0204,0.641975,0.000176404
51.4286,0.649732,0.000178691
51.8367,0.657598,0.000180895
52.2449,0.665639,0.000183449
52.6531,0.673969,0.000185856
53.0612,0.68193,0.000188157
53.4694,0.690322,0.0001907
53.8776,0.698259,0.000193081
54.2857,0.706459,0.000195516
54.6939,0.714583,0.000197932
55.102,0.722854,0.000200336
55.5102,0.731157,0.000202969
55.9184,0.739373,0.000205339
56.3265,0.748004,0.00020785
56.7347,0.755981,0.00021036
57.1429,0.764374,0.000212889
57.551,0.773138,0.000215382
57.9592,0.781249,0.000217912
58.3673,0.789434,0.000220382
58.7755,0.798049,0.00022307
59.1837,0.806766,0.000225649
59.5918,0.815508,0.000228209
60.0,0.823994,0.000230774
60.4082,0.832128,0.000233338
60.8163,0.840866,0.000236037
61.2245,0.849334,0.000238569
61.6327,0.858343,0.000241245
62.0408,0.866929,0.000243832
62.449,0.875296,0.000246388
62.8571,0.884062,0.000248973
63.2653,0.89273,0.000251836
63.6735,0.901517,0.000254456
64.0816,0.910163,0.000257082
64.4898,0.919198,0.000259844
64.898,0.928153,0.000262576
65.3061,0.936475,0.000265067
65.7143,0.945339,0.000267925
66.1224,0.954077,0.000270558
66.5306,0.962958,0.000273235
66.9388,0.97212,0.0002761
67.3469,0.981106,0.000278819
67.7551,0.990036,0.000281503
68.1633,0.998457,0.000284251
68.5714,1.00845,0.000287178
68.9796,1.01705,0.000289933
69.3878,1.02593,0.000292759
69.7959,1.03514,0.000295575
70.2041,1.04416,0.000298334
70.6122,1.0536,0.000301194
71.0204,1.06233,0.000303912
71.4286,1.07154,0.000306879
71.8367,1.08084,0.000309603
72.2449,1.09016,0.000312511
72.6531,1.09913,0.000315488
73.0612,1.10878,0.000318448
73.4694,1.11717,0.00032108
73.8776,1.12649,0.000323813
74.2857,1.13566,0.000326709
74.6939,1.14597,0.000330129
75.102,1.15462,0.000332711
75.5102,1.16388,0.000335649
75.9184,1.17393,0.000338864
76.3265,1.18326,0.000341589
76.7347,1.19177,0.000344267
77.1429,1.20166,0.000347454
77.551,1.21083,0.000350395
77.9592,1.22032,0.000353455
78.3673,1.22964,0.000356325
78.7755,1.23974,0.000359535
79.1837,1.24857,0.00036233
79.5918,1.25793,0.000365254
80.0,1.26746,0.000368094
80.4082,1.27775,0.000371375
80.8163,1.2868,0.00037421
81.2245,1.29686,0.000377499
81.6327,1.30677,0.000380705
82.0408,1.31592,0.000383537
82.449,1.32603,0.000386945
82.8571,1.33552,0.000389736
83.2653,1.34513,0.000392872
83.6735,1.35491,0.000396007
84.0816,1.36451,0.000398928
84.4898,1.37357,0.000401983
84.898,1.38388,0.000405216
85.3061,1.39319,0.000408112
85.7143,1.40314,0.000411275
86.1224,1.41414,0.000414717
86.5306,1.42269,0.000417661
86.9388,1.43302,0.000420834
87.3469,1.44284,0.000424239
87.7551,1.45255,0.000427154
88.1633,1.4621,0.000430351
88.5714,1.47257,0.000433379
88.9796,1.48282,0.0004369
89.3878,1.49312,0.000440202
89.7959,1.50287,0.000443063
90.2041,1.5135,0.000446544
90.6122,1.52186,0.000449317
91.0204,1.53212,0.000452393
91.4286,1.54272,0.000456236
91.8367,1.55238,0.000459131
92.2449,1.56262,0.000462443
92.6531,1.57243,0.000465814
93.0612,1.58215,0.000468666
93.4694,1.59275,0.000472041
93.8776,1.60277,0.000475453
94.2857,1.61213,0.000478436
94.6939,1.62294,0.000481971
95.102,1.63307,0.000485171
95.5102,1.64361,0.000488792
95.9184,1.65309,0.000491749
96.3265,1.66375,0.000495227
96.7347,1.67285,0.000498288
97.1429,1.68343,0.000501596
97.551,1.69544,0.000505298
97.9592,1.70517,0.000508619
98.3673,1.71481,0.000511753
98.7755,1.72483,0.000515078
99.1837,1.73545,0.000518551
99.5918,1.7456,0.000521756
100.0,1.75631,0.000525115
100.816,1.77672,0.000532043
101.633,1.7981,0.000539036
102.449,1.81834,0.000545482
103.265,1.83886,0.000552153
104.082,1.86091,0.000559476
104.898,1.88167,0.000566402
105.714,1.90329,0.000573346
106.531,1.92239,0.000579798
107.347,1.94483,0.000587316
108.163,1.96647,0.000594257
108.98,1.98799,0.000601529
109.796,2.00936,0.000608425
110.612,2.02975,0.000615815
111.429,2.05165,0.000622365
112.245,2.07259,0.000629646
113.061,2.09289,0.000636298
113.878,2.11571,0.00064399
114.694,2.13794,0.000651183
115.51,2.15994,0.000658766
116.327,2.18191,0.000665801
117.143,2.20316,0.000673015
117.959,2.22573,0.00068074
118.776,2.24649,0.000687285
119.592,2.26845,0.000694889
120.408,2.29065,0.000702269
121.224,2.31309,0.000710024
122.041,2.33517,0.000717355
122.857,2.35684,0.000724939
123.673,2.37874,0.000732227
124.49,2.40177,0.000739636
125.306,2.42353,0.00074742
126.122,2.4474,0.000755175
126.939,2.46856,0.000762043
127.755,2.49068,0.000769937
128.571,2.51314,0.000777363
129.388,2.53605,0.000785119
130.204,2.55888,0.000793014
131.02,2.58114,0.00080057
131.837,2.6027,0.000807765
132.653,2.62731,0.000815987
133.469,2.64963,0.000823342
134.286,2.6723,0.000831672
135.102,2.69325,0.000838566
135.918,2.71929,0.000847591
136.735,2.73976,0.000854626
137.551,2.76285,0.000862514
138.367,2.78736,0.000870917
139.184,2.80812,0.000877884
140.0,2.83222,0.000886135
140.816,2.85725,0.000894822
141.633,2.8798,0.000902537
142.449,2.90109,0.000909772
143.265,2.92434,0.000918148
144.082,2.94879,0.00092659
144.898,2.97161,0.000934119
145.714,2.99574,0.000942856
146.531,3.01902,0.000950395
147.347,3.04136,0.000958109
148.163,3.06652,0.000967214
148.98,3.09094,0.000975235
149.796,3.11409,0.000983012
150.612,3.13762,0.000991965
151.429,3.16216,0.000999521
152.245,3.18527,0.00100832
153.061,3.20748,0.0010169
153.878,3.23277,0.00102457
154.694,3.25591,0.00103228
155.51,3.27897,0.00104073
156.327,3.30431,0.00104895
157.143,3.32507,0.00105715
157.959,3.35182,0.00106565
158.776,3.37437,0.00107425
159.592,3.3996,0.00108253
160.408,3.4232,0.00109096
161.224,3.44775,0.00110001
162.041,3.47071,0.00110796
162.857,3.49556,0.00111683
163.673,3.51895,0.00112475
164.49,3.54617,0.00113377
165.306,3.56879,0.0011419
166.122,3.59103,0.00115071
166.939,3.61612,0.00115837
167.755,3.6427,0.00116837
168.571,3.66697,0.00117631
169.388,3.6899,0.001185
170.204,3.71626,0.00119421
171.02,3.74096,0.00120353
171.837,3.76697,0.00121272
172.653,3.7895,0.00122029
173.469,3.81444,0.00122963
174.286,3.83931,0.00123792
175.102,3.86253,0.0012463
175.918,3.88687,0.00125477
176.735,3.91301,0.00126429
177.551,3.93738,0.0012728
178.367,3.96427,0.00128253
179.184,3.98798,0.00129025
180.0,4.01212,0.00130018
180.816,4.03785,0.00130865
181.633,4.06237,0.00131708
182.449,4.0872,0.00132577
183.265,4.11016,0.00133443
184.082,4.13669,0.00134481
184.898,4.16153,0.00135216
185.714,4.18967,0.00136207
186.531,4.21488,0.00137167
187.347,4.24049,0.00138098
188.163,4.26183,0.00138812
188.98,4.28922,0.00139778
189.796,4.31369,0.00140701
190.612,4.34044,0.00141714
191.429,4.36459,0.0014251
192.245,4.38949,0.00143418
193.061,4.41584,0.00144423
193.878,4.44241,0.00145316
194.694,4.46706,0.00146218
195.51,4.49639,0.00147321
196.327,4.51734,0.00147896
197.143,4.545,0.00149025
197.959,4.57089,0.00150083
198.776,4.59738,0.00150842
199.592,4.62311,0.00151868
200.408,4.64313,0.00152624
201.224,4.67293,0.00153528
202.041,4.6947,0.00154432
202.857,4.72051,0.00155425
203.673,4.751,0.00156437
204.49,4.77538,0.0015736
205.306,4.8014,0.00158304
206.122,4.8273,0.00159238
206.939,4.85327,0.0016024
207.755,4.87851,0.00161162
208.571,4.90437,0.00161959
209.388,4.92807,0.00162973
210.204,4.96003,0.00164074
211.02,4.98486,0.00165022
211.837,5.00945,0.00165835
212.653,5.03798,0.00166945
213.469,5.06319,0.00167814
214.286,5.08996,0.00168911
215.102,5.1134,0.00169716
215.918,5.14031,0.00170609
216.735,5.16821,0.00171758
217.551,5.19228,0.00172539
218.367,5.2197,0.00173668
219.184,5.24675,0.00174627
220.0,5.27212,0.0017553
221.633,5.32449,0.00177405
223.265,5.37384,0.00179208
224.898,5.43131,0.00181408
226.531,5.48399,0.00183173
228.163,5.53904,0.00185407
229.796,5.5916,0.00187261
231.429,5.64642,0.00189179
233.061,5.69962,0.00191271
234.694,5.75322,0.00193248
236.327,5.8074,0.00195177
237.959,5.85865,0.00197125
239.592,5.91257,0.00199197
241.224,5.96727,0.00201203
242.857,6.02522,0.00203328
244.49,6.0757,0.00205156
246.122,6.13172,0.00207386
247.755,6.18274,0.00209268
249.388,6.23848,0.00211275
251.02,6.29372,0.00213345
252.653,6.34916,0.00215287
254.286,6.40531,0.00217509
255.918,6.45688,0.00219286
257.551,6.5156,0.00221748
259.184,6.57027,0.0022379
260.816,6.62359,0.00225741
262.449,6.6846,0.00228009
264.082,6.73336,0.00230063
265.714,6.78952,0.00231989
267.347,6.84999,0.00234056
268.98,6.90097,0.00236074
270.612,6.95685,0.00238171
272.245,7.01554,0.00240815
273.878,7.06885,0.00242273
275.51,7.12529,0.0024461
277.143,7.1848,0.00247023
278.776,7.23936,0.00248943
280.408,7.2979,0.00251156
282.041,7.35195,0.00253461
283.673,7.40934,0.00255292
285.306,7.46886,0.00257371
286.939,7.52357,0.00259835
288.571,7.58127,0.00262029
290.204,7.6369,0.00264123
291.837,7.69461,0.00266227
293.469,7.74544,0.00268262
295.102,7.80778,0.00270462
296.735,7.86568,0.00272923
298.367,7.91843,0.00274942
300.0,7.97664,0.00277205
301.633,8.03525,0.00279386
303.265,8.09541,0.00281628
304.898,8.14976,0.00283691
306.531,8.20965,0.00286273
308.163,8.26291,0.00288144
309.796,8.32444,0.00290458
311.429,8.37796,0.0029256
313.061,8.44226,0.00295118
314.694,8.49479,0.00297058
316.327,8.55315,0.00299089
317.959,8.61484,0.00301521
319.592,8.67114,0.00303879
321.224,8.72969,0.00306109
322.857,8.78899,0.00308547
324.49,8.85137,0.00310904
326.122,8.9052,0.00313031
327.755,8.96404,0.00315329
329.388,9.02167,0.00317686
331.02,9.08397,0.00319937
332.653,9.14009,0.0032196
334.286,9.19731,0.00324318
335.918,9.26327,0.00326748
337.551,9.31241,0.00329032
339.184,9.37805,0.00331413
340.816,9.43784,0.00333984
342.449,9.49618,0.00335895
344.082,9.55475,0.00338128
345.714,9.60952,0.00340391
347.347,9.67587,0.00342885
348.98,9.7318,0.00345208
350.612,9.78492,0.00347056
352.245,9.85953,0.00350274
353.878,9.91407,0.00352454
355.51,9.97649,0.00354871
357.143,10.0318,0.00356952
358.776,10.0929,0.00359434
360.408,10.1556,0.00361845
362.041,10.2156,0.00363945
363.673,10.2715,0.00366477
365.306,10.3417,0.00369448
366.939,10.3944,0.00371419
368.571,10.4619,0.0037431
370.204,10.5178,0.00376258
371.837,10.5736,0.00378284
373.469,10.637,0.00380701
375.102,10.697,0.00383282
376.735,10.7583,0.00386108
378.367,10.8187,0.00387892
380.0,10.8839,0.00390685
382.449,10.9736,0.00394217
384.898,11.0637,0.00397931
387.347,11.1521,0.00401049
389.796,11.2497,0.00405437
392.245,11.3304,0.00408135
394.694,11.4295,0.00412774
397.143,11.5201,0.00416205
399.592,11.6143,0.00419932
402.041,11.7084,0.00423496
404.49,11.801,0.00426975
406.939,11.8826,0.00430488
409.388,11.9821,0.00434103
411.837,12.0727,0.00438191
414.286,12.169,0.00442054
416.735,12.2619,0.00445544
419.184,12.3565,0.00449671
421.633,12.4518,0.00453499
424.082,12.544,0.00456778
426.531,12.6367,0.00460976
428.98,12.7261,0.00464615
431.429,12.8193,0.0046802
433.878,12.9221,0.00472295
436.327,13.0148,0.00475951
438.776,13.111,0.00479919
441.224,13.2075,0.00484032
443.673,13.3004,0.00487522
446.122,13.3983,0.00491805
448.571,13.4815,0.00494826
451.02,13.5784,0.00498962
453.469,13.6785,0.00502827
455.918,13.7779,0.00506921
458.367,13.8708,0.0051119
460.816,13.9699,0.00515297
463.265,14.0588,0.00518423
465.714,14.1557,0.00522235
468.163,14.2596,0.00527325
470.612,14.3564,0.00530814
473.061,14.4487,0.00534548
475.51,14.5452,0.00538453
477.959,14.6322,0.00542181
480.408,14.7333,0.00546368
482.857,14.8213,0.00549717
485.306,14.9243,0.00553621
487.755,15.0202,0.00558041
490.204,15.1173,0.00561933
492.653,15.2133,0.00565663
495.102,15.3069,0.00569125
497.551,15.4116,0.00574265
500.0,15.4983,0.00577507
502.449,15.6048,0.00581949
504.898,15.6955,0.00585656
507.347,15.8021,0.00590184
509.796,15.8879,0.00593787
512.245,15.9876,0.00597578
514.694,16.0852,0.00601756
517.143,16.1846,0.00606019
519.592,16.2868,0.00609682
522.041,16.3886,0.00614662
524.49,16.4959,0.00618463
526.939,16.592,0.00622244
529.388,16.6819,0.00627541
531.837,16.7853,0.00631018
534.286,16.878,0.00634626
536.735,16.9736,0.00638901
539.184,17.0792,0.00643133
541.633,17.1756,0.0064705
544.082,17.2749,0.00651144
546.531,17.3756,0.00655003
548.98,17.485,0.00660634
551.429,17.5764,0.0066453
553.878,17.6748,0.00667519
556.327,17.7787,0.00671913
558.776,17.8628,0.00675861
561.224,17.9732,0.00680496
563.673,18.0682,0.00684252
566.122,18.1779,0.00689568
568.571,18.2716,0.00692951
571.02,18.3778,0.0069728
573.469,18.4575,0.007011
575.918,18.5721,0.00705247
578.367,18.6722,0.00710096
580.816,18.7668,0.00713683
583.265,18.8698,0.0071843
585.714,18.9787,0.00722355
588.163,19.0748,0.00727125
590.612,19.1857,0.0073196
593.061,19.2786,0.0073422
595.51,19.3888,0.00741344
597.959,19.484,0.00744027
600.408,19.5857,0.00747637
602.857,19.6915,0.0075328
605.306,19.7802,0.00756754
607.755,19.8912,0.00761238
610.204,19.9853,0.00765351
612.653,20.0868,0.00769074
615.102,20.184,0.00773412
617.551,20.3009,0.00780348
620.0,20.4043,0.00783169
622.449,20.5044,0.00785795
624.898,20.6075,0.00791628
627.347,20.7112,0.00796508
629.796,20.8152,0.00800103
632.245,20.9105,0.00803818
634.694,21.0093,0.00808166
637.143,21.1176,0.0081352
639.592,21.218,0.00817975
642.041,21.3196,0.00821908
644.49,21.4263,0.00826514
646.939,21.5271,0.00830249
649.388,21.6251,0.00834552
651.837,21.7348,0.00839958
654.286,21.833,0.00844254
656.735,21.9428,0.00850105
659.184,22.0428,0.00851981
661.633,22.131,0.00857316
664.082,22.2561,0.00862312
666.531,22.3651,0.00866777
668.98,22.453,0.00869606
671.429,22.5539,0.00875328
673.878,22.667,0.00880005
676.327,22.7595,0.00884034
678.776,22.8843,0.0089038
681.224,22.9805,0.00893945
683.673,23.0698,0.00897098
686.122,23.1762,0.00901611
688.571,23.2808,0.00905959
691.02,23.3986,0.00911217
693.469,23.4991,0.00916635
695.918,23.5917,0.00918824
698.367,23.7073,0.00925446
700.816,23.7928,0.00926918
703.265,23.9072,0.00932858
705.714,24.0236,0.0093923
708.163,24.1354,0.00943202
710.612,24.2258,0.0094678
713.061,24.3436,0.00953397
715.51,24.4274,0.0095662
717.959,24.5532,0.00961575
720.408,24.6574,0.00966516
722.857,24.7522,0.00971215
725.306,24.8586,0.00975262
727.755,24.9699,0.00980491
730.204,25.0763,0.00983308
732.653,25.1877,0.00989079
735.102,25.2757,0.00991732
737.551,25.4035,0.00998893
740.0,25.5067,0.010046
743.265,25.6419,0.0100837
746.531,25.7836,0.0101489
749.796,25.9389,0.0102177
753.061,26.0804,0.0102895
756.327,26.2017,0.0103308
759.592,26.3511,0.0104015
762.857,26.5041,0.010476
766.122,26.6145,0.0105024
769.388,26.7774,0.0105881
772.653,26.9245,0.0106487
775.918,27.0423,0.0106981
779.184,27.2148,0.0107773
782.449,27.3409,0.0108372
785.714,27.494,0.0109047
788.98,27.6143,0.0109428
792.245,27.7565,0.0110082
795.51,27.8961,0.0110646
798.776,28.0404,0.0111344
802.041,28.2,0.0112196
805.306,28.3418,0.011278
808.571,28.46,0.0113171
811.837,28.648,0.0114295
815.102,28.7842,0.0114698
818.367,28.9243,0.0115136
821.633,29.0668,0.0115839
824.898,29.2176,0.0116744
828.163,29.3654,0.0117283
831.429,29.5013,0.0117888
834.694,29.647,0.0118536
837.959,29.8152,0.0119328
841.224,29.9387,0.0119679
844.49,30.0754,0.0120245
847.755,30.2277,0.0120873
851.02,30.389,0.0121917
854.286,30.5197,0.0122111
857.551,30.651,0.0123033
860.816,30.8226,0.0123523
864.082,30.9493,0.0124295
867.347,31.0871,0.0124959
870.612,31.2611,0.0125715
873.878,31.3937,0.0126225
877.143,31.5206,0.0126689
880.408,31.6952,0.0127542
883.673,31.8429,0.0128409
886.939,31.9738,0.0128695
890.204,32.1098,0.0129269
893.469,32.2666,0.0130155
896.735,32.4235,0.0130849
900.0,32.5689,0.0131556
903.265,32.7037,0.013199
906.531,32.8499,0.0132745
909.796,33.0248,0.0133517
913.061,33.1491,0.0134105
916.327,33.3054,0.0134764
919.592,33.4309,0.0135379
922.857,33.5989,0.0136114
926.122,33.7313,0.0136571
929.388,33.9088,0.0137506
932.653,34.0466,0.0138086
935.918,34.15,0.0138353
939.184,34.3226,0.0139253
942.449,34.4662,0.0139991
945.714,34.6414,0.0140796
948.98,34.7904,0.0141212
952.245,34.9257,0.0141974
955.51,35.0721,0.0142832
958.776,35.2489,0.0143601
962.041,35.367,0.0143872
965.306,35.5354,0.0144934
968.571,35.6604,0.0145032
971.837,35.8218,0.0146023
975.102,36.0162,0.014697
978.367,36.1039,0.014745
981.633,36.2744,0.0148199
984.898,36.4194,0.0148751
988.163,36.5684,0.0149443
991.429,36.7145,0.0150183
994.694,36.8898,0.0150838
997.959,37.0376,0.0151637
1001.22,37.1827,0.0152285
1004.49,37.3333,0.0153033
1007.76,37.4865,0.0153775
1011.02,37.6377,0.0154208
1014.29,37.7647,0.0155071
1017.55,37.9335,0.0155567
1020.82,38.0681,0.015603
1024.08,38.2129,0.0157141
1027.35,38.3655,0.0157809
1030.61,38.5439,0.0158602
1033.88,38.6517,0.0158822
1037.14,38.809,0.0159629
1040.41,38.9644,0.0160425
1043.67,39.1407,0.0161248
1046.94,39.2768,0.0161445
1050.2,39.4075,0.0162366
1053.47,39.5646,0.0162941
1056.73,39.7272,0.0163721
1060.0,39.8814,0.0164507
1064.9,40.1047,0.0165748
1069.8,40.3356,0.0166536
1074.69,40.5817,0.0167796
1079.59,40.8346,0.0169196
1084.49,41.0148,0.0169614
1089.39,41.2712,0.0170892
1094.29,41.5,0.0171871
1099.18,41.699,0.0172767
1104.08,41.9313,0.0173766
1108.98,42.1745,0.0175448
1113.88,42.426,0.0176
1118.78,42.6455,0.0177113
1123.67,42.8646,0.0178176
1128.57,43.097,0.0179542
1133.47,43.3179,0.0180394
1138.37,43.5919,0.0181759
1143.27,43.7728,0.0182481
1148.16,44.0248,0.0183634
1153.06,44.2454,0.018461
1157.96,44.5072,0.0185701
1162.86,44.7168,0.0186568
1167.76,44.957,0.018826
1172.65,45.2047,0.0189044
1177.55,45.4378,0.0190244
1182.45,45.6487,0.0191484
1187.35,45.8923,0.0192381
1192.24,46.1309,0.0193435
1197.14,46.3524,0.0194618
1202.04,46.6102,0.0195454
1206.94,46.8029,0.0196484
1211.84,47.0376,0.0197578
1216.73,47.2632,0.019826
1221.63,47.5196,0.0199835
1226.53,47.7684,0.0201029
1231.43,48.0099,0.0202361
1236.33,48.2267,0.0203025
1241.22,48.4459,0.0204374
1246.12,48.6902,0.0205404
1251.02,48.9091,0.0206348
1255.92,49.1638,0.0207517
1260.82,49.4091,0.0208923
1265.71,49.6205,0.0209498
1270.61,49.8852,0.0211015
1275.51,50.1502,0.0212297
1280.41,50.3779,0.0212886
1285.31,50.6088,0.0214595
1290.2,50.8598,0.0215606
1295.1,51.0148,0.0215928
1300.0,51.2738,0.021761
1304.9,51.5254,0.0218397
1309.8,51.7569,0.0219773
1314.69,52.0059,0.0220855
1319.59,52.19,0.0221391
1324.49,52.461,0.0222772
1329.39,52.7227,0.0224114
1334.29,52.9603,0.0225461
1339.18,53.177,0.0226223
1344.08,53.4111,0.0227509
1348.98,53.6825,0.0229248
1353.88,53.8918,0.022969
1358.78,54.1073,0.0230662
1363.67,54.3611,0.0231751
1368.57,54.5963,0.0232931
1373.47,54.8608,0.0234157
1378.37,55.0986,0.0235136
1383.27,55.3029,0.0236288
1388.16,55.5644,0.0237739
1393.06,55.7981,0.0238625
1397.96,56.0565,0.0240209
1402.86,56.2852,0.0241154
1407.76,56.5141,0.0241989
1412.65,56.8182,0.0243686
1417.55,57.0267,0.0244805
1422.45,57.2397,0.0245419
1427.35,57.4579,0.0246607
1432.24,57.748,0.0247971
1437.14,57.9875,0.024926
1442.04,58.1838,0.0250126
1446.94,58.4247,0.0250836
1451.84,58.6497,0.0252614
1456.73,58.9614,0.0253681
1461.63,59.1493,0.0254202
1466.53,59.4312,0.0255892
1471.43,59.6711,0.0256716
1476.33,59.9239,0.0258013
1481.22,60.1245,0.0258831
1486.12,60.4,0.0260464
1491.02,60.6646,0.0261925
1495.92,60.8809,0.0263
1500.82,61.1148,0.0263969
1505.71,61.3948,0.0265657
1510.61,61.6377,0.0266221
1515.51,61.7976,0.0267317
1520.41,62.0744,0.0268353
1525.31,62.3258,0.0269451
1530.2,62.5581,0.0270968
1535.1,62.8327,0.0272142
1540.0,63.0245,0.0272975
1547.35,63.4242,0.0275044
1554.69,63.787,0.0276723
1562.04,64.1844,0.0279129
1569.39,64.5494,0.0280295
1576.73,64.902,0.02821
1584.08,65.2859,0.0284516
1591.43,65.6821,0.0285989
1598.78,66.0134,0.0287926
1606.12,66.3529,0.0289482
1613.47,66.8132,0.0291226
1620.82,67.1298,0.0293086
1628.16,67.5052,0.0294925
1635.51,67.8222,0.0296418
1642.86,68.2658,0.0298739
1650.2,68.5879,0.0300353
1657.55,68.969,0.0301662
1664.9,69.3262,0.0303457
1672.24,69.7037,0.0304923
1679.59,70.1077,0.0307313
1686.94,70.443,0.0309383
1694.29,70.8112,0.031057
1701.63,71.1774,0.0312956
1708.98,71.5868,0.0314681
1716.33,71.9404,0.031583
1723.67,72.2781,0.0317764
1731.02,72.7153,0.0319615
1738.37,73.078,0.032239
1745.71,73.4655,0.0323812
1753.06,73.8013,0.0325606
1760.41,74.1603,0.0326407
1767.76,74.6008,0.032978
1775.1,74.9617,0.0331683
1782.45,75.3356,0.0332407
1789.8,75.7588,0.0335918
1797.14,76.1153,0.033649
1804.49,76.4553,0.0338225
1811.84,76.8135,0.0340065
1819.18,77.1762,0.0341532
1826.53,77.5903,0.034375
1833.88,77.9385,0.0345032
1841.22,78.3283,0.0348471
1848.57,78.7489,0.0349003
1855.92,79.1578,0.0351895
1863.27,79.5058,0.0353604
1870.61,79.8984,0.0354964
1877.96,80.2702,0.0356402
1885.31,80.6376,0.0359173
1892.65,80.9209,0.0359696
1900.0,81.3868,0.0362503
1907.35,81.7816,0.0364752
1914.69,82.1344,0.0366304
1922.04,82.5285,0.0367772
1929.39,82.95,0.0370475
1936.73,83.2321,0.0372246
1944.08,83.6317,0.0373213
1951.43,83.9967,0.0375209
1958.78,84.4108,0.037758
1966.12,84.8762,0.0380045
1973.47,85.1774,0.038158
1980.82,85.5289,0.0383086
1988.16,85.956,0.0384971
1995.51,86.3369,0.0386798
2002.86,86.728,0.0388622
2010.2,87.0678,0.0392109
2017.55,87.4564,0.0392052
2024.9,87.8421,0.0395482
2032.24,88.2581,0.0397076
2039.59,88.6407,0.0398296
2046.94,89.0373,0.0400533
2054.29,89.4025,0.0402917
2061.63,89.8284,0.040467
2068.98,90.1647,0.0405548
2076.33,90.4706,0.0407815
2083.67,90.9719,0.0410874
2091.02,91.3728,0.0412017
2098.37,91.6566,0.0412671
2105.71,92.1045,0.0416295
2113.06,92.4821,0.0417993
2120.41,92.8572,0.0420643
2127.76,93.1889,0.0420587
2135.1,93.6713,0.0422956
2142.45,94.0567,0.0425461
2149.8,94.4622,0.0428092
2157.14,94.8324,0.0429388
2164.49,95.2746,0.0432194
2171.84,95.6128,0.043302
2179.18,95.9672,0.0434796
2186.53,96.4015,0.0437712
2193.88,96.7508,0.0438334
2201.22,97.0987,0.0440201
2208.57,97.5437,0.0442608
2215.92,97.9097,0.0445667
2223.27,98.3211,0.0446626
2230.61,98.7325,0.0449123
2237.96,99.1202,0.0450821
2245.31,99.5341,0.0453027
2252.65,100.02,0.0455872
2260.0,100.267,0.0457688
2271.02,100.898,0.0459619
2282.04,101.473,0.0463387
2293.06,102.005,0.0464365
2304.08,102.665,0.046914
2315.1,103.215,0.0471731
2326.12,103.83,0.0474098
2337.14,104.433,0.047826
2348.16,105.015,0.0481358
2359.18,105.689,0.0483902
2370.2,106.067,0.048709
2381.22,106.767,0.0489826
2392.24,107.381,0.0493557
2403.27,107.938,0.0496074
2414.29,108.61,0.0499874
2425.31,109.134,0.0501628
2436.33,109.695,0.0504027
2447.35,110.375,0.050833
2458.37,110.869,0.0509776
2469.39,111.471,0.0514418
2480.41,112.08,0.0517132
2491.43,112.707,0.0519585
2502.45,113.304,0.0520955
2513.47,113.883,0.0525087
2524.49,114.508,0.0528083
2535.51,115.103,0.0532707
2546.53,115.686,0.0535552
2557.55,116.294,0.0537392
2568.57,116.894,0.0540108
2579.59,117.462,0.0543401
2590.61,118.194,0.0548493
2601.63,118.805,0.0551871
2612.65,119.348,0.0554824
2623.67,119.995,0.0556299
2634.69,120.515,0.0559723
2645.71,121.086,0.0562089
2656.73,121.676,0.0565587
2667.76,122.392,0.0571027
2678.78,122.862,0.0570725
2689.8,123.478,0.0575016
2700.82,124.068,0.0577026
2711.84,124.725,0.0581637
2722.86,125.439,0.0586627
2733.88,126.006,0.0588943
2744.9,126.557,0.0590603
2755.92,127.231,0.0594155
2766.94,127.75,0.0596186
2777.96,128.483,0.0601537
2788.98,129.03,0.060675
2800.0,129.642,0.0607131
2814.29,130.457,0.0610473
2828.57,131.116,0.0613202
2842.86,131.947,0.0618222
2857.14,132.879,0.0624497
2871.43,133.563,0.0627785
2885.71,134.449,0.0632935
2900.0,135.231,0.0636082
2914.29,135.936,0.0639786
2928.57,136.681,0.0645387
2942.86,137.597,0.0648078
2957.14,138.338,0.0651999
2971.43,139.156,0.0656125
2985.71,139.888,0.0659665
3000.0,140.719,0.0665112
3014.29,141.461,0.0667269
3028.57,142.381,0.067098
3042.86,142.982,0.0677948
3057.14,143.852,0.0683237
3071.43,144.801,0.0686052
3085.71,145.478,0.0691163
3100.0,146.2,0.0693765
3114.29,147.158,0.0699646
3128.57,147.897,0.070413
3142.86,148.605,0.0705566
3157.14,149.618,0.0713346
3171.43,150.405,0.0716495
3185.71,151.119,0.0719125
3200.0,151.959,0.0724701
3214.29,152.644,0.0726696
3228.57,153.47,0.0735759
3242.86,154.382,0.0736124
3257.14,155.152,0.0742218
3271.43,156.018,0.0745152
3285.71,156.795,0.0750581
3300.0,157.468,0.0751277
3314.29,158.492,0.0756149
3328.57,159.25,0.0761288
3342.86,159.824,0.0764745
3357.14,160.859,0.0771314
3371.43,161.654,0.07725
3385.71,162.35,0.077804
3400.0,163.257,0.0783007
3414.29,164.05,0.0786764
3428.57,164.813,0.079238
3442.86,165.768,0.0796818
3457.14,166.538,0.080099
3471.43,167.277,0.0804716
3485.71,168.191,0.0812291
3500.0,169.118,0.0818319
3520.41,170.113,0.0820727
3540.82,171.432,0.0829058
3561.22,172.395,0.0832441
3581.63,173.677,0.0841582
3602.04,174.928,0.0846781
3622.45,175.942,0.0851381
3642.86,177.127,0.0858404
3663.27,178.276,0.0861238
3683.67,179.344,0.0869383
3704.08,180.646,0.0877363
3724.49,181.837,0.0883541
3744.9,183.126,0.0889892
3765.31,184.342,0.0895912
3785.71,185.581,0.0904089
3806.12,186.734,0.091031
3826.53,187.784,0.0915668
3846.94,188.995,0.0921535
3867.35,190.072,0.0923387
3887.76,191.447,0.0935532
3908.16,192.567,0.0941584
3928.57,193.783,0.0945298
3948.98,194.951,0.0952977
3969.39,196.289,0.0963318
3989.8,197.319,0.0972408
4010.2,198.487,0.0973051
4030.61,199.778,0.0979056
4051.02,200.71,0.09817
4071.43,202.097,0.0992712
4091.84,203.324,0.0997369
4112.24,204.551,0.100172
4132.65,205.581,0.10126
4153.06,206.709,0.101657
4173.47,208.007,0.102275
4193.88,209.323,0.103647
4214.29,210.335,0.103362
4234.69,211.846,0.104797
4255.1,212.839,0.105306
4275.51,213.875,0.105803
4295.92,215.356,0.106414
4316.33,216.548,0.106951
4336.73,217.566,0.107746
4357.14,218.794,0.108152
4377.55,220.032,0.109078
4397.96,221.461,0.109686
4418.37,222.429,0.110256
4438.78,223.596,0.110967
4459.18,224.997,0.111692
4479.59,226.147,0.112107
4500.0,227.244,0.112689
4530.61,229.175,0.113408
4561.22,231.014,0.114949
4591.84,232.77,0.115756
4622.45,234.816,0.117274
4653.06,236.394,0.117648
4683.67,238.351,0.118952
4714.29,240.103,0.119557
4744.9,241.852,0.120722
4775.51,243.796,0.121341
4806.12,245.748,0.123153
4836.73,247.655,0.12463
4867.35,249.244,0.12475
4897.96,251.236,0.126066
4928.57,252.901,0.12724
4959.18,254.88,0.127995
4989.8,256.588,0.129189
5020.41,258.657,0.130319
5051.02,260.378,0.131326
5081.63,262.241,0.132538
5112.24,264.168,0.13367
5142.86,265.998,0.134684
5173.47,267.926,0.136023
5204.08,269.547,0.136298
5234.69,271.551,0.137796
5265.31,273.526,0.138786
5295.92,275.304,0.139613
5326.53,277.051,0.140735
5357.14,278.904,0.142006
5387.76,281.089,0.1431
5418.37,283.092,0.143896
5448.98,284.853,0.145251
5479.59,286.693,0.145548
5510.2,288.41,0.147918
5540.82,290.099,0.148318
5571.43,292.002,0.148692
5602.04,294.01,0.14996
5632.65,296.191,0.151847
5663.27,297.857,0.152016
5693.88,299.7,0.153251
5724.49,301.532,0.154699
5755.1,303.366,0.155394
5785.71,305.232,0.156679
5816.33,307.19,0.15731
5846.94,309.057,0.157803
5877.55,310.958,0.159772
5908.16,312.846,0.161299
5938.78,314.841,0.161569
5969.39,316.606,0.162774
6000.0,318.358,0.163302
6040.82,321.192,0.165483
6081.63,323.447,0.166866
6122.45,325.977,0.168621
6163.27,328.51,0.169789
6204.08,331.153,0.170815
6244.9,333.837,0.17199
6285.71,336.439,0.174184
6326.53,338.87,0.17575
6367.35,341.494,0.177227
6408.16,343.951,0.178704
6448.98,346.832,0.179982
6489.8,348.921,0.181968
6530.61,351.426,0.18245
6571.43,354.64,0.18417
6612.24,356.757,0.185557
6653.06,359.531,0.187104
6693.88,361.891,0.188358
6734.69,364.547,0.191706
6775.51,367.166,0.191934
6816.33,369.764,0.19283
6857.14,372.47,0.194822
6897.96,374.703,0.195076
6938.78,377.373,0.19781
6979.59,380.031,0.199629
7020.41,382.71,0.201216
7061.22,385.342,0.202763
7102.04,387.834,0.204148
7142.86,390.215,0.205384
7183.67,392.781,0.207394
7224.49,395.593,0.207773
7265.31,398.45,0.210656
7306.12,400.555,0.210734
7346.94,403.357,0.213097
7387.76,405.86,0.21419
7428.57,408.519,0.216311
7469.39,411.302,0.217283
7510.2,413.423,0.217979
7551.02,416.594,0.219995
7591.84,418.907,0.22037
7632.65,421.647,0.222614
7673.47,424.662,0.226754
7714.29,427.216,0.227514
7755.1,429.292,0.228161
7795.92,431.953,0.230737
7836.73,434.489,0.229457
7877.55,437.248,0.231999
7918.37,440.068,0.234388
7959.18,442.576,0.235626
8000.0,445.591,0.238036
8040.82,447.976,0.241096
8081.63,449.901,0.239066
8122.45,453.02,0.240958
8163.27,455.874,0.24471
8204.08,458.705,0.24589
8244.9,460.733,0.246518
8285.71,463.771,0.248814
8326.53,466.975,0.250618
8367.35,469.657,0.253294
8408.16,471.819,0.254161
8448.98,475.014,0.256502
8489.8,477.284,0.256381
8530.61,480.283,0.257633
8571.43,482.405,0.259241
8612.24,484.886,0.261043
8653.06,487.136,0.258162
8693.88,490.601,0.263297
8734.69,492.724,0.26471
8775.51,495.718,0.267159
8816.33,498.378,0.267388
8857.14,500.979,0.268726
8897.96,504.085,0.272673
8938.78,506.521,0.272605
8979.59,508.482,0.274268
9020.41,511.765,0.276465
9061.22,513.895,0.277052
9102.04,517.021,0.279919
9142.86,519.051,0.279726
9183.67,522.143,0.282255
9224.49,524.823,0.286741
9265.31,527.712,0.286008
9306.12,530.547,0.28634
9346.94,532.957,0.291127
9387.76,535.757,0.290711
9428.57,538.32,0.292501
9469.39,540.953,0.295549
9510.2,543.856,0.296203
9551.02,546.74,0.296601
9591.84,549.495,0.299965
9632.65,552.763,0.302532
9673.47,554.25,0.301345
9714.29,556.869,0.303381
9755.1,559.758,0.304077
9795.92,563.619,0.307541
9836.73,565.896,0.310888
9877.55,568.335,0.311404
9918.37,571.197,0.313944
9959.18,573.909,0.314621
10000.0,576.647,0.317673
