0.0,0.0,0.0
0.000204082,0.0,0.0
0.000408163,0.0,0.0
0.000612245,0.0,0.0
0.000816327,0.0,0.0
0.00102041,0.0,0.0
0.00122449,0.0,0.0
0.00142857,0.0,0.0
0.00163265,0.0,0.0
0.00183673,0.0,0.0
0.00204082,0.0,0.0
0.0022449,0.0,0.0
0.00244898,0.0,0.0
0.00265306,0.0,0.0
0.00285714,0.0,0.0
0.00306122,0.0,0.0
0.00326531,0.0,0.0
0.00346939,0.0,0.0
0.00367347,0.0,0.0
0.00387755,0.0,0.0
0.00408163,0.0,0.0
0.00428571,0.0,0.0
0.0044898,0.0,0.0
0.00469388,0.0,0.0
0.00489796,0.0,0.0
0.00510204,0.0,0.0
0.00530612,0.0,0.0
0.0055102,0.0,0.0
0.00571429,0.0,0.0
0.00591837,0.0,0.0
0.00612245,0.0,0.0
0.00632653,0.0,0.0
0.00653061,0.0,0.0
0.00673469,0.0,0.0
0.00693878,0.0,0.0
0.00714286,0.0,0.0
0.00734694,0.0,0.0
0.00755102,0.0,0.0
0.0077551,0.0,0.0
0.00795918,0.0,0.0
0.00816327,0.0,0.0
0.00836735,0.0,0.0
0.00857143,0.0,0.0
0.00877551,0.0,0.0
0.00897959,0.0,0.0
0.00918367,0.0,0.0
0.00938776,0.0,0.0
0.00959184,0.0,0.0
0.00979592,0.0,0.0
0.01,0.0,0.0
0.0118367,0.0,0.0
0.0136735,0.0,0.0
0.0155102,0.0,0.0
0.0173469,0.0,0.0
0.0191837,0.0,0.0
0.0210204,0.0,0.0
0.0228571,0.0,0.0
0.0246939,0.0,0.0
0.0265306,0.0,0.0
0.0283673,0.0,0.0
0.0302041,0.0,0.0
0.0320408,0.0,0.0
0.0338776,0.0,0.0
0.0357143,0.0,0.0
0.037551,0.0,0.0
0.0393878,0.0,0.0
0.0412245,0.0,0.0
0.0430612,0.0,0.0
0.044898,0.0,0.0
0.0467347,0.0,0.0
0.0485714,0.0,0.0
0.0504082,0.0,0.0
0.0522449,0.0,0.0
0.0540816,0.0,0.0
0.0559184,0.0,0.0
0.0577551,0.0,0.0
0.0595918,0.0,0.0
0.0614286,0.0,0.0
0.0632653,0.0,0.0
0.065102,0.0,0.0
0.0669388,0.0,0.0
0.0687755,0.0,0.0
0.0706122,0.0,0.0
0.072449,0.0,0.0
0.0742857,0.0,0.0
0.0761224,0.0,0.0
0.0779592,0.0,0.0
0.0797959,0.0,0.0
0.0816327,0.0,0.0
0.0834694,0.0,0.0
0.0853061,0.0,0.0
0.0871429,0.0,0.0
0.0889796,0.0,0.0
0.0908163,0.0,0.0
0.0926531,0.0,0.0
0.0944898,0.0,0.0
0.0963265,0.0,0.0
0.0981633,0.0,0.0
0.1,0.0,0.0
0.102041,0.0,0.0
0.104082,0.0,0.0
0.106122,0.0,0.0
0.108163,0.0,0.0
0.110204,0.0,0.0
0.112245,0.0,0.0
0.114286,0.0,0.0
0.116327,0.0,0.0
0.118367,0.0,0.0
0.120408,0.0,0.0
0.122449,0.0,0.0
0.12449,0.0,0.0
0.126531,0.0,0.0
0.128571,0.0,0.0
0.130612,0.0,0.0
0.132653,0.0,0.0
0.134694,0.0,0.0
0.136735,0.0,0.0
0.138776,0.0,0.0
0.140816,0.0,0.0
0.142857,0.0,0.0
0.144898,0.0,0.0
0.146939,0.0,0.0
0.14898,0.0,0.0
0.15102,0.0,0.0
0.153061,0.0,0.0
0.155102,0.0,0.0
0.157143,0.0,0.0
0.159184,0.0,0.0
0.161224,0.0,0.0
0.163265,0.0,0.0
0.165306,0.0,0.0
0.167347,0.0,0.0
0.169388,0.0,0.0
0.171429,0.0,0.0
0.173469,0.0,0.0
0.17551,0.0,0.0
0.177551,0.0,0.0
0.179592,0.0,0.0
0.181633,0.0,0.0
0.183673,0.0,0.0
0.185714,0.0,0.0
0.187755,0.0,0.0
0.189796,0.0,0.0
0.191837,0.0,0.0
0.193878,0.0,0.0
0.195918,0.0,0.0
0.197959,0.0,0.0
0.2,0.0,0.0
0.202041,0.0,0.0
0.204082,0.0,0.0
0.206122,0.0,0.0
0.208163,0.0,0.0
0.210204,0.0,0.0
0.212245,0.0,0.0
0.214286,0.0,0.0
0.216327,0.0,0.0
0.218367,0.0,0.0
0.220408,0.0,0.0
0.222449,0.0,0.0
0.22449,0.0,0.0
0.226531,0.0,0.0
0.228571,0.0,0.0
0.230612,0.0,0.0
0.232653,0.0,0.0
0.234694,0.0,0.0
0.236735,0.0,0.0
0.238776,0.0,0.0
0.240816,0.0,0.0
0.242857,0.0,0.0
0.244898,0.0,0.0
0.246939,0.0,0.0
0.24898,0.0,0.0
0.25102,0.0,0.0
0.253061,0.0,0.0
0.255102,0.0,0.0
0.257143,0.0,0.0
0.259184,0.0,0.0
0.261224,0.0,0.0
0.263265,0.0,0.0
0.265306,0.0,0.0
0.267347,0.0,0.0
0.269388,0.0,0.0
0.271429,0.0,0.0
0.273469,0.0,0.0
0.27551,0.0,0.0
0.277551,0.0,0.0
0.279592,0.0,0.0
0.281633,0.0,0.0
0.283673,0.0,0.0
0.285714,0.0,0.0
0.287755,0.0,0.0
0.289796,0.0,0.0
0.291837,0.0,0.0
0.293878,0.0,0.0
0.295918,0.0,0.0
0.297959,0.0,0.0
0.3,0.0,0.0
0.302041,0.0,0.0
0.304082,0.0,0.0
0.306122,0.0,0.0
0.308163,0.0,0.0
0.310204,0.0,0.0
0.312245,0.0,0.0
0.314286,0.0,0.0
0.316327,0.0,0.0
0.318367,0.0,0.0
0.320408,0.0,0.0
0.322449,0.0,0.0
0.32449,0.0,0.0
0.326531,0.0,0.0
0.328571,0.0,0.0
0.330612,0.0,0.0
0.332653,0.0,0.0
0.334694,0.0,0.0
0.336735,0.0,0.0
0.338776,0.0,0.0
0.340816,0.0,0.0
0.342857,0.0,0.0
0.344898,0.0,0.0
0.346939,0.0,0.0
0.34898,0.0,0.0
0.35102,0.0,0.0
0.353061,0.0,0.0
0.355102,0.0,0.0
0.357143,0.0,0.0
0.359184,0.0,0.0
0.361224,0.0,0.0
0.363265,0.0,0.0
0.365306,0.0,0.0
0.367347,0.0,0.0
0.369388,0.0,0.0
0.371429,0.0,0.0
0.373469,0.0,0.0
0.37551,0.0,0.0
0.377551,0.0,0.0
0.379592,0.0,0.0
0.381633,0.0,0.0
0.383673,0.0,0.0
0.385714,0.0,0.0
0.387755,0.0,0.0
0.389796,0.0,0.0
0.391837,0.0,0.0
0.393878,0.0,0.0
0.395918,0.0,0.0
0.397959,0.0,0.0
0.4,0.0,0.0
0.402041,0.0,0.0
0.404082,0.0,0.0
0.406122,0.0,0.0
0.408163,0.0,0.0
0.410204,0.0,0.0
0.412245,0.0,0.0
0.414286,0.0,0.0
0.416327,0.0,0.0
0.418367,0.0,0.0
0.420408,0.0,0.0
0.422449,0.0,0.0
0.42449,0.0,0.0
0.426531,0.0,0.0
0.428571,0.0,0.0
0.430612,0.0,0.0
0.432653,0.0,0.0
0.434694,0.0,0.0
0.436735,0.0,0.0
0.438776,0.0,0.0
0.440816,0.0,0.0
0.442857,0.0,0.0
0.444898,0.0,0.0
0.446939,0.0,0.0
0.44898,0.0,0.0
0.45102,0.0,0.0
0.453061,0.0,0.0
0.455102,0.0,0.0
0.457143,0.0,0.0
0.459184,0.0,0.0
0.461224,0.0,0.0
0.463265,0.0,0.0
0.465306,0.0,0.0
0.467347,0.0,0.0
0.469388,0.0,0.0
0.471429,0.0,0.0
0.473469,0.0,0.0
0.47551,0.0,0.0
0.477551,0.0,0.0
0.479592,0.0,0.0
0.481633,0.0,0.0
0.483673,0.0,0.0
0.485714,0.0,0.0
0.487755,0.0,0.0
0.489796,0.0,0.0
0.491837,0.0,0.0
0.493878,0.0,0.0
0.495918,0.0,0.0
0.497959,0.0,0.0
0.5,0.0,0.0
0.502041,0.0,0.0
0.504082,0.0,0.0
0.506122,0.0,0.0
0.508163,0.0,0.0
0.510204,0.0,0.0
0.512245,0.0,0.0
0.514286,0.0,0.0
0.516327,0.0,0.0
0.518367,0.0,0.0
0.520408,0.0,0.0
0.522449,0.0,0.0
0.52449,0.0,0.0
0.526531,0.0,0.0
0.528571,0.0,0.0
0.530612,0.0,0.0
0.532653,0.0,0.0
0.534694,0.0,0.0
0.536735,0.0,0.0
0.538776,0.0,0.0
0.540816,0.0,0.0
0.542857,0.0,0.0
0.544898,0.0,0.0
0.546939,0.0,0.0
0.54898,0.0,0.0
0.55102,0.0,0.0
0.553061,0.0,0.0
0.555102,0.0,0.0
0.557143,0.0,0.0
0.559184,0.0,0.0
0.561224,0.0,0.0
0.563265,0.0,0.0
0.565306,0.0,0.0
0.567347,0.0,0.0
0.569388,0.0,0.0
0.571429,0.0,0.0
0.573469,0.0,0.0
0.57551,0.0,0.0
0.577551,0.0,0.0
0.579592,0.0,0.0
0.581633,0.0,0.0
0.583673,0.0,0.0
0.585714,0.0,0.0
0.587755,0.0,0.0
0.589796,0.0,0.0
0.591837,0.0,0.0
0.593878,0.0,0.0
0.595918,0.0,0.0
0.597959,0.0,0.0
0.6,0.0,0.0
0.602041,0.0,0.0
0.604082,0.0,0.0
0.606122,0.0,0.0
0.608163,0.0,0.0
0.610204,0.0,0.0
0.612245,0.0,0.0
0.614286,0.0,0.0
0.616327,0.0,0.0
0.618367,0.0,0.0
0.620408,0.0,0.0
0.622449,0.0,0.0
0.62449,0.0,0.0
0.626531,0.0,0.0
0.628571,0.0,0.0
0.630612,0.0,0.0
0.632653,0.0,0.0
0.634694,0.0,0.0
0.636735,0.0,0.0
0.638776,0.0,0.0
0.640816,0.0,0.0
0.642857,0.0,0.0
0.644898,0.0,0.0
0.646939,0.0,0.0
0.64898,0.0,0.0
0.65102,0.0,0.0
0.653061,0.0,0.0
0.655102,0.0,0.0
0.657143,0.0,0.0
0.659184,0.0,0.0
0.661224,0.0,0.0
0.663265,0.0,0.0
0.665306,0.0,0.0
0.667347,0.0,0.0
0.669388,0.0,0.0
0.671429,0.0,0.0
0.673469,0.0,0.0
0.67551,0.0,0.0
0.677551,0.0,0.0
0.679592,0.0,0.0
0.681633,0.0,0.0
0.683673,0.0,0.0
0.685714,0.0,0.0
0.687755,0.0,0.0
0.689796,0.0,0.0
0.691837,0.0,0.0
0.693878,0.0,0.0
0.695918,0.0,0.0
0.697959,0.0,0.0
0.7,0.0,0.0
0.702041,0.0,0.0
0.704082,0.0,0.0
0.706122,0.0,0.0
0.708163,0.0,0.0
0.710204,0.0,0.0
0.712245,0.0,0.0
0.714286,0.0,0.0
0.716327,0.0,0.0
0.718367,0.0,0.0
0.720408,0.0,0.0
0.722449,0.0,0.0
0.72449,0.0,0.0
0.726531,0.0,0.0
0.728571,0.0,0.0
0.730612,0.0,0.0
0.732653,0.0,0.0
0.734694,0.0,0.0
0.736735,0.0,0.0
0.738776,0.0,0.0
0.740816,0.0,0.0
0.742857,0.0,0.0
0.744898,0.0,0.0
0.746939,0.0,0.0
0.74898,0.0,0.0
0.75102,0.0,0.0
0.753061,0.0,0.0
0.755102,0.0,0.0
0.757143,0.0,0.0
0.759184,0.0,0.0
0.761224,0.0,0.0
0.763265,0.0,0.0
0.765306,0.0,0.0
0.767347,0.0,0.0
0.769388,0.0,0.0
0.771429,0.0,0.0
0.773469,0.0,0.0
0.77551,0.0,0.0
0.777551,0.0,0.0
0.779592,0.0,0.0
0.781633,0.0,0.0
0.783673,0.0,0.0
0.785714,0.0,0.0
0.787755,0.0,0.0
0.789796,0.0,0.0
0.791837,0.0,0.0
0.793878,0.0,0.0
0.795918,0.0,0.0
0.797959,0.0,0.0
0.8,0.0,0.0
0.802041,0.0,0.0
0.804082,0.0,0.0
0.806122,0.0,0.0
0.808163,0.0,0.0
0.810204,0.0,0.0
0.812245,0.0,0.0
0.814286,0.0,0.0
0.816327,0.0,0.0
0.818367,0.0,0.0
0.820408,0.0,0.0
0.822449,0.0,0.0
0.82449,0.0,0.0
0.826531,0.0,0.0
0.828571,0.0,0.0
0.830612,0.0,0.0
0.832653,0.0,0.0
0.834694,0.0,0.0
0.836735,0.0,0.0
0.838776,0.0,0.0
0.840816,0.0,0.0
0.842857,0.0,0.0
0.844898,0.0,0.0
0.846939,0.0,0.0
0.84898,0.0,0.0
0.85102,0.0,0.0
0.853061,0.0,0.0
0.855102,0.0,0.0
0.857143,0.0,0.0
0.859184,0.0,0.0
0.861224,0.0,0.0
0.863265,0.0,0.0
0.865306,0.0,0.0
0.867347,0.0,0.0
0.869388,0.0,0.0
0.871429,0.0,0.0
0.873469,0.0,0.0
0.87551,0.0,0.0
0.877551,0.0,0.0
0.879592,0.0,0.0
0.881633,0.0,0.0
0.883673,0.0,0.0
0.885714,0.0,0.0
0.887755,0.0,0.0
0.889796,0.0,0.0
0.891837,0.0,0.0
0.893878,0.0,0.0
0.895918,0.0,0.0
0.897959,0.0,0.0
0.9,0.0,0.0
0.902041,0.0,0.0
0.904082,0.0,0.0
0.906122,0.0,0.0
0.908163,0.0,0.0
0.910204,0.0,0.0
0.912245,0.0,0.0
0.914286,0.0,0.0
0.916327,0.0,0.0
0.918367,0.0,0.0
0.920408,0.0,0.0
0.922449,0.0,0.0
0.92449,0.0,0.0
0.926531,0.0,0.0
0.928571,0.0,0.0
0.930612,0.0,0.0
0.932653,0.0,0.0
0.934694,0.0,0.0
0.936735,0.0,0.0
0.938776,0.0,0.0
0.940816,0.0,0.0
0.942857,0.0,0.0
0.944898,0.0,0.0
0.946939,0.0,0.0
0.94898,0.0,0.0
0.95102,0.0,0.0
0.953061,0.0,0.0
0.955102,0.0,0.0
0.957143,0.0,0.0
0.959184,0.0,0.0
0.961224,0.0,0.0
0.963265,0.0,0.0
0.965306,0.0,0.0
0.967347,0.0,0.0
0.969388,0.0,0.0
0.971429,0.0,0.0
0.973469,0.0,0.0
0.97551,0.0,0.0
0.977551,0.0,0.0
0.979592,0.0,0.0
0.981633,0.0,0.0
0.983673,0.0,0.0
0.985714,0.0,0.0
0.987755,0.0,0.0
0.989796,0.0,0.0
0.991837,0.0,0.0
0.993878,0.0,0.0
0.995918,0.0,0.0
0.997959,0.0,0.0
1.0,0.0,0.0
1.08163,0.0,0.0
1.16327,0.0,0.0
1.2449,0.0,0.0
1.32653,0.0,0.0
1.40816,0.0,0.0
1.4898,0.0,0.0
1.57143,0.0,0.0
1.65306,0.0,0.0
1.73469,0.0,0.0
1.81633,0.0,0.0
1.89796,0.0,0.0
1.97959,0.0,0.0
2.06122,0.0,0.0
2.14286,0.0,0.0
2.22449,0.0,0.0
2.30612,0.0,0.0
2.38776,0.0,0.0
2.46939,0.0,0.0
2.55102,0.0,0.0
2.63265,0.0,0.0
2.71429,0.0,0.0
2.79592,0.0,0.0
2.87755,0.0,0.0
2.95918,0.0,0.0
3.04082,0.0,0.0
3.12245,0.0,0.0
3.20408,0.0,0.0
3.28571,0.0,0.0
3.36735,0.0,0.0
3.44898,0.0,0.0
3.53061,0.0,0.0
3.61224,0.0,0.0
3.69388,0.0,0.0
3.77551,-7.97659e-09,4.18341e-11
3.85714,-5.07981e-08,2.66585e-10
3.93878,-1.1579e-07,6.10472e-10
4.02041,-1.90048e-07,1.00019e-09
4.10204,-2.66965e-07,1.4071e-09
4.18367,-3.48665e-07,1.84134e-09
4.26531,-4.19691e-07,2.19356e-09
4.34694,-4.86723e-07,2.5607e-09
4.42857,-5.55803e-07,2.92714e-09
4.5102,-6.13761e-07,3.21772e-09
4.59184,-6.6872e-07,3.52043e-09
4.67347,-7.11383e-07,3.74468e-09
4.7551,-7.54316e-07,3.98019e-09
4.83673,0.0,0.0
4.91837,3.17809e-44,2.87545e-47
5.0,1.24122e-40,1.18688e-43
5.10204,6.29243e-39,9.01505e-42
5.20408,8.21241e-38,6.35542e-40
5.30612,2.38928e-36,1.01703e-38
5.40816,4.72275e-35,8.8853e-38
5.5102,4.41126e-34,5.97801e-37
5.61224,2.35364e-33,1.16563e-35
5.71429,1.31067e-32,1.10998e-34
5.81633,1.17057e-31,5.71066e-34
5.91837,9.41785e-31,2.19986e-33
6.02041,5.23773e-30,6.37149e-33
6.12245,2.06463e-29,3.66383e-32
6.22449,6.38385e-29,2.54614e-31
6.32653,1.905e-28,1.26287e-30
6.42857,7.06623e-28,4.51453e-30
6.53061,2.95883e-27,1.24155e-29
6.63265,1.1638e-26,2.91179e-29
6.73469,3.85347e-26,5.53041e-29
6.83673,1.08129e-25,1.32354e-28
6.93878,2.61683e-25,4.78879e-28
7.04082,5.6758e-25,1.68618e-27
7.14286,1.15096e-24,5.17112e-27
7.2449,2.40213e-24,1.34539e-26
7.34694,5.30102e-24,2.93032e-26
7.44898,1.26638e-23,5.81503e-26
7.55102,3.02398e-23,1.0178e-25
7.65306,7.04473e-23,1.70793e-25
7.7551,1.53814e-22,2.5903e-25
7.85714,3.13839e-22,3.99804e-25
7.95918,5.95133e-22,7.30038e-25
8.06122,1.06493e-21,1.6333e-24
8.16327,1.81115e-21,3.68023e-24
8.26531,2.92643e-21,7.47693e-24
8.36735,4.63635e-21,1.51874e-23
8.46939,7.31641e-21,2.93065e-23
8.57143,1.14328e-20,4.94833e-23
8.67347,1.81956e-20,8.08229e-23
8.77551,2.94298e-20,1.25665e-22
8.87755,4.87094e-20,1.85045e-22
8.97959,8.0196e-20,2.68256e-22
9.08163,1.32016e-19,3.69478e-22
9.18367,2.14236e-19,4.76692e-22
9.28571,3.41979e-19,6.18911e-22
9.38776,5.30683e-19,7.71014e-22
9.4898,8.08393e-19,1.00699e-21
9.59184,1.20004e-18,1.42125e-21
9.69388,1.74552e-18,2.20763e-21
9.79592,2.47523e-18,3.42753e-21
9.89796,3.45891e-18,5.54496e-21
10.0,4.72122e-18,8.64021e-21
10.2041,8.43244e-18,2.03812e-20
10.4082,1.45484e-17,4.22939e-20
10.6122,2.45991e-17,7.96886e-20
10.8163,4.08394e-17,1.3837e-19
11.0204,6.92889e-17,2.25533e-19
11.2245,1.16986e-16,3.36558e-19
11.4286,1.99749e-16,4.90375e-19
11.6327,3.34822e-16,6.61933e-19
11.8367,5.53601e-16,8.86634e-19
12.0408,8.93387e-16,1.16454e-18
12.2449,1.40363e-15,1.66118e-18
12.449,2.14214e-15,2.43716e-18
12.6531,3.18195e-15,3.91426e-18
12.8571,4.62549e-15,6.43265e-18
13.0612,6.5456e-15,1.00248e-17
13.2653,9.07727e-15,1.57008e-17
13.4694,1.23637e-14,2.3258e-17
13.6735,1.67615e-14,3.50983e-17
13.8776,2.20991e-14,4.89453e-17
14.0816,2.90937e-14,6.86135e-17
14.2857,3.82932e-14,9.35124e-17
14.4898,4.9742e-14,1.23839e-16
14.6939,6.48935e-14,1.63407e-16
14.898,8.35913e-14,2.03969e-16
15.102,1.07782e-13,2.54953e-16
15.3061,1.39151e-13,3.13221e-16
15.5102,1.78217e-13,3.76332e-16
15.7143,2.30207e-13,4.57376e-16
15.9184,2.95388e-13,5.35442e-16
16.1224,3.76613e-13,6.23106e-16
16.3265,4.77919e-13,7.19817e-16
16.5306,6.05791e-13,8.29623e-16
16.7347,7.63342e-13,9.59399e-16
16.9388,9.5457e-13,1.10533e-15
17.1429,1.18542e-12,1.2834e-15
17.3469,1.46237e-12,1.48578e-15
17.551,1.79884e-12,1.79409e-15
17.7551,2.19134e-12,2.15287e-15
17.9592,2.65792e-12,2.57122e-15
18.1633,3.19846e-12,3.21022e-15
18.3673,3.83683e-12,3.93299e-15
18.5714,4.55941e-12,4.8052e-15
18.7755,5.4008e-12,5.94262e-15
18.9796,6.35748e-12,7.2723e-15
19.1837,7.44508e-12,8.85582e-15
19.3878,8.68121e-12,1.07936e-14
19.5918,1.00905e-11,1.30066e-14
19.7959,1.16308e-11,1.56443e-14
20.0,1.3387e-11,1.85359e-14
20.4082,1.74932e-11,2.59602e-14
20.8163,2.27388e-11,3.57555e-14
21.2245,2.89308e-11,4.77302e-14
21.6327,3.67163e-11,6.28874e-14
22.0408,4.61429e-11,8.09817e-14
22.449,5.76601e-11,1.03208e-13
22.8571,7.1836e-11,1.28457e-13
23.2653,8.84811e-11,1.58481e-13
23.6735,1.09428e-10,1.92252e-13
24.0816,1.34118e-10,2.30015e-13
24.4898,1.64332e-10,2.73592e-13
24.898,2.01028e-10,3.20753e-13
25.3061,2.43234e-10,3.71379e-13
25.7143,2.95409e-10,4.26662e-13
26.1224,3.57876e-10,4.88174e-13
26.5306,4.32291e-10,5.53116e-13
26.9388,5.18755e-10,6.22442e-13
27.3469,6.218e-10,7.01024e-13
27.7551,7.40671e-10,7.81229e-13
28.1633,8.78464e-10,8.68264e-13
28.5714,1.04087e-09,9.66372e-13
28.9796,1.22823e-09,1.0769e-12
29.3878,1.44028e-09,1.19107e-12
29.7959,1.68114e-09,1.32018e-12
30.2041,1.95631e-09,1.46919e-12
30.6122,2.26811e-09,1.63818e-12
31.0204,2.61985e-09,1.83656e-12
31.4286,3.00713e-09,2.0584e-12
31.8367,3.44579e-09,2.32589e-12
32.2449,3.93556e-09,2.62242e-12
32.6531,4.47374e-09,2.98235e-12
33.0612,5.06779e-09,3.3834e-12
33.4694,5.72352e-09,3.86329e-12
33.8776,6.44015e-09,4.40807e-12
34.2857,7.22441e-09,5.00404e-12
34.6939,8.08417e-09,5.72346e-12
35.102,9.00675e-09,6.49527e-12
35.5102,1.00056e-08,7.39166e-12
35.9184,1.11136e-08,8.40661e-12
36.3265,1.22956e-08,9.52727e-12
36.7347,1.3533e-08,1.0734e-11
37.1429,1.48841e-08,1.21072e-11
37.551,1.63703e-08,1.36666e-11
37.9592,1.7936e-08,1.53507e-11
38.3673,1.96127e-08,1.71858e-11
38.7755,2.14001e-08,1.92547e-11
39.1837,2.32998e-08,2.14103e-11
39.5918,2.5351e-08,2.38856e-11
40.0,2.7473e-08,2.64744e-11
40.4082,2.9805e-08,2.93128e-11
40.8163,3.21737e-08,3.22926e-11
41.2245,3.47848e-08,3.56535e-11
41.6327,3.74562e-08,3.92241e-11
42.0408,4.03551e-08,4.29625e-11
42.449,4.33448e-08,4.70487e-11
42.8571,4.65554e-08,5.14259e-11
43.2653,5.00289e-08,5.61488e-11
43.6735,5.366e-08,6.10886e-11
44.0816,5.74887e-08,6.66028e-11
44.4898,6.14096e-08,7.21001e-11
44.898,6.57299e-08,7.83917e-11
45.3061,6.99591e-08,8.42142e-11
45.7143,7.47968e-08,9.10462e-11
46.1224,7.98486e-08,9.84104e-11
46.5306,8.49062e-08,1.05669e-10
46.9388,9.01725e-08,1.13463e-10
47.3469,9.61349e-08,1.22016e-10
47.7551,1.02026e-07,1.30575e-10
48.1633,1.08413e-07,1.3951e-10
48.5714,1.15268e-07,1.49389e-10
48.9796,1.22366e-07,1.59518e-10
49.3878,1.29697e-07,1.69987e-10
49.7959,1.37534e-07,1.81218e-10
50.2041,1.45654e-07,1.92678e-10
50.6122,1.5434e-07,2.04229e-10
51.0204,1.63485e-07,2.17862e-10
51.4286,1.72561e-07,2.30097e-10
51.8367,1.82316e-07,2.43418e-10
52.2449,1.92921e-07,2.58086e-10
52.6531,2.04322e-07,2.72569e-10
53.0612,2.15394e-07,2.87708e-10
53.4694,2.27732e-07,3.03679e-10
53.8776,2.40084e-07,3.20139e-10
54.2857,2.53401e-07,3.36988e-10
54.6939,2.67791e-07,3.54945e-10
55.102,2.827e-07,3.74075e-10
55.5102,2.97674e-07,3.92371e-10
55.9184,3.14367e-07,4.12706e-10
56.3265,3.31579e-07,4.33289e-10
56.7347,3.49078e-07,4.5379e-10
57.1429,3.66859e-07,4.74465e-10
57.551,3.86234e-07,4.97377e-10
57.9592,4.06443e-07,5.20631e-10
58.3673,4.2797e-07,5.43882e-10
58.7755,4.51136e-07,5.70711e-10
59.1837,4.73822e-07,5.95116e-10
59.5918,4.97436e-07,6.1965e-10
60.0,5.22114e-07,6.45426e-10
60.4082,5.49176e-07,6.74181e-10
60.8163,5.77955e-07,7.03988e-10
61.2245,6.07178e-07,7.332e-10
61.6327,6.36762e-07,7.63048e-10
62.0408,6.68444e-07,7.9372e-10
62.449,7.01325e-07,8.25241e-10
62.8571,7.369e-07,8.60981e-10
63.2653,7.72839e-07,8.936e-10
63.6735,8.09706e-07,9.27083e-10
64.0816,8.48311e-07,9.62899e-10
64.4898,8.89803e-07,1.00004e-09
64.898,9.33958e-07,1.04025e-09
65.3061,9.75021e-07,1.07513e-09
65.7143,1.02066e-06,1.11427e-09
66.1224,1.06915e-06,1.15559e-09
66.5306,1.11757e-06,1.19707e-09
66.9388,1.16891e-06,1.23862e-09
67.3469,1.22182e-06,1.28069e-09
67.7551,1.28166e-06,1.33165e-09
68.1633,1.3371e-06,1.37573e-09
68.5714,1.39548e-06,1.41903e-09
68.9796,1.45733e-06,1.46827e-09
69.3878,1.52403e-06,1.51898e-09
69.7959,1.58784e-06,1.56646e-09
70.2041,1.65996e-06,1.62076e-09
70.6122,1.73255e-06,1.67461e-09
71.0204,1.80534e-06,1.7277e-09
71.4286,1.88373e-06,1.78435e-09
71.8367,1.96477e-06,1.84442e-09
72.2449,2.04083e-06,1.89292e-09
72.6531,2.13259e-06,1.9649e-09
73.0612,2.21617e-06,2.01703e-09
73.4694,2.30992e-06,2.07819e-09
73.8776,2.40367e-06,2.1399e-09
74.2857,2.50011e-06,2.20357e-09
74.6939,2.60329e-06,2.27735e-09
75.102,2.7079e-06,2.34746e-09
75.5102,2.81579e-06,2.41412e-09
75.9184,2.92229e-06,2.48087e-09
76.3265,3.04372e-06,2.55616e-09
76.7347,3.16026e-06,2.63229e-09
77.1429,3.27982e-06,2.70814e-09
77.551,3.40328e-06,2.77984e-09
77.9592,3.53557e-06,2.86239e-09
78.3673,3.6633e-06,2.94058e-09
78.7755,3.79602e-06,3.00945e-09
79.1837,3.94315e-06,3.10445e-09
79.5918,4.0871e-06,3.18728e-09
80.0,4.24102e-06,3.28256e-09
80.4082,4.39184e-06,3.36776e-09
80.8163,4.5508e-06,3.45765e-09
81.2245,4.7126e-06,3.5499e-09
81.6327,4.87967e-06,3.64211e-09
82.0408,5.05739e-06,3.75057e-09
82.449,5.23258e-06,3.8429e-09
82.8571,5.40974e-06,3.94197e-09
83.2653,5.60011e-06,4.04469e-09
83.6735,5.78572e-06,4.14842e-09
84.0816,5.97975e-06,4.24658e-09
84.4898,6.18531e-06,4.35638e-09
84.898,6.39611e-06,4.47839e-09
85.3061,6.60972e-06,4.5867e-09
85.7143,6.8269e-06,4.69769e-09
86.1224,7.04341e-06,4.80958e-09
86.5306,7.27447e-06,4.93329e-09
86.9388,7.50848e-06,5.04929e-09
87.3469,7.75665e-06,5.17962e-09
87.7551,8.0012e-06,5.30777e-09
88.1633,8.24424e-06,5.42258e-09
88.5714,8.51689e-06,5.56207e-09
88.9796,8.78133e-06,5.69071e-09
89.3878,9.03962e-06,5.82003e-09
89.7959,9.31763e-06,5.9562e-09
90.2041,9.60731e-06,6.09934e-09
90.6122,9.89085e-06,6.23329e-09
91.0204,1.01959e-05,6.38854e-09
91.4286,1.04919e-05,6.53476e-09
91.8367,1.08067e-05,6.6783e-09
92.2449,1.11198e-05,6.82329e-09
92.6531,1.14513e-05,6.98836e-09
93.0612,1.17593e-05,7.12246e-09
93.4694,1.21241e-05,7.30301e-09
93.8776,1.2464e-05,7.46373e-09
94.2857,1.28243e-05,7.63022e-09
94.6939,1.31803e-05,7.80027e-09
95.102,1.35431e-05,7.96753e-09
95.5102,1.39056e-05,8.12141e-09
95.9184,1.43167e-05,8.31294e-09
96.3265,1.4693e-05,8.48632e-09
96.7347,1.51023e-05,8.6664e-09
97.1429,1.5493e-05,8.84299e-09
97.551,1.59244e-05,9.03663e-09
97.9592,1.63469e-05,9.22933e-09
98.3673,1.67739e-05,9.41163e-09
98.7755,1.72094e-05,9.6072e-09
99.1837,1.76804e-05,9.81068e-09
99.5918,1.8142e-05,1.00187e-08
100.0,1.85867e-05,1.02139e-08
100.816,1.9559e-05,1.06328e-08
101.633,2.05599e-05,1.10566e-08
102.449,2.1597e-05,1.15008e-08
103.265,2.26451e-05,1.19405e-08
104.082,2.37556e-05,1.24049e-08
104.898,2.49143e-05,1.28901e-08
105.714,2.61124e-05,1.33898e-08
106.531,2.73723e-05,1.39035e-08
107.347,2.8601e-05,1.43869e-08
108.163,2.99306e-05,1.49387e-08
108.98,3.12796e-05,1.5478e-08
109.796,3.26775e-05,1.60303e-08
110.612,3.4121e-05,1.66136e-08
111.429,3.56568e-05,1.72075e-08
112.245,3.71107e-05,1.77675e-08
113.061,3.87496e-05,1.84152e-08
113.878,4.04046e-05,1.90563e-08
114.694,4.20462e-05,1.96911e-08
115.51,4.37809e-05,2.03296e-08
116.327,4.55781e-05,2.10301e-08
117.143,4.73836e-05,2.17017e-08
117.959,4.93242e-05,2.24219e-08
118.776,5.12411e-05,2.3146e-08
119.592,5.32206e-05,2.38711e-08
120.408,5.52516e-05,2.46266e-08
121.224,5.73768e-05,2.53944e-08
122.041,5.94995e-05,2.61489e-08
122.857,6.17072e-05,2.6964e-08
123.673,6.39536e-05,2.77827e-08
124.49,6.63382e-05,2.86329e-08
125.306,6.86402e-05,2.94495e-08
126.122,7.10945e-05,3.03182e-08
126.939,7.35805e-05,3.11871e-08
127.755,7.61595e-05,3.21058e-08
128.571,7.88221e-05,3.30117e-08
129.388,8.14898e-05,3.39617e-08
130.204,8.42506e-05,3.49269e-08
131.02,8.70524e-05,3.58757e-08
131.837,8.98815e-05,3.68246e-08
132.653,9.28758e-05,3.78616e-08
133.469,9.58871e-05,3.88943e-08
134.286,9.89283e-05,3.98932e-08
135.102,0.000102043,4.0949e-08
135.918,0.000105323,4.20541e-08
136.735,0.000108515,4.31425e-08
137.551,0.000111804,4.42173e-08
138.367,0.000115283,4.53717e-08
139.184,0.000118725,4.65146e-08
140.0,0.000122317,4.76882e-08
140.816,0.00012596,4.88669e-08
141.633,0.000129649,5.0054e-08
142.449,0.000133419,5.12764e-08
143.265,0.000137281,5.24957e-08
144.082,0.000141128,5.37545e-08
144.898,0.000145033,5.50168e-08
145.714,0.000149117,5.63026e-08
146.531,0.000153374,5.76561e-08
147.347,0.000157561,5.89717e-08
148.163,0.00016178,6.03164e-08
148.98,0.000166173,6.17019e-08
149.796,0.00017073,6.30964e-08
150.612,0.000175185,6.44916e-08
151.429,0.000179816,6.59456e-08
152.245,0.000184488,6.73695e-08
153.061,0.000189099,6.88077e-08
153.878,0.000193936,7.02956e-08
154.694,0.000198898,7.17852e-08
155.51,0.00020407,7.33723e-08
156.327,0.000209173,7.49355e-08
157.143,0.000214242,7.64422e-08
157.959,0.00021952,7.80285e-08
158.776,0.000224923,7.96569e-08
159.592,0.000230099,8.12022e-08
160.408,0.000235874,8.29482e-08
161.224,0.000241465,8.45942e-08
162.041,0.000247276,8.63028e-08
162.857,0.000252851,8.79409e-08
163.673,0.000258768,8.9719e-08
164.49,0.000264928,9.14607e-08
165.306,0.000270676,9.3155e-08
166.122,0.000276861,9.49748e-08
166.939,0.000283064,9.67726e-08
167.755,0.000289484,9.86584e-08
168.571,0.000295492,1.00362e-07
169.388,0.000302169,1.02324e-07
170.204,0.000308791,1.04221e-07
171.02,0.000315453,1.06121e-07
171.837,0.000322297,1.08075e-07
172.653,0.000329388,1.10115e-07
173.469,0.000335988,1.11941e-07
174.286,0.00034311,1.13996e-07
175.102,0.00035011,1.15943e-07
175.918,0.00035753,1.1806e-07
176.735,0.000364746,1.20007e-07
177.551,0.000372409,1.22175e-07
178.367,0.000379774,1.24266e-07
179.184,0.000387539,1.26418e-07
180.0,0.000395192,1.28549e-07
180.816,0.000402756,1.30644e-07
181.633,0.000410698,1.3277e-07
182.449,0.000418689,1.35004e-07
183.265,0.000426942,1.37275e-07
184.082,0.000435098,1.39525e-07
184.898,0.000443317,1.41829e-07
185.714,0.000451625,1.4403e-07
186.531,0.000460241,1.4636e-07
187.347,0.000469058,1.4876e-07
188.163,0.000477474,1.51017e-07
188.98,0.000486889,1.53562e-07
189.796,0.000495555,1.55865e-07
190.612,0.000504477,1.58226e-07
191.429,0.000513636,1.60712e-07
192.245,0.000522631,1.631e-07
193.061,0.000532042,1.65651e-07
193.878,0.00054159,1.6816e-07
194.694,0.000551071,1.70629e-07
195.51,0.000560653,1.73193e-07
196.327,0.000570254,1.75653e-07
197.143,0.000580007,1.78241e-07
197.959,0.000590003,1.80847e-07
198.776,0.00060016,1.83553e-07
199.592,0.000610329,1.86203e-07
200.408,0.000620626,1.88914e-07
201.224,0.000630998,1.91543e-07
202.041,0.000641855,1.94384e-07
202.857,0.000651904,1.97002e-07
203.673,0.000662792,1.99796e-07
204.49,0.000673458,2.0255e-07
205.306,0.000684257,2.05313e-07
206.122,0.000695458,2.08186e-07
206.939,0.000706336,2.10945e-07
207.755,0.000717789,2.13993e-07
208.571,0.000729495,2.16837e-07
209.388,0.000740767,2.19734e-07
210.204,0.000752018,2.22581e-07
211.02,0.000763784,2.25546e-07
211.837,0.000775823,2.28626e-07
212.653,0.000787714,2.31639e-07
213.469,0.000799732,2.34622e-07
214.286,0.000811872,2.37634e-07
215.102,0.000823759,2.40671e-07
215.918,0.000835963,2.4366e-07
216.735,0.000849221,2.46969e-07
217.551,0.000861291,2.49928e-07
218.367,0.000873793,2.53161e-07
219.184,0.000886636,2.5626e-07
220.0,0.000900251,2.59598e-07
221.633,0.000925877,2.65969e-07
223.265,0.000952692,2.72585e-07
224.898,0.000979797,2.79171e-07
226.531,0.00100731,2.85877e-07
228.163,0.00103547,2.92807e-07
229.796,0.00106369,2.99591e-07
231.429,0.00109258,3.06448e-07
233.061,0.00112193,3.13588e-07
234.694,0.00115204,3.20814e-07
236.327,0.00118245,3.2807e-07
237.959,0.00121363,3.35455e-07
239.592,0.00124368,3.42617e-07
241.224,0.00127634,3.50254e-07
242.857,0.00130799,3.57747e-07
244.49,0.00134108,3.65498e-07
246.122,0.00137421,3.73296e-07
247.755,0.00140762,3.81018e-07
249.388,0.00144199,3.89163e-07
251.02,0.00147645,3.97039e-07
252.653,0.00151203,4.0516e-07
254.286,0.00154752,4.13466e-07
255.918,0.00158376,4.21685e-07
257.551,0.00161965,4.29968e-07
259.184,0.00165661,4.38286e-07
260.816,0.00169526,4.47154e-07
262.449,0.00173299,4.5561e-07
264.082,0.00177177,4.64422e-07
265.714,0.00181071,4.73124e-07
267.347,0.00184908,4.8183e-07
268.98,0.00189077,4.91185e-07
270.612,0.00192964,4.99919e-07
272.245,0.00197119,5.09088e-07
273.878,0.00201368,5.18608e-07
275.51,0.00205509,5.28042e-07
277.143,0.00209762,5.3722e-07
278.776,0.00214089,5.46872e-07
280.408,0.00218322,5.56147e-07
282.041,0.00222711,5.65854e-07
283.673,0.00227221,5.75581e-07
285.306,0.00231776,5.85493e-07
286.939,0.00236331,5.955e-07
288.571,0.0024092,6.05554e-07
290.204,0.00245619,6.155e-07
291.837,0.00250243,6.25605e-07
293.469,0.00255143,6.36078e-07
295.102,0.00259769,6.46143e-07
296.735,0.00264735,6.56584e-07
298.367,0.00269694,6.67329e-07
300.0,0.00274676,6.78012e-07
301.633,0.00279804,6.88916e-07
303.265,0.00284797,6.99501e-07
304.898,0.0028985,7.10354e-07
306.531,0.00294934,7.21154e-07
308.163,0.00300234,7.32329e-07
309.796,0.00305597,7.43531e-07
311.429,0.00310753,7.54433e-07
313.061,0.00316029,7.65832e-07
314.694,0.00321575,7.77128e-07
316.327,0.00327078,7.88544e-07
317.959,0.003326,8.00146e-07
319.592,0.00338105,8.11768e-07
321.224,0.00343622,8.23293e-07
322.857,0.00349321,8.35152e-07
324.49,0.00355132,8.47193e-07
326.122,0.00360799,8.58858e-07
327.755,0.00366777,8.71009e-07
329.388,0.00372612,8.83061e-07
331.02,0.0037867,8.95284e-07
332.653,0.00384587,9.07893e-07
334.286,0.00390621,9.20014e-07
335.918,0.00396806,9.32658e-07
337.551,0.00402707,9.44965e-07
339.184,0.00409014,9.57783e-07
340.816,0.00415234,9.70422e-07
342.449,0.00421672,9.83161e-07
344.082,0.00427896,9.95896e-07
345.714,0.00434413,1.00896e-06
347.347,0.00440781,1.02235e-06
348.98,0.00447237,1.0352e-06
350.612,0.00454022,1.04854e-06
352.245,0.00460659,1.06214e-06
353.878,0.00467058,1.07504e-06
355.51,0.0047397,1.08864e-06
357.143,0.00480673,1.10229e-06
358.776,0.00487439,1.11579e-06
360.408,0.00494217,1.12933e-06
362.041,0.0050102,1.14254e-06
363.673,0.00508302,1.15718e-06
365.306,0.00515214,1.17076e-06
366.939,0.00522056,1.1845e-06
368.571,0.00529332,1.19928e-06
370.204,0.0053642,1.21287e-06
371.837,0.00543654,1.22718e-06
373.469,0.0055097,1.24177e-06
375.102,0.00558485,1.25628e-06
376.735,0.00565721,1.27105e-06
378.367,0.00573117,1.28514e-06
380.0,0.00580548,1.2997e-06
382.449,0.00591904,1.32205e-06
384.898,0.00603669,1.34464e-06
387.347,0.00615075,1.36692e-06
389.796,0.00626555,1.38955e-06
392.245,0.00638518,1.41253e-06
394.694,0.00650458,1.43608e-06
397.143,0.00662454,1.45899e-06
399.592,0.00674264,1.48179e-06
402.041,0.00686702,1.50584e-06
404.49,0.00699225,1.5302e-06
406.939,0.00711421,1.55362e-06
409.388,0.007241,1.57767e-06
411.837,0.00736668,1.60113e-06
414.286,0.00749591,1.62633e-06
416.735,0.00762368,1.65056e-06
419.184,0.00775573,1.67572e-06
421.633,0.00788776,1.70106e-06
424.082,0.00801775,1.7253e-06
426.531,0.00815663,1.75174e-06
428.98,0.00828914,1.77662e-06
431.429,0.00842579,1.80236e-06
433.878,0.00856151,1.82841e-06
436.327,0.00869983,1.85478e-06
438.776,0.00883977,1.88032e-06
441.224,0.00898371,1.90705e-06
443.673,0.00912088,1.93321e-06
446.122,0.00926412,1.96009e-06
448.571,0.00941029,1.98731e-06
451.02,0.00955867,2.01458e-06
453.469,0.00970551,2.04218e-06
455.918,0.00984734,2.06916e-06
458.367,0.00999815,2.09742e-06
460.816,0.010149,2.12433e-06
463.265,0.0103012,2.15321e-06
465.714,0.0104469,2.18013e-06
468.163,0.010602,2.20864e-06
470.612,0.0107601,2.23824e-06
473.061,0.0109102,2.26584e-06
475.51,0.0110701,2.29533e-06
477.959,0.0112278,2.32409e-06
480.408,0.0113841,2.35319e-06
482.857,0.0115466,2.38318e-06
485.306,0.0117036,2.41137e-06
487.755,0.0118706,2.44203e-06
490.204,0.0120271,2.47095e-06
492.653,0.012196,2.50153e-06
495.102,0.0123574,2.5316e-06
497.551,0.012525,2.56189e-06
500.0,0.0126944,2.59193e-06
502.449,0.0128607,2.62307e-06
504.898,0.0130294,2.65409e-06
507.347,0.013203,2.68517e-06
509.796,0.0133768,2.71638e-06
512.245,0.013551,2.74808e-06
514.694,0.013714,2.77783e-06
517.143,0.0138988,2.81087e-06
519.592,0.014066,2.84241e-06
522.041,0.0142482,2.87455e-06
524.49,0.0144236,2.90687e-06
526.939,0.0146085,2.93948e-06
529.388,0.0147923,2.97231e-06
531.837,0.0149681,3.0036e-06
534.286,0.01515,3.03704e-06
536.735,0.0153338,3.07016e-06
539.184,0.0155202,3.10332e-06
541.633,0.0157138,3.13805e-06
544.082,0.0158896,3.16972e-06
546.531,0.0160803,3.20324e-06
548.98,0.0162717,3.23792e-06
551.429,0.01646,3.27162e-06
553.878,0.0166473,3.30429e-06
556.327,0.0168422,3.33887e-06
558.776,0.0170409,3.37473e-06
561.224,0.0172271,3.40764e-06
563.673,0.0174222,3.44286e-06
566.122,0.0176235,3.47816e-06
568.571,0.0178102,3.51255e-06
571.02,0.0180169,3.54937e-06
573.469,0.0182223,3.58549e-06
575.918,0.0184199,3.61989e-06
578.367,0.018627,3.6568e-06
580.816,0.0188237,3.69186e-06
583.265,0.0190338,3.72883e-06
585.714,0.0192289,3.76373e-06
588.163,0.0194447,3.80174e-06
590.612,0.019643,3.83621e-06
593.061,0.0198484,3.87326e-06
595.51,0.020062,3.91138e-06
597.959,0.0202655,3.94592e-06
600.408,0.0204855,3.98646e-06
602.857,0.0206891,4.02174e-06
605.306,0.020902,4.05894e-06
607.755,0.0211187,4.09768e-06
610.204,0.0213388,4.13488e-06
612.653,0.0215558,4.17393e-06
615.102,0.0217719,4.21233e-06
617.551,0.0219883,4.24927e-06
620.0,0.0222043,4.28787e-06
622.449,0.0224277,4.32804e-06
624.898,0.0226471,4.36449e-06
627.347,0.0228734,4.40613e-06
629.796,0.0230849,4.44322e-06
632.245,0.0233116,4.48272e-06
634.694,0.023541,4.52099e-06
637.143,0.0237703,4.5625e-06
639.592,0.0239962,4.60152e-06
642.041,0.0242241,4.64192e-06
644.49,0.0244516,4.68231e-06
646.939,0.0246812,4.72159e-06
649.388,0.024916,4.76255e-06
651.837,0.0251573,4.80415e-06
654.286,0.0253834,4.84424e-06
656.735,0.0256113,4.88336e-06
659.184,0.0258518,4.92615e-06
661.633,0.0260929,4.96771e-06
664.082,0.0263189,5.00754e-06
666.531,0.0265596,5.04893e-06
668.98,0.0267891,5.08907e-06
671.429,0.0270428,5.13274e-06
673.878,0.0272868,5.17519e-06
676.327,0.0275249,5.21659e-06
678.776,0.0277661,5.25822e-06
681.224,0.028001,5.30028e-06
683.673,0.0282523,5.34364e-06
686.122,0.0284885,5.38489e-06
688.571,0.0287481,5.42904e-06
691.02,0.0289937,5.47159e-06
693.469,0.0292371,5.51609e-06
695.918,0.0294898,5.55835e-06
698.367,0.0297303,5.59917e-06
700.816,0.0299986,5.64729e-06
703.265,0.0302394,5.69081e-06
705.714,0.0305009,5.7332e-06
708.163,0.0307474,5.77696e-06
710.612,0.0310049,5.82058e-06
713.061,0.0312712,5.86622e-06
715.51,0.0315198,5.90893e-06
717.959,0.0317753,5.95367e-06
720.408,0.0320411,6.00004e-06
722.857,0.0323022,6.04552e-06
725.306,0.0325529,6.08784e-06
727.755,0.0328168,6.13258e-06
730.204,0.0330852,6.18207e-06
732.653,0.0333529,6.22734e-06
735.102,0.0336061,6.27192e-06
737.551,0.0338836,6.3173e-06
740.0,0.0341419,6.36241e-06
743.265,0.0345022,6.42544e-06
746.531,0.0348639,6.48713e-06
749.796,0.0352204,6.54871e-06
753.061,0.0355893,6.6134e-06
756.327,0.0359419,6.67476e-06
759.592,0.0363045,6.73758e-06
762.857,0.0366668,6.79782e-06
766.122,0.0370454,6.86286e-06
769.388,0.0374132,6.92823e-06
772.653,0.0377839,6.99381e-06
775.918,0.038161,7.05375e-06
779.184,0.0385311,7.11891e-06
782.449,0.0389118,7.18564e-06
785.714,0.0392844,7.24895e-06
788.98,0.0396717,7.31671e-06
792.245,0.0400446,7.38189e-06
795.51,0.0404258,7.44579e-06
798.776,0.0408098,7.51158e-06
802.041,0.0411911,7.58024e-06
805.306,0.0415893,7.64574e-06
808.571,0.0419601,7.71124e-06
811.837,0.042356,7.78008e-06
815.102,0.0427674,7.8489e-06
818.367,0.0431419,7.91218e-06
821.633,0.0435484,7.98375e-06
824.898,0.0439473,8.05233e-06
828.163,0.0443479,8.11781e-06
831.429,0.0447392,8.18606e-06
834.694,0.045142,8.25359e-06
837.959,0.0455379,8.32426e-06
841.224,0.045948,8.39522e-06
844.49,0.0463641,8.46471e-06
847.755,0.0467637,8.53375e-06
851.02,0.0471753,8.60646e-06
854.286,0.0475846,8.67605e-06
857.551,0.0479954,8.74683e-06
860.816,0.048411,8.81954e-06
864.082,0.0488142,8.88962e-06
867.347,0.0492476,8.96089e-06
870.612,0.0496548,9.03237e-06
873.878,0.0500849,9.10594e-06
877.143,0.0504995,9.1766e-06
880.408,0.0509225,9.25205e-06
883.673,0.0513239,9.31783e-06
886.939,0.0517869,9.39733e-06
890.204,0.0521932,9.46635e-06
893.469,0.0526163,9.54048e-06
896.735,0.0530507,9.61551e-06
900.0,0.0534883,9.69095e-06
903.265,0.053911,9.76024e-06
906.531,0.0543459,9.83473e-06
909.796,0.0547916,9.91584e-06
913.061,0.0552253,9.98843e-06
916.327,0.0556539,1.00598e-05
919.592,0.0561002,1.01394e-05
922.857,0.0565289,1.02134e-05
926.122,0.0569789,1.02903e-05
929.388,0.0574452,1.03694e-05
932.653,0.0578866,1.04459e-05
935.918,0.0583314,1.05203e-05
939.184,0.058777,1.05963e-05
942.449,0.0592299,1.0674e-05
945.714,0.0596798,1.07556e-05
948.98,0.0601183,1.08285e-05
952.245,0.0605901,1.09084e-05
955.51,0.0610324,1.09851e-05
958.776,0.0615022,1.10648e-05
962.041,0.0619422,1.11396e-05
965.306,0.0624302,1.12227e-05
968.571,0.0628688,1.13011e-05
971.837,0.0633418,1.13805e-05
975.102,0.0638138,1.14628e-05
978.367,0.0642667,1.1539e-05
981.633,0.0647414,1.16228e-05
984.898,0.0651934,1.17007e-05
988.163,0.0657071,1.17857e-05
991.429,0.0661733,1.18667e-05
994.694,0.0666146,1.19454e-05
997.959,0.0670781,1.20259e-05
1001.22,0.0675743,1.21085e-05
1004.49,0.068061,1.21903e-05
1007.76,0.0685185,1.22736e-05
1011.02,0.069004,1.2355e-05
1014.29,0.0694847,1.24384e-05
1017.55,0.0699609,1.25212e-05
1020.82,0.0704429,1.26027e-05
1024.08,0.0709204,1.26838e-05
1027.35,0.0714342,1.27724e-05
1030.61,0.0718826,1.28558e-05
1033.88,0.0723969,1.29418e-05
1037.14,0.072869,1.30204e-05
1040.41,0.0733715,1.311e-05
1043.67,0.0738487,1.3195e-05
1046.94,0.0743698,1.32792e-05
1050.2,0.0748636,1.33669e-05
1053.47,0.0753637,1.34519e-05
1056.73,0.0758497,1.35343e-05
1060.0,0.0763648,1.3621e-05
1064.9,0.077101,1.37498e-05
1069.8,0.0778702,1.38814e-05
1074.69,0.0786619,1.40161e-05
1079.59,0.0793489,1.41372e-05
1084.49,0.0801478,1.42744e-05
1089.39,0.080908,1.44132e-05
1094.29,0.0816811,1.45393e-05
1099.18,0.0824338,1.4673e-05
1104.08,0.0832322,1.48119e-05
1108.98,0.0840095,1.49457e-05
1113.88,0.0847967,1.50798e-05
1118.78,0.0855608,1.521e-05
1123.67,0.0864001,1.53531e-05
1128.57,0.0871155,1.54804e-05
1133.47,0.087906,1.56212e-05
1138.37,0.0887221,1.57594e-05
1143.27,0.0895325,1.58951e-05
1148.16,0.0903414,1.60414e-05
1153.06,0.0911316,1.61736e-05
1157.96,0.0919456,1.63135e-05
1162.86,0.092749,1.64541e-05
1167.76,0.0935591,1.65978e-05
1172.65,0.0943887,1.67431e-05
1177.55,0.0952119,1.68842e-05
1182.45,0.0960236,1.70249e-05
1187.35,0.0968362,1.71653e-05
1192.24,0.0976883,1.73112e-05
1197.14,0.0985059,1.74602e-05
1202.04,0.0993083,1.75974e-05
1206.94,0.100163,1.77446e-05
1211.84,0.100985,1.78879e-05
1216.73,0.10183,1.80346e-05
1221.63,0.10268,1.81813e-05
1226.53,0.103528,1.83306e-05
1231.43,0.104375,1.84808e-05
1236.33,0.105212,1.86247e-05
1241.22,0.106016,1.87618e-05
1246.12,0.106914,1.89203e-05
1251.02,0.107777,1.90687e-05
1255.92,0.108663,1.92243e-05
1260.82,0.109526,1.93807e-05
1265.71,0.110371,1.95234e-05
1270.61,0.111229,1.96803e-05
1275.51,0.112125,1.98294e-05
1280.41,0.112995,1.99792e-05
1285.31,0.113876,2.01407e-05
1290.2,0.11478,2.0297e-05
1295.1,0.115655,2.04504e-05
1300.0,0.116491,2.05907e-05
1304.9,0.117385,2.07516e-05
1309.8,0.118254,2.0902e-05
1314.69,0.119179,2.10633e-05
1319.59,0.120038,2.12186e-05
1324.49,0.120992,2.13867e-05
1329.39,0.121866,2.15352e-05
1334.29,0.122748,2.16944e-05
1339.18,0.123689,2.18567e-05
1344.08,0.124576,2.2015e-05
1348.98,0.125472,2.21686e-05
1353.88,0.126366,2.23291e-05
1358.78,0.127306,2.2492e-05
1363.67,0.128217,2.26521e-05
1368.57,0.129155,2.28176e-05
1373.47,0.130072,2.29725e-05
1378.37,0.130985,2.31329e-05
1383.27,0.131909,2.33027e-05
1388.16,0.132869,2.34742e-05
1393.06,0.133784,2.36383e-05
1397.96,0.134675,2.37993e-05
1402.86,0.135656,2.39678e-05
1407.76,0.136604,2.413e-05
1412.65,0.137502,2.43008e-05
1417.55,0.138504,2.44681e-05
1422.45,0.139434,2.46388e-05
1427.35,0.140392,2.48061e-05
1432.24,0.141363,2.49767e-05
1437.14,0.142232,2.51401e-05
1442.04,0.143238,2.53073e-05
1446.94,0.144164,2.54686e-05
1451.84,0.145135,2.56386e-05
1456.73,0.146113,2.58212e-05
1461.63,0.147064,2.59819e-05
1466.53,0.14807,2.61616e-05
1471.43,0.149035,2.63465e-05
1476.33,0.149973,2.65074e-05
1481.22,0.150926,2.66813e-05
1486.12,0.151909,2.68519e-05
1491.02,0.152926,2.7029e-05
1495.92,0.153899,2.72024e-05
1500.82,0.154875,2.73781e-05
1505.71,0.155887,2.75546e-05
1510.61,0.156868,2.77364e-05
1515.51,0.157879,2.79118e-05
1520.41,0.158796,2.80814e-05
1525.31,0.159812,2.82607e-05
1530.2,0.160839,2.84328e-05
1535.1,0.161807,2.86185e-05
1540.0,0.162795,2.8793e-05
1547.35,0.164359,2.90688e-05
1554.69,0.165819,2.93191e-05
1562.04,0.167377,2.96097e-05
1569.39,0.168882,2.98814e-05
1576.73,0.170388,3.01511e-05
1584.08,0.171945,3.04405e-05
1591.43,0.173463,3.06944e-05
1598.78,0.175001,3.09749e-05
1606.12,0.176558,3.12563e-05
1613.47,0.17808,3.15314e-05
1620.82,0.179677,3.1825e-05
1628.16,0.181244,3.21016e-05
1635.51,0.182803,3.238e-05
1642.86,0.184365,3.26556e-05
1650.2,0.185975,3.2946e-05
1657.55,0.187467,3.32235e-05
1664.9,0.189135,3.35243e-05
1672.24,0.190687,3.38078e-05
1679.59,0.19232,3.41054e-05
1686.94,0.193902,3.43793e-05
1694.29,0.195547,3.46852e-05
1701.63,0.197058,3.49651e-05
1708.98,0.198698,3.52703e-05
1716.33,0.200363,3.55638e-05
1723.67,0.201978,3.58522e-05
1731.02,0.203589,3.61587e-05
1738.37,0.205184,3.64346e-05
1745.71,0.206893,3.67563e-05
1753.06,0.208456,3.70215e-05
1760.41,0.210164,3.7346e-05
1767.76,0.211752,3.76419e-05
1775.1,0.213452,3.79379e-05
1782.45,0.215109,3.82405e-05
1789.8,0.216743,3.85613e-05
1797.14,0.218413,3.88503e-05
1804.49,0.220091,3.91632e-05
1811.84,0.22176,3.94714e-05
1819.18,0.223492,3.97817e-05
1826.53,0.225174,4.00898e-05
1833.88,0.226877,4.03947e-05
1841.22,0.22859,4.07184e-05
1848.57,0.23022,4.10247e-05
1855.92,0.231958,4.13329e-05
1863.27,0.233687,4.16495e-05
1870.61,0.235373,4.19597e-05
1877.96,0.236997,4.22676e-05
1885.31,0.238782,4.25969e-05
1892.65,0.240536,4.29228e-05
1900.0,0.242188,4.3215e-05
1907.35,0.243992,4.35603e-05
1914.69,0.245719,4.3872e-05
1922.04,0.247442,4.41977e-05
1929.39,0.249227,4.45222e-05
1936.73,0.250921,4.48354e-05
1944.08,0.252757,4.51878e-05
1951.43,0.254488,4.54961e-05
1958.78,0.256247,4.58254e-05
1966.12,0.257952,4.61519e-05
1973.47,0.25973,4.64826e-05
1980.82,0.261497,4.68016e-05
1988.16,0.263365,4.71507e-05
1995.51,0.265119,4.74846e-05
2002.86,0.266906,4.78161e-05
2010.2,0.268629,4.8138e-05
2017.55,0.270491,4.84877e-05
2024.9,0.272313,4.88122e-05
2032.24,0.274072,4.91458e-05
2039.59,0.275815,4.94635e-05
2046.94,0.277681,4.98137e-05
2054.29,0.279582,5.01593e-05
2061.63,0.281372,5.05153e-05
2068.98,0.283171,5.08605e-05
2076.33,0.284906,5.11801e-05
2083.67,0.286743,5.15224e-05
2091.02,0.288646,5.18749e-05
2098.37,0.290432,5.22136e-05
2105.71,0.29229,5.2571e-05
2113.06,0.294224,5.29195e-05
2120.41,0.296047,5.3262e-05
2127.76,0.297863,5.36122e-05
2135.1,0.299746,5.39671e-05
2142.45,0.301574,5.43098e-05
2149.8,0.303494,5.46747e-05
2157.14,0.305372,5.50239e-05
2164.49,0.307198,5.53643e-05
2171.84,0.309205,5.57445e-05
2179.18,0.311011,5.61031e-05
2186.53,0.31284,5.64581e-05
2193.88,0.314706,5.68175e-05
2201.22,0.316633,5.71807e-05
2208.57,0.318554,5.75181e-05
2215.92,0.32046,5.78782e-05
2223.27,0.322292,5.8243e-05
2230.61,0.324162,5.85873e-05
2237.96,0.326084,5.89723e-05
2245.31,0.328117,5.93391e-05
2252.65,0.329919,5.96986e-05
2260.0,0.331787,6.00501e-05
2271.02,0.334906,6.0622e-05
2282.04,0.337667,6.11643e-05
2293.06,0.340593,6.17272e-05
2304.08,0.343598,6.23047e-05
2315.1,0.346559,6.28616e-05
2326.12,0.349339,6.34249e-05
2337.14,0.352362,6.39694e-05
2348.16,0.355244,6.45136e-05
2359.18,0.358278,6.5124e-05
2370.2,0.361172,6.56551e-05
2381.22,0.36419,6.62604e-05
2392.24,0.367145,6.68361e-05
2403.27,0.370234,6.74217e-05
2414.29,0.37302,6.79333e-05
2425.31,0.376139,6.85714e-05
2436.33,0.379105,6.91452e-05
2447.35,0.382083,6.97035e-05
2458.37,0.385284,7.03077e-05
2469.39,0.388122,7.08814e-05
2480.41,0.391297,7.1495e-05
2491.43,0.394355,7.20976e-05
2502.45,0.39729,7.26745e-05
2513.47,0.400438,7.32829e-05
2524.49,0.403483,7.38434e-05
2535.51,0.406496,7.44619e-05
2546.53,0.409517,7.50192e-05
2557.55,0.412741,7.56764e-05
2568.57,0.415867,7.62593e-05
2579.59,0.41886,7.68625e-05
2590.61,0.422037,7.75001e-05
2601.63,0.42518,7.81295e-05
2612.65,0.428291,7.87276e-05
2623.67,0.431555,7.93412e-05
2634.69,0.434742,8.00145e-05
2645.71,0.437687,8.05607e-05
2656.73,0.440944,8.121e-05
2667.76,0.444098,8.18305e-05
2678.78,0.44715,8.24133e-05
2689.8,0.450568,8.30566e-05
2700.82,0.453528,8.37062e-05
2711.84,0.456839,8.43151e-05
2722.86,0.460062,8.49758e-05
2733.88,0.463096,8.55969e-05
2744.9,0.466371,8.62333e-05
2755.92,0.469731,8.68787e-05
2766.94,0.472899,8.75019e-05
2777.96,0.476177,8.81669e-05
2788.98,0.479404,8.88194e-05
2800.0,0.482763,8.94778e-05
2814.29,0.486732,9.02551e-05
2828.57,0.491087,9.11287e-05
2842.86,0.495495,9.20336e-05
2857.14,0.499591,9.28414e-05
2871.43,0.503885,9.3662e-05
2885.71,0.508199,9.45384e-05
2900.0,0.512531,9.54191e-05
2914.29,0.516822,9.63009e-05
2928.57,0.52104,9.71132e-05
2942.86,0.525333,9.80089e-05
2957.14,0.529777,9.88539e-05
2971.43,0.534231,9.97569e-05
2985.71,0.538495,0.000100659
3000.0,0.542852,0.000101522
3014.29,0.547274,0.000102434
3028.57,0.551708,0.000103307
3042.86,0.556033,0.00010418
3057.14,0.560482,0.000105065
3071.43,0.564773,0.000105947
3085.71,0.56915,0.000106863
3100.0,0.573751,0.000107786
3114.29,0.578198,0.000108703
3128.57,0.582468,0.000109586
3142.86,0.586867,0.000110444
3157.14,0.591394,0.000111359
3171.43,0.596118,0.000112341
3185.71,0.600499,0.000113208
3200.0,0.60518,0.00011419
3214.29,0.609597,0.000115147
3228.57,0.613863,0.000116014
3242.86,0.618667,0.000116949
3257.14,0.623376,0.000117901
3271.43,0.627749,0.000118853
3285.71,0.632157,0.0001197
3300.0,0.637116,0.000120752
3314.29,0.641488,0.000121643
3328.57,0.646282,0.000122645
3342.86,0.6508,0.000123575
3357.14,0.655339,0.000124486
3371.43,0.659856,0.000125505
3385.71,0.664747,0.000126504
3400.0,0.6694,0.000127386
3414.29,0.673742,0.000128358
3428.57,0.678766,0.000129395
3442.86,0.683269,0.000130334
3457.14,0.688117,0.000131258
3471.43,0.692762,0.000132298
3485.71,0.697271,0.000133229
3500.0,0.702193,0.000134288
3520.41,0.709079,0.00013565
3540.82,0.715582,0.000137057
3561.22,0.722434,0.00013846
3581.63,0.729366,0.000139927
3602.04,0.736207,0.000141417
3622.45,0.743008,0.000142814
3642.86,0.749996,0.000144283
3663.27,0.756736,0.000145688
3683.67,0.763672,0.000147192
3704.08,0.770596,0.000148614
3724.49,0.777409,0.000150065
3744.9,0.784293,0.000151578
3765.31,0.791203,0.000152991
3785.71,0.79842,0.000154544
3806.12,0.805639,0.000155997
3826.53,0.812438,0.000157558
3846.94,0.819403,0.000159023
3867.35,0.826483,0.000160501
3887.76,0.833545,0.000162052
3908.16,0.84111,0.000163687
3928.57,0.847985,0.000165139
3948.98,0.855194,0.000166688
3969.39,0.862632,0.000168331
3989.8,0.86938,0.000169712
4010.2,0.876563,0.000171252
4030.61,0.883816,0.000172789
4051.02,0.890813,0.000174274
4071.43,0.898387,0.000175945
4091.84,0.905752,0.000177442
4112.24,0.912962,0.000179147
4132.65,0.920331,0.000180692
4153.06,0.927294,0.000182203
4173.47,0.934751,0.000183798
4193.88,0.942332,0.00018544
4214.29,0.949125,0.000186938
4234.69,0.956821,0.00018862
4255.1,0.963905,0.000190152
4275.51,0.971461,0.000191791
4295.92,0.979085,0.000193479
4316.33,0.986434,0.000195084
4336.73,0.993841,0.00019668
4357.14,1.00116,0.000198296
4377.55,1.00908,0.000200089
4397.96,1.01638,0.000201658
4418.37,1.02355,0.000203262
4438.78,1.03117,0.000204912
4459.18,1.03882,0.000206582
4479.59,1.04678,0.000208356
4500.0,1.05388,0.000209927
4530.61,1.0653,0.000212474
4561.22,1.07689,0.000215038
4591.84,1.08847,0.000217566
4622.45,1.10003,0.000220196
4653.06,1.11113,0.000222628
4683.67,1.12293,0.000225243
4714.29,1.1349,0.000227926
4744.9,1.14624,0.00023041
4775.51,1.15743,0.000232903
4806.12,1.16937,0.000235747
4836.73,1.1815,0.000238415
4867.35,1.19327,0.000241075
4897.96,1.2047,0.000243655
4928.57,1.21643,0.000246123
4959.18,1.22809,0.000248719
4989.8,1.24047,0.000251594
5020.41,1.2519,0.000254261
5051.02,1.26376,0.000256913
5081.63,1.27609,0.000259776
5112.24,1.28824,0.000262562
5142.86,1.3001,0.00026509
5173.47,1.31238,0.000267934
5204.08,1.32429,0.000270671
5234.69,1.33633,0.000273443
5265.31,1.34847,0.000276251
5295.92,1.36074,0.000279029
5326.53,1.37259,0.000281848
5357.14,1.38518,0.000284693
5387.76,1.39774,0.000287553
5418.37,1.41003,0.000290445
5448.98,1.42224,0.000293257
5479.59,1.43477,0.000296061
5510.2,1.44676,0.000298936
5540.82,1.4589,0.000301724
5571.43,1.47148,0.000304742
5602.04,1.48468,0.00030769
5632.65,1.49625,0.000310319
5663.27,1.50907,0.000313419
5693.88,1.52148,0.000316268
5724.49,1.5335,0.000319066
5755.1,1.54687,0.000322211
5785.71,1.55931,0.000325159
5816.33,1.57129,0.00032795
5846.94,1.58509,0.000331039
5877.55,1.59742,0.000334115
5908.16,1.61059,0.000337196
5938.78,1.6227,0.000339989
5969.39,1.63559,0.000343001
6000.0,1.64861,0.000345954
6040.82,1.66572,0.000350087
6081.63,1.6832,0.000354301
6122.45,1.70023,0.000358366
6163.27,1.71765,0.00036232
6204.08,1.7344,0.000366297
6244.9,1.75226,0.000370544
6285.71,1.76924,0.000374706
6326.53,1.78739,0.000379033
6367.35,1.80476,0.000383079
6408.16,1.82134,0.000387089
6448.98,1.83943,0.000391499
6489.8,1.856,0.000395309
6530.61,1.87502,0.000399949
6571.43,1.89231,0.000404073
6612.24,1.90965,0.000408371
6653.06,1.9283,0.000412691
6693.88,1.94581,0.000417023
6734.69,1.96381,0.000421249
6775.51,1.98161,0.000425683
6816.33,1.9998,0.000430156
6857.14,2.01675,0.000434189
6897.96,2.03625,0.000439133
6938.78,2.05347,0.000443223
6979.59,2.07108,0.000447695
7020.41,2.08921,0.000451946
7061.22,2.10819,0.000456567
7102.04,2.12564,0.000460905
7142.86,2.14316,0.000465419
7183.67,2.16201,0.000469759
7224.49,2.18082,0.000474452
7265.31,2.20041,0.000479368
7306.12,2.21807,0.000483777
7346.94,2.23668,0.000488196
7387.76,2.25448,0.00049269
7428.57,2.2731,0.000497304
7469.39,2.29203,0.000502007
7510.2,2.31054,0.000506564
7551.02,2.32913,0.000511312
7591.84,2.34822,0.000516025
7632.65,2.36667,0.000520627
7673.47,2.38575,0.000525145
7714.29,2.40444,0.000529823
7755.1,2.42317,0.000534693
7795.92,2.4421,0.000539453
7836.73,2.46081,0.000544094
7877.55,2.47981,0.000548935
7918.37,2.4986,0.000553677
7959.18,2.51713,0.000558296
8000.0,2.53626,0.000563175
8040.82,2.55648,0.000568136
8081.63,2.57394,0.000572713
8122.45,2.59305,0.000577428
8163.27,2.61291,0.000582474
8204.08,2.63157,0.000587152
8244.9,2.65199,0.000592302
8285.71,2.67045,0.000597145
8326.53,2.69031,0.00060203
8367.35,2.70967,0.000607051
8408.16,2.72855,0.000611953
8448.98,2.74825,0.000617017
8489.8,2.76756,0.000622116
8530.61,2.78685,0.000626375
8571.43,2.80684,0.000632199
8612.24,2.82643,0.000636962
8653.06,2.84642,0.000641991
8693.88,2.86685,0.000647392
8734.69,2.8848,0.000651791
8775.51,2.90466,0.000656809
8816.33,2.92441,0.000661686
8857.14,2.94374,0.000667361
8897.96,2.96371,0.000672048
8938.78,2.98394,0.000677566
8979.59,3.00375,0.000682631
9020.41,3.02466,0.000688023
9061.22,3.04339,0.000693046
9102.04,3.06402,0.00069812
9142.86,3.08393,0.000703174
9183.67,3.10324,0.000708097
9224.49,3.12342,0.000713124
9265.31,3.144,0.000718856
9306.12,3.16362,0.000723869
9346.94,3.18386,0.000729547
9387.76,3.20315,0.000734549
9428.57,3.22421,0.000739733
9469.39,3.24462,0.000745507
9510.2,3.26306,0.000749999
9551.02,3.28517,0.000755582
9591.84,3.3054,0.000761159
9632.65,3.32663,0.00076697
9673.47,3.3473,0.000772661
9714.29,3.36672,0.000777282
9755.1,3.38839,0.000783165
9795.92,3.40759,0.000787862
9836.73,3.42749,0.000793178
9877.55,3.44758,0.000798829
9918.37,3.46836,0.000803556
9959.18,3.48896,0.000809485
10000.0,3.51006,0.000815025
