0.0,0.0,0.0
0.000204082,0.0,0.0
0.000408163,0.0,0.0
0.000612245,0.0,0.0
0.000816327,0.0,0.0
0.00102041,0.0,0.0
0.00122449,0.0,0.0
0.00142857,0.0,0.0
0.00163265,0.0,0.0
0.00183673,0.0,0.0
0.00204082,0.0,0.0
0.0022449,0.0,0.0
0.00244898,0.0,0.0
0.00265306,0.0,0.0
0.00285714,0.0,0.0
0.00306122,0.0,0.0
0.00326531,0.0,0.0
0.00346939,0.0,0.0
0.00367347,0.0,0.0
0.00387755,0.0,0.0
0.00408163,0.0,0.0
0.00428571,0.0,0.0
0.0044898,0.0,0.0
0.00469388,0.0,0.0
0.00489796,0.0,0.0
0.00510204,0.0,0.0
0.00530612,0.0,0.0
0.0055102,0.0,0.0
0.00571429,0.0,0.0
0.00591837,0.0,0.0
0.00612245,0.0,0.0
0.00632653,0.0,0.0
0.00653061,0.0,0.0
0.00673469,0.0,0.0
0.00693878,0.0,0.0
0.00714286,0.0,0.0
0.00734694,0.0,0.0
0.00755102,0.0,0.0
0.0077551,0.0,0.0
0.00795918,0.0,0.0
0.00816327,0.0,0.0
0.00836735,0.0,0.0
0.00857143,0.0,0.0
0.00877551,0.0,0.0
0.00897959,0.0,0.0
0.00918367,0.0,0.0
0.00938776,0.0,0.0
0.00959184,0.0,0.0
0.00979592,0.0,0.0
0.01,0.0,0.0
0.0118367,0.0,0.0
0.0136735,0.0,0.0
0.0155102,0.0,0.0
0.0173469,0.0,0.0
0.0191837,0.0,0.0
0.0210204,0.0,0.0
0.0228571,0.0,0.0
0.0246939,0.0,0.0
0.0265306,0.0,0.0
0.0283673,0.0,0.0
0.0302041,0.0,0.0
0.0320408,0.0,0.0
0.0338776,0.0,0.0
0.0357143,0.0,0.0
0.037551,0.0,0.0
0.0393878,0.0,0.0
0.0412245,0.0,0.0
0.0430612,0.0,0.0
0.044898,0.0,0.0
0.0467347,0.0,0.0
0.0485714,0.0,0.0
0.0504082,0.0,0.0
0.0522449,0.0,0.0
0.0540816,0.0,0.0
0.0559184,0.0,0.0
0.0577551,0.0,0.0
0.0595918,0.0,0.0
0.0614286,0.0,0.0
0.0632653,0.0,0.0
0.065102,0.0,0.0
0.0669388,0.0,0.0
0.0687755,0.0,0.0
0.0706122,0.0,0.0
0.072449,0.0,0.0
0.0742857,0.0,0.0
0.0761224,0.0,0.0
0.0779592,0.0,0.0
0.0797959,0.0,0.0
0.0816327,0.0,0.0
0.0834694,0.0,0.0
0.0853061,0.0,0.0
0.0871429,0.0,0.0
0.0889796,0.0,0.0
0.0908163,0.0,0.0
0.0926531,0.0,0.0
0.0944898,0.0,0.0
0.0963265,0.0,0.0
0.0981633,0.0,0.0
0.1,0.0,0.0
0.102041,0.0,0.0
0.104082,0.0,0.0
0.106122,0.0,0.0
0.108163,2.31306e-16,1.68592e-19
0.110204,1.3703e-14,1.16574e-17
0.112245,1.53123e-13,1.42423e-16
0.114286,8.51662e-13,8.36196e-16
0.116327,3.2246e-12,3.27192e-15
0.118367,9.52179e-12,9.82169e-15
0.120408,2.37071e-11,2.48628e-14
0.122449,5.20091e-11,5.41505e-14
0.12449,1.03745e-10,1.07846e-13
0.126531,1.90983e-10,1.98252e-13
0.128571,3.31241e-10,3.35341e-13
0.130612,5.46452e-10,5.65192e-13
0.132653,8.6011e-10,8.97232e-13
0.134694,1.30717e-09,1.35068e-12
0.136735,1.92674e-09,1.95696e-12
0.138776,2.76306e-09,2.73167e-12
0.140816,3.85733e-09,4.22311e-12
0.142857,5.27833e-09,5.62373e-12
0.144898,7.08373e-09,7.23053e-12
0.146939,9.34929e-09,9.22557e-12
0.14898,1.215e-08,1.1512e-11
0.15102,1.55842e-08,1.46342e-11
0.153061,1.97022e-08,1.74267e-11
0.155102,2.46534e-08,2.49504e-11
0.157143,3.05511e-08,2.92125e-11
0.159184,3.7381e-08,3.45234e-11
0.161224,4.54708e-08,4.27357e-11
0.163265,5.47492e-08,4.93823e-11
0.165306,6.56325e-08,6.45451e-11
0.167347,7.78824e-08,7.81291e-11
0.169388,9.18604e-08,8.1585e-11
0.171429,1.07506e-07,9.05886e-11
0.173469,1.25622e-07,1.29913e-10
0.17551,1.45359e-07,1.19775e-10
0.177551,1.67624e-07,1.42017e-10
0.179592,1.92453e-07,1.69159e-10
0.181633,2.19696e-07,1.79822e-10
0.183673,2.49892e-07,2.112e-10
0.185714,2.83398e-07,2.41621e-10
0.187755,3.20005e-07,2.66991e-10
0.189796,3.59841e-07,2.88208e-10
0.191837,4.03549e-07,3.30482e-10
0.193878,4.50641e-07,3.62073e-10
0.195918,5.01939e-07,3.88688e-10
0.197959,5.58287e-07,4.52897e-10
0.2,6.17952e-07,5.07191e-10
0.202041,6.82298e-07,5.31405e-10
0.204082,7.51632e-07,5.65897e-10
0.206122,8.24731e-07,6.3363e-10
0.208163,9.05615e-07,6.90264e-10
0.210204,9.90713e-07,7.33536e-10
0.212245,1.08053e-06,7.74921e-10
0.214286,1.17959e-06,1.01804e-09
0.216327,1.28141e-06,9.04362e-10
0.218367,1.39261e-06,1.11684e-09
0.220408,1.50545e-06,1.10355e-09
0.222449,1.62837e-06,1.22293e-09
0.22449,1.76061e-06,1.31637e-09
0.226531,1.89572e-06,1.34968e-09
0.228571,2.03816e-06,1.4278e-09
0.230612,2.1894e-06,1.55035e-09
0.232653,2.35262e-06,1.68052e-09
0.234694,2.52025e-06,1.8894e-09
0.236735,2.69771e-06,1.8438e-09
0.238776,2.88209e-06,2.02202e-09
0.240816,3.07809e-06,2.07573e-09
0.242857,3.27904e-06,2.15918e-09
0.244898,3.48922e-06,2.89498e-09
0.246939,3.71422e-06,3.06269e-09
0.24898,3.94357e-06,2.53917e-09
0.25102,4.18876e-06,3.26561e-09
0.253061,4.43923e-06,3.22603e-09
0.255102,4.70102e-06,3.38045e-09
0.257143,4.97208e-06,3.14287e-09
0.259184,5.25684e-06,3.4393e-09
0.261224,5.55762e-06,3.60698e-09
0.263265,5.85952e-06,3.94124e-09
0.265306,6.17222e-06,3.91664e-09
0.267347,6.50904e-06,4.244e-09
0.269388,6.84457e-06,4.22771e-09
0.271429,7.19075e-06,4.58153e-09
0.273469,7.56258e-06,4.58177e-09
0.27551,7.93891e-06,4.8011e-09
0.277551,8.33129e-06,5.56083e-09
0.279592,8.73472e-06,5.37188e-09
0.281633,9.14598e-06,5.40456e-09
0.283673,9.58477e-06,6.03924e-09
0.285714,1.00237e-05,5.97284e-09
0.287755,1.04912e-05,6.91423e-09
0.289796,1.09481e-05,6.55671e-09
0.291837,1.14413e-05,6.87938e-09
0.293878,1.19455e-05,7.44135e-09
0.295918,1.24489e-05,7.66427e-09
0.297959,1.29669e-05,7.60163e-09
0.3,1.35103e-05,9.08009e-09
0.302041,1.40951e-05,8.43462e-09
0.304082,1.46599e-05,9.81302e-09
0.306122,1.52581e-05,9.35927e-09
0.308163,1.58519e-05,9.30246e-09
0.310204,1.6488e-05,9.40672e-09
0.312245,1.711e-05,1.36604e-08
0.314286,1.77888e-05,1.23516e-08
0.316327,1.84217e-05,1.06209e-08
0.318367,1.91187e-05,1.10434e-08
0.320408,1.98144e-05,1.11339e-08
0.322449,2.05368e-05,1.20146e-08
0.32449,2.1268e-05,1.19506e-08
0.326531,2.20258e-05,1.25451e-08
0.328571,2.27996e-05,1.22668e-08
0.330612,2.35978e-05,1.3199e-08
0.332653,2.43981e-05,1.341e-08
0.334694,2.52397e-05,1.42078e-08
0.336735,2.60828e-05,1.4888e-08
0.338776,2.69487e-05,1.59293e-08
0.340816,2.78236e-05,1.56418e-08
0.342857,2.87324e-05,1.87928e-08
0.344898,2.96161e-05,1.61749e-08
0.346939,3.05898e-05,1.74094e-08
0.34898,3.15393e-05,1.76073e-08
0.35102,3.24916e-05,1.864e-08
0.353061,3.34892e-05,1.75123e-08
0.355102,3.4526e-05,1.84061e-08
0.357143,3.55181e-05,1.87718e-08
0.359184,3.65945e-05,2.07375e-08
0.361224,3.76384e-05,2.01986e-08
0.363265,3.87725e-05,2.82986e-08
0.365306,3.98554e-05,4.33686e-08
0.367347,4.0956e-05,2.25031e-08
0.369388,4.2158e-05,2.25185e-08
0.371429,4.33272e-05,2.25894e-08
0.373469,4.45281e-05,2.30699e-08
0.37551,4.57333e-05,2.32835e-08
0.377551,4.6956e-05,2.81229e-08
0.379592,4.82685e-05,2.96186e-08
0.381633,4.95384e-05,2.58571e-08
0.383673,5.08382e-05,2.64285e-08
0.385714,5.21756e-05,3.25244e-08
0.387755,5.348e-05,2.72542e-08
0.389796,5.48867e-05,3.047e-08
0.391837,5.62439e-05,2.84336e-08
0.393878,5.76889e-05,3.5277e-08
0.395918,5.91418e-05,3.51228e-08
0.397959,6.05519e-05,3.10586e-08
0.4,6.1969e-05,3.22239e-08
0.402041,6.35076e-05,3.33502e-08
0.404082,6.50285e-05,3.44158e-08
0.406122,6.65151e-05,3.37469e-08
0.408163,6.8079e-05,3.39641e-08
0.410204,6.97618e-05,3.49245e-08
0.412245,7.13649e-05,4.10092e-08
0.414286,7.29521e-05,3.67799e-08
0.416327,7.46432e-05,3.83019e-08
0.418367,7.63329e-05,4.1994e-08
0.420408,7.79505e-05,3.78428e-08
0.422449,7.97502e-05,4.25812e-08
0.42449,8.14451e-05,4.25229e-08
0.426531,8.33127e-05,4.6937e-08
0.428571,8.50213e-05,4.47581e-08
0.430612,8.67957e-05,4.38513e-08
0.432653,8.8677e-05,4.1621e-08
0.434694,9.05354e-05,4.30604e-08
0.436735,9.25139e-05,4.70903e-08
0.438776,9.43851e-05,4.55744e-08
0.440816,9.62778e-05,4.80239e-08
0.442857,9.83668e-05,4.89681e-08
0.444898,0.000100271,4.8884e-08
0.446939,0.00010234,4.95121e-08
0.44898,0.000104417,5.1496e-08
0.45102,0.000106491,6.35973e-08
0.453061,0.000108438,5.0946e-08
0.455102,0.0001107,5.33716e-08
0.457143,0.000112673,5.43693e-08
0.459184,0.000115027,5.53341e-08
0.461224,0.000117172,5.58968e-08
0.463265,0.00011943,6.19901e-08
0.465306,0.000121561,6.45896e-08
0.467347,0.000123948,6.42124e-08
0.469388,0.000126286,8.14395e-08
0.471429,0.000128495,6.5665e-08
0.473469,0.000130766,6.10771e-08
0.47551,0.000133109,6.93864e-08
0.477551,0.00013555,7.3371e-08
0.479592,0.000138048,7.17059e-08
0.481633,0.000140329,6.77837e-08
0.483673,0.000142953,7.08102e-08
0.485714,0.000145406,9.40019e-08
0.487755,0.000147956,7.05136e-08
0.489796,0.000150522,7.6643e-08
0.491837,0.000153056,7.37162e-08
0.493878,0.000155782,8.5116e-08
0.495918,0.000158374,8.59563e-08
0.497959,0.000161008,8.7015e-08
0.5,0.000163512,7.82217e-08
0.502041,0.000166293,8.48272e-08
0.504082,0.000169129,8.03544e-08
0.506122,0.00017192,8.45927e-08
0.508163,0.000174522,8.18295e-08
0.510204,0.000177561,9.95384e-08
0.512245,0.000180308,9.18892e-08
0.514286,0.000183088,8.54132e-08
0.516327,0.000186076,8.67519e-08
0.518367,0.000189049,9.20424e-08
0.520408,0.000192097,9.97922e-08
0.522449,0.000194792,9.20476e-08
0.52449,0.000197942,9.30822e-08
0.526531,0.000200865,1.00197e-07
0.528571,0.000204115,9.81958e-08
0.530612,0.000206975,9.14559e-08
0.532653,0.000210043,9.57562e-08
0.534694,0.000213431,9.80377e-08
0.536735,0.000216427,9.79223e-08
0.538776,0.000219729,1.25871e-07
0.540816,0.000223062,1.10225e-07
0.542857,0.000226219,1.11607e-07
0.544898,0.000229473,1.04354e-07
0.546939,0.000232684,1.08238e-07
0.54898,0.000236131,1.05865e-07
0.55102,0.000239402,1.14493e-07
0.553061,0.000242837,1.11848e-07
0.555102,0.000246375,1.1947e-07
0.557143,0.000249793,1.15825e-07
0.559184,0.000253065,1.17617e-07
0.561224,0.000256519,1.29632e-07
0.563265,0.00026,1.16031e-07
0.565306,0.000263682,1.20924e-07
0.567347,0.000267248,1.23482e-07
0.569388,0.000270886,1.37805e-07
0.571429,0.000274519,1.5467e-07
0.573469,0.000278036,1.25842e-07
0.57551,0.000281752,1.28027e-07
0.577551,0.000285367,1.26791e-07
0.579592,0.000289174,1.32677e-07
0.581633,0.000293158,1.53978e-07
0.583673,0.000296813,1.39801e-07
0.585714,0.000300889,1.4178e-07
0.587755,0.000304591,1.45452e-07
0.589796,0.000308344,1.36965e-07
0.591837,0.000312444,1.40318e-07
0.593878,0.000316297,1.47286e-07
0.595918,0.000320242,1.52874e-07
0.597959,0.000324655,1.96943e-07
0.6,0.000328412,1.55833e-07
0.602041,0.000332856,1.54467e-07
0.604082,0.000336635,1.6251e-07
0.606122,0.000340613,1.53352e-07
0.608163,0.000344784,1.88788e-07
0.610204,0.00034908,1.57896e-07
0.612245,0.000353195,1.5717e-07
0.614286,0.000357522,1.62487e-07
0.616327,0.000361578,1.64495e-07
0.618367,0.000366005,1.64042e-07
0.620408,0.000370503,1.68549e-07
0.622449,0.000374763,1.67453e-07
0.62449,0.000379105,1.96487e-07
0.626531,0.000383224,1.86497e-07
0.628571,0.000387972,1.79842e-07
0.630612,0.000392194,1.70135e-07
0.632653,0.000396347,1.76475e-07
0.634694,0.00040142,1.75207e-07
0.636735,0.000405976,1.87784e-07
0.638776,0.00041067,1.9295e-07
0.640816,0.000415321,1.96842e-07
0.642857,0.000419683,1.81911e-07
0.644898,0.000424308,1.90943e-07
0.646939,0.000428934,2.83342e-07
0.64898,0.000433663,2.39192e-07
0.65102,0.000438456,1.97771e-07
0.653061,0.000442841,1.87366e-07
0.655102,0.000448217,1.95863e-07
0.657143,0.00045333,2.17146e-07
0.659184,0.000457875,1.9749e-07
0.661224,0.000462852,3.07653e-07
0.663265,0.000467852,2.20888e-07
0.665306,0.000472321,2.01503e-07
0.667347,0.000477284,2.02206e-07
0.669388,0.000481988,2.07885e-07
0.671429,0.000487629,2.13375e-07
0.673469,0.000492349,2.07805e-07
0.67551,0.000497679,2.1598e-07
0.677551,0.000502496,2.17648e-07
0.679592,0.00050812,2.4513e-07
0.681633,0.000513114,2.34403e-07
0.683673,0.00051812,2.31371e-07
0.685714,0.000523942,2.20467e-07
0.687755,0.000529105,2.47894e-07
0.689796,0.000534433,2.34073e-07
0.691837,0.000539721,2.50193e-07
0.693878,0.000544711,2.30289e-07
0.695918,0.000550381,2.58103e-07
0.697959,0.000555824,2.39083e-07
0.7,0.000561198,2.54134e-07
0.702041,0.000566546,2.4247e-07
0.704082,0.000572129,2.62132e-07
0.706122,0.000577604,2.44737e-07
0.708163,0.000583191,2.54694e-07
0.710204,0.000588631,2.48998e-07
0.712245,0.000594518,2.84809e-07
0.714286,0.000600122,2.62134e-07
0.716327,0.00060586,2.60921e-07
0.718367,0.000611621,2.57706e-07
0.720408,0.000617559,2.88568e-07
0.722449,0.000623166,2.79614e-07
0.72449,0.000629211,2.80045e-07
0.726531,0.000634193,2.62369e-07
0.728571,0.000639916,2.67236e-07
0.730612,0.000646113,2.83765e-07
0.732653,0.000652695,3.76878e-07
0.734694,0.000658454,2.88239e-07
0.736735,0.000664357,2.96435e-07
0.738776,0.000670941,3.49967e-07
0.740816,0.000676194,2.8063e-07
0.742857,0.000682352,2.94984e-07
0.744898,0.000688498,2.96805e-07
0.746939,0.000694893,2.98041e-07
0.74898,0.000700797,3.22149e-07
0.75102,0.000707264,3.10634e-07
0.753061,0.000713603,3.2407e-07
0.755102,0.000719037,3.20238e-07
0.757143,0.000725595,3.34059e-07
0.759184,0.000732318,3.45698e-07
0.761224,0.000738667,3.9438e-07
0.763265,0.000744306,3.17586e-07
0.765306,0.000750947,3.16555e-07
0.767347,0.000756881,3.36756e-07
0.769388,0.00076356,3.18874e-07
0.771429,0.000770607,3.74199e-07
0.773469,0.000777192,3.46211e-07
0.77551,0.000783799,3.53485e-07
0.777551,0.00079001,3.46239e-07
0.779592,0.000796727,3.60001e-07
0.781633,0.00080322,3.48433e-07
0.783673,0.000809529,3.32822e-07
0.785714,0.000816371,3.54121e-07
0.787755,0.000822737,3.41796e-07
0.789796,0.000829931,3.98726e-07
0.791837,0.000837034,3.60757e-07
0.793878,0.000843685,4.06238e-07
0.795918,0.00084983,3.74031e-07
0.797959,0.000857472,3.93017e-07
0.8,0.000863866,4.22376e-07
0.802041,0.000870566,3.65535e-07
0.804082,0.000877739,3.79319e-07
0.806122,0.000884701,3.62864e-07
0.808163,0.000891173,3.64013e-07
0.810204,0.00089917,4.04702e-07
0.812245,0.000906265,4.2873e-07
0.814286,0.000913805,5.99353e-07
0.816327,0.000919979,4.3545e-07
0.818367,0.000927236,4.5453e-07
0.820408,0.00093449,3.89552e-07
0.822449,0.000941329,3.94089e-07
0.82449,0.00094949,4.16491e-07
0.826531,0.000956715,4.23667e-07
0.828571,0.000964392,5.06628e-07
0.830612,0.000971414,4.18177e-07
0.832653,0.000978369,6.58072e-07
0.834694,0.000985544,4.30968e-07
0.836735,0.000993491,5.77094e-07
0.838776,0.00100078,4.29959e-07
0.840816,0.00100777,4.20469e-07
0.842857,0.00101542,4.35596e-07
0.844898,0.00102258,4.34404e-07
0.846939,0.00103064,4.39516e-07
0.84898,0.00103817,4.88854e-07
0.85102,0.00104582,4.9224e-07
0.853061,0.00105301,4.55772e-07
0.855102,0.00106096,4.54811e-07
0.857143,0.00106909,4.99204e-07
0.859184,0.00107641,4.40617e-07
0.861224,0.00108431,4.85715e-07
0.863265,0.00109219,4.93905e-07
0.865306,0.00109957,4.93947e-07
0.867347,0.00110807,5.16412e-07
0.869388,0.00111549,5.34046e-07
0.871429,0.00112401,5.55591e-07
0.873469,0.00113134,4.86908e-07
0.87551,0.0011397,4.82733e-07
0.877551,0.00114733,5.76308e-07
0.879592,0.00115536,4.80025e-07
0.881633,0.001163,5.16845e-07
0.883673,0.00117119,4.8818e-07
0.885714,0.00117963,5.10624e-07
0.887755,0.00118841,5.31666e-07
0.889796,0.00119588,4.99056e-07
0.891837,0.00120349,5.34148e-07
0.893878,0.0012114,5.07802e-07
0.895918,0.00122093,5.42819e-07
0.897959,0.00122824,5.03973e-07
0.9,0.00123702,8.1464e-07
0.902041,0.00124537,5.22536e-07
0.904082,0.00125401,7.36071e-07
0.906122,0.0012628,5.63589e-07
0.908163,0.00127073,6.1581e-07
0.910204,0.00127851,5.32705e-07
0.912245,0.00128668,5.40802e-07
0.914286,0.00129526,5.63142e-07
0.916327,0.00130523,5.90475e-07
0.918367,0.00131335,6.08344e-07
0.920408,0.00132201,5.52542e-07
0.922449,0.00133117,6.57469e-07
0.92449,0.00133852,5.5987e-07
0.926531,0.00134812,6.14284e-07
0.928571,0.00135634,6.0311e-07
0.930612,0.00136552,6.21863e-07
0.932653,0.00137448,6.03767e-07
0.934694,0.00138172,6.06931e-07
0.936735,0.00139093,6.01782e-07
0.938776,0.00140111,6.26913e-07
0.940816,0.00140874,6.02619e-07
0.942857,0.00141856,6.18861e-07
0.944898,0.00142698,6.2645e-07
0.946939,0.00143555,5.96351e-07
0.94898,0.00144526,6.06074e-07
0.95102,0.00145307,6.00902e-07
0.953061,0.0014631,6.81241e-07
0.955102,0.00147329,6.32304e-07
0.957143,0.00148088,6.32464e-07
0.959184,0.00149175,6.35909e-07
0.961224,0.00150027,6.69449e-07
0.963265,0.00150841,6.29209e-07
0.965306,0.00151928,6.3992e-07
0.967347,0.00152687,6.34608e-07
0.969388,0.00153659,6.38948e-07
0.971429,0.00154611,7.04032e-07
0.973469,0.00155579,6.7865e-07
0.97551,0.00156442,7.22374e-07
0.977551,0.0015737,6.55207e-07
0.979592,0.00158366,7.90416e-07
0.981633,0.00159201,7.34616e-07
0.983673,0.00160207,6.54574e-07
0.985714,0.00161246,7.19823e-07
0.987755,0.0016215,6.58668e-07
0.989796,0.00163095,6.87255e-07
0.991837,0.00164055,7.02619e-07
0.993878,0.00164994,7.52445e-07
0.995918,0.00166016,7.39332e-07
0.997959,0.00166989,6.93877e-07
1.0,0.00168014,7.13641e-07
1.08163,0.00208986,9.45316e-07
1.16327,0.00254664,1.06449e-06
1.2449,0.00304628,1.44224e-06
1.32653,0.00358813,1.54852e-06
1.40816,0.00417159,1.82097e-06
1.4898,0.00479412,2.26267e-06
1.57143,0.00545641,2.41492e-06
1.65306,0.00616085,3.17309e-06
1.73469,0.00690055,3.04667e-06
1.81633,0.00767483,4.01092e-06
1.89796,0.0084813,3.91724e-06
1.97959,0.00932777,4.46416e-06
2.06122,0.0102027,4.48216e-06
2.14286,0.0111123,4.98643e-06
2.22449,0.0120516,5.06072e-06
2.30612,0.0130344,5.59201e-06
2.38776,0.0140286,5.98214e-06
2.46939,0.0150726,9.08846e-06
2.55102,0.0161428,7.30229e-06
2.63265,0.017219,7.48569e-06
2.71429,0.0183621,2.41804e-05
2.79592,0.0194834,9.66395e-06
2.87755,0.0206691,9.36814e-06
2.95918,0.0218568,1.00541e-05
3.04082,0.0230983,1.07784e-05
3.12245,0.0243289,1.04301e-05
3.20408,0.025602,1.15443e-05
3.28571,0.0269213,1.17347e-05
3.36735,0.0282744,1.85561e-05
3.44898,0.0295895,1.38413e-05
3.53061,0.0309652,1.5767e-05
3.61224,0.0323505,1.42979e-05
3.69388,0.0337559,1.7893e-05
3.77551,0.0352209,1.69081e-05
3.85714,0.0366321,1.70028e-05
3.93878,0.038109,1.62809e-05
4.02041,0.0396255,1.77714e-05
4.10204,0.0411718,2.1356e-05
4.18367,0.0427186,1.99464e-05
4.26531,0.0442684,2.02421e-05
4.34694,0.0458985,2.80439e-05
4.42857,0.047432,2.48435e-05
4.5102,0.0490638,2.48342e-05
4.59184,0.0507077,3.33916e-05
4.67347,0.0523785,2.95117e-05
4.7551,0.0540533,2.70262e-05
4.83673,0.0557206,2.64318e-05
4.91837,0.0574232,2.67829e-05
5.0,0.0591736,2.85081e-05
5.10204,0.0613034,2.82127e-05
5.20408,0.0635461,3.27749e-05
5.30612,0.0658048,3.47208e-05
5.40816,0.0680815,3.62006e-05
5.5102,0.0702893,3.63812e-05
5.61224,0.0726389,3.98379e-05
5.71429,0.0749538,3.80232e-05
5.81633,0.0772961,3.95374e-05
5.91837,0.0796969,4.3638e-05
6.02041,0.0820641,3.98099e-05
6.12245,0.0845422,5.0578e-05
6.22449,0.0869939,4.85132e-05
6.32653,0.0894784,5.18136e-05
6.42857,0.0919364,5.40995e-05
6.53061,0.0944929,4.71441e-05
6.63265,0.09702,5.04609e-05
6.73469,0.0995539,4.89116e-05
6.83673,0.102134,5.75064e-05
6.93878,0.104604,5.09867e-05
7.04082,0.107296,5.68539e-05
7.14286,0.110001,5.80673e-05
7.2449,0.112658,6.24637e-05
7.34694,0.115342,6.29001e-05
7.44898,0.118034,6.89438e-05
7.55102,0.120721,6.31444e-05
7.65306,0.123463,6.24358e-05
7.7551,0.126224,6.46262e-05
7.85714,0.12896,7.3967e-05
7.95918,0.131654,7.32224e-05
8.06122,0.134539,7.64535e-05
8.16327,0.137341,7.56247e-05
8.26531,0.140166,7.67786e-05
8.36735,0.143069,8.0089e-05
8.46939,0.145863,7.63478e-05
8.57143,0.148891,8.09059e-05
8.67347,0.151639,8.11549e-05
8.77551,0.154461,7.54064e-05
8.87755,0.157463,8.45827e-05
8.97959,0.16042,9.63196e-05
9.08163,0.163571,9.62817e-05
9.18367,0.166429,0.000102399
9.28571,0.169429,8.91984e-05
9.38776,0.172383,8.9951e-05
9.4898,0.17539,8.94784e-05
9.59184,0.178453,8.9979e-05
9.69388,0.181644,9.88797e-05
9.79592,0.184577,9.83727e-05
9.89796,0.187801,0.000100495
10.0,0.190887,0.000106613
10.2041,0.197068,0.000111218
10.4082,0.203486,0.000110724
10.6122,0.209708,0.000116214
10.8163,0.216627,0.000158335
11.0204,0.222727,0.00013827
11.2245,0.229189,0.000123249
11.4286,0.23584,0.000120125
11.6327,0.24283,0.000153625
11.8367,0.2493,0.000140598
12.0408,0.255819,0.000143196
12.2449,0.263096,0.000221007
12.449,0.269456,0.000142919
12.6531,0.27673,0.000183843
12.8571,0.28373,0.000226236
13.0612,0.290617,0.000245445
13.2653,0.297594,0.000165554
13.4694,0.304041,0.000158864
13.6735,0.311522,0.000175851
13.8776,0.318699,0.00020151
14.0816,0.325951,0.000191468
14.2857,0.332941,0.000214858
14.4898,0.340408,0.000190679
14.6939,0.347562,0.000203642
14.898,0.35543,0.000252005
15.102,0.362315,0.000193376
15.3061,0.369787,0.000215922
15.5102,0.377364,0.000206312
15.7143,0.385334,0.000285409
15.9184,0.392643,0.000275175
16.1224,0.399682,0.000234042
16.3265,0.407684,0.000245779
16.5306,0.415041,0.000243229
16.7347,0.422771,0.000238685
16.9388,0.430654,0.000244818
17.1429,0.438997,0.000273356
17.3469,0.446765,0.000256245
17.551,0.454274,0.00026409
17.7551,0.463,0.00055937
17.9592,0.470255,0.000320389
18.1633,0.478023,0.000287815
18.3673,0.486072,0.000283689
18.5714,0.494381,0.00032137
18.7755,0.502518,0.000354421
18.9796,0.509706,0.000308847
19.1837,0.519015,0.000431863
19.3878,0.526339,0.00030506
19.5918,0.534659,0.000459863
19.7959,0.542581,0.000404238
20.0,0.550846,0.00031404
20.4082,0.567272,0.000356484
20.8163,0.584595,0.000378962
21.2245,0.601441,0.000527525
21.6327,0.617589,0.000383768
22.0408,0.634794,0.000368622
22.449,0.651848,0.000403682
22.8571,0.669299,0.00038928
23.2653,0.686215,0.000425047
23.6735,0.703383,0.000441321
24.0816,0.721304,0.000489834
24.4898,0.738572,0.000426139
24.898,0.756173,0.000483948
25.3061,0.774322,0.000611073
25.7143,0.792906,0.000665909
26.1224,0.811084,0.000525822
26.5306,0.828587,0.000559346
26.9388,0.846949,0.000550313
27.3469,0.865487,0.000510085
27.7551,0.88374,0.000576103
28.1633,0.903238,0.000735711
28.5714,0.920032,0.00056524
28.9796,0.938605,0.000590757
29.3878,0.957701,0.000762805
29.7959,0.977003,0.000789153
30.2041,0.996459,0.000657333
30.6122,1.01445,0.000713519
31.0204,1.03312,0.000734847
31.4286,1.05248,0.00065415
31.8367,1.07028,0.000683181
32.2449,1.09173,0.000742
32.6531,1.10854,0.000655426
33.0612,1.13041,0.000735045
33.4694,1.15013,0.000771686
33.8776,1.17019,0.00072061
34.2857,1.18814,0.000828293
34.6939,1.20952,0.000854056
35.102,1.22771,0.000801663
35.5102,1.24724,0.000764003
35.9184,1.26564,0.0008085
36.3265,1.28815,0.000794815
36.7347,1.30784,0.000903885
37.1429,1.32921,0.000938982
37.551,1.34794,0.00095268
37.9592,1.36841,0.00101255
38.3673,1.38902,0.000877541
38.7755,1.41144,0.000963217
39.1837,1.43056,0.000966603
39.5918,1.45072,0.000999169
40.0,1.47155,0.00141306
40.4082,1.49219,0.00102663
40.8163,1.51129,0.00120226
41.2245,1.53334,0.00104476
41.6327,1.5562,0.00115962
42.0408,1.57494,0.00100449
42.449,1.5948,0.000993125
42.8571,1.61625,0.0010226
43.2653,1.63789,0.00109668
43.6735,1.65954,0.00131081
44.0816,1.68192,0.00116976
44.4898,1.70192,0.00133765
44.898,1.72388,0.00122944
45.3061,1.74627,0.00118588
45.7143,1.76319,0.00125771
46.1224,1.78817,0.00116077
46.5306,1.80931,0.00128871
46.9388,1.83087,0.0011902
47.3469,1.85139,0.00119012
47.7551,1.87305,0.00122884
48.1633,1.8933,0.00119058
48.5714,1.91553,0.00119822
48.9796,1.93827,0.00133989
49.3878,1.96143,0.00145583
49.7959,1.9832,0.00190247
50.2041,2.00712,0.00155395
50.6122,2.02564,0.00133585
51.0204,2.0482,0.00133358
51.4286,2.06817,0.00142241
51.8367,2.09531,0.00146966
52.2449,2.11496,0.00131955
52.6531,2.13676,0.00136012
53.0612,2.16067,0.00200424
53.4694,2.1817,0.00147367
53.8776,2.20451,0.00174959
54.2857,2.23007,0.00175572
54.6939,2.25013,0.00157589
55.102,2.26979,0.00145791
55.5102,2.29461,0.00150439
55.9184,2.31349,0.00144928
56.3265,2.33892,0.00155751
56.7347,2.36196,0.00176811
57.1429,2.3846,0.00159297
57.551,2.40784,0.00165539
57.9592,2.4319,0.001748
58.3673,2.45594,0.00243994
58.7755,2.47641,0.00188143
59.1837,2.49934,0.00178614
59.5918,2.52608,0.00183945
60.0,2.54756,0.00217983
60.4082,2.57159,0.00176027
60.8163,2.59342,0.00198507
61.2245,2.61585,0.00184212
61.6327,2.63926,0.00192884
62.0408,2.65938,0.00182275
62.449,2.68586,0.0017787
62.8571,2.70656,0.0019892
63.2653,2.72997,0.00188361
63.6735,2.75539,0.00207043
64.0816,2.77778,0.0019304
64.4898,2.79851,0.00184393
64.898,2.82486,0.00197668
65.3061,2.84847,0.00212544
65.7143,2.8674,0.00192921
66.1224,2.90206,0.00396731
66.5306,2.92017,0.00199119
66.9388,2.94329,0.00208929
67.3469,2.96988,0.00215676
67.7551,2.98847,0.00206685
68.1633,3.01595,0.00209697
68.5714,3.04124,0.00347979
68.9796,3.061,0.00224793
69.3878,3.09352,0.00256252
69.7959,3.11222,0.00220131
70.2041,3.13891,0.00222621
70.6122,3.15514,0.00222711
71.0204,3.18238,0.00255198
71.4286,3.20986,0.00221484
71.8367,3.23113,0.00259726
72.2449,3.25491,0.00286847
72.6531,3.27764,0.00217269
73.0612,3.30486,0.00254154
73.4694,3.32847,0.00274608
73.8776,3.35404,0.00254755
74.2857,3.37617,0.00245206
74.6939,3.40345,0.00258651
75.102,3.42932,0.00262207
75.5102,3.45381,0.00260956
75.9184,3.47669,0.0032975
76.3265,3.50346,0.00258321
76.7347,3.51901,0.00268045
77.1429,3.54936,0.00246863
77.551,3.57199,0.00245996
77.9592,3.5962,0.00258921
78.3673,3.6207,0.003161
78.7755,3.64542,0.00250427
79.1837,3.67342,0.00263681
79.5918,3.69443,0.00266941
80.0,3.72804,0.00296896
80.4082,3.74382,0.00270997
80.8163,3.76797,0.00275558
81.2245,3.79509,0.00269913
81.6327,3.8221,0.00288514
82.0408,3.84429,0.00270856
82.449,3.86868,0.00262169
82.8571,3.89449,0.00287729
83.2653,3.9221,0.00291899
83.6735,3.94239,0.00267122
84.0816,3.97558,0.00280197
84.4898,3.98934,0.00280442
84.898,4.01844,0.00313613
85.3061,4.0432,0.00336235
85.7143,4.07239,0.00602506
86.1224,4.09515,0.00319088
86.5306,4.12176,0.00286882
86.9388,4.14364,0.00301204
87.3469,4.16261,0.00281944
87.7551,4.20073,0.00309418
88.1633,4.22025,0.00292686
88.5714,4.25542,0.0033703
88.9796,4.27101,0.0031972
89.3878,4.30094,0.00307619
89.7959,4.33202,0.00347327
90.2041,4.35354,0.00345015
90.6122,4.37623,0.00337099
91.0204,4.39924,0.00307083
91.4286,4.42819,0.00331723
91.8367,4.45557,0.00311705
92.2449,4.48037,0.00307569
92.6531,4.50209,0.00317743
93.0612,4.52683,0.00333934
93.4694,4.56374,0.00627081
93.8776,4.58369,0.0033193
94.2857,4.60555,0.003264
94.6939,4.63537,0.00355351
95.102,4.6561,0.00336964
95.5102,4.6845,0.00349417
95.9184,4.70956,0.00327236
96.3265,4.73545,0.0033738
96.7347,4.77292,0.00385609
97.1429,4.79328,0.00409064
97.551,4.82082,0.00361919
97.9592,4.83616,0.00339595
98.3673,4.8726,0.00407199
98.7755,4.89648,0.00557522
99.1837,4.92719,0.00393229
99.5918,4.93948,0.00374696
100.0,4.96894,0.00362954
100.816,5.03743,0.00799711
101.633,5.0745,0.00381315
102.449,5.12657,0.0039194
103.265,5.18385,0.00397539
104.082,5.23656,0.00477556
104.898,5.28522,0.00384465
105.714,5.34373,0.00444657
106.531,5.40594,0.00500256
107.347,5.44934,0.00417993
108.163,5.50381,0.00444625
108.98,5.55357,0.00469245
109.796,5.6054,0.00416154
110.612,5.66192,0.00448294
111.429,5.71821,0.0042693
112.245,5.76147,0.00410227
113.061,5.82437,0.00454385
113.878,5.87649,0.00633502
114.694,5.93664,0.00627787
115.51,5.98712,0.00561225
116.327,6.03612,0.00441466
117.143,6.09083,0.00459447
117.959,6.14226,0.00445474
118.776,6.19995,0.00466177
119.592,6.25146,0.00472986
120.408,6.31062,0.00478335
121.224,6.36042,0.00487594
122.041,6.43672,0.0104724
122.857,6.46833,0.00469141
123.673,6.52904,0.00473296
124.49,6.58883,0.0049749
125.306,6.65061,0.00596179
126.122,6.69234,0.00499413
126.939,6.75535,0.00506621
127.755,6.80783,0.00520918
128.571,6.86154,0.00537952
129.388,6.94369,0.0229219
130.204,6.96882,0.00545131
131.02,7.0179,0.00554636
131.837,7.08125,0.00510167
132.653,7.12532,0.0052995
133.469,7.19088,0.00593254
134.286,7.24301,0.00543027
135.102,7.29841,0.00828129
135.918,7.3666,0.00732205
136.735,7.41993,0.0059119
137.551,7.47347,0.00576929
138.367,7.53079,0.00562122
139.184,7.58795,0.00657209
140.0,7.64209,0.00545125
140.816,7.69571,0.00623656
141.633,7.75553,0.00606507
142.449,7.80246,0.0063256
143.265,7.86244,0.00584753
144.082,7.92348,0.00566004
144.898,7.97186,0.00605814
145.714,8.05321,0.00593495
146.531,8.10239,0.00657248
147.347,8.15471,0.00662067
148.163,8.2169,0.00663238
148.98,8.26383,0.00873665
149.796,8.32144,0.00613627
150.612,8.37477,0.00661605
151.429,8.44771,0.00738113
152.245,8.49348,0.00690843
153.061,8.57361,0.00817765
153.878,8.61873,0.00674759
154.694,8.67557,0.00692537
155.51,8.73,0.00672628
156.327,8.78428,0.00642517
157.143,8.86293,0.00741644
157.959,8.90087,0.00747046
158.776,8.96904,0.00773825
159.592,9.01693,0.00695161
160.408,9.08519,0.00715497
161.224,9.13366,0.00683455
162.041,9.19199,0.00712588
162.857,9.24416,0.00847043
163.673,9.31066,0.00742647
164.49,9.35367,0.00695589
165.306,9.42207,0.00760994
166.122,9.48731,0.00951164
166.939,9.5367,0.00722525
167.755,9.59434,0.00751532
168.571,9.6534,0.0073199
169.388,9.71966,0.00789643
170.204,9.76116,0.00707505
171.02,9.8383,0.00886075
171.837,9.90499,0.00846849
172.653,9.94489,0.00756407
173.469,10.0312,0.0110566
174.286,10.0623,0.0072844
175.102,10.1401,0.0081237
175.918,10.1973,0.00871108
176.735,10.2613,0.00787118
177.551,10.3052,0.00791
178.367,10.3542,0.00761397
179.184,10.4201,0.00808532
180.0,10.4724,0.0082058
180.816,10.5295,0.0078023
181.633,10.605,0.00844424
182.449,10.6514,0.0078416
183.265,10.7253,0.00816013
184.082,10.7634,0.00816225
184.898,10.8481,0.00859706
185.714,10.9101,0.00883958
186.531,10.9746,0.0110172
187.347,11.0227,0.00918537
188.163,11.0838,0.00857891
188.98,11.1452,0.00888377
189.796,11.1983,0.00964536
190.612,11.2819,0.00998899
191.429,11.3196,0.00851324
192.245,11.3889,0.00942413
193.061,11.4442,0.00849981
193.878,11.5244,0.0104258
194.694,11.5502,0.00866846
195.51,11.6229,0.00970296
196.327,11.6813,0.0091768
197.143,11.7498,0.00965853
197.959,11.8084,0.00856296
198.776,11.8702,0.00937315
199.592,11.9227,0.00877521
200.408,11.9827,0.0089149
201.224,12.0542,0.0101808
202.041,12.1089,0.0102233
202.857,12.172,0.0103022
203.673,12.2364,0.00997323
204.49,12.2972,0.00962448
205.306,12.3787,0.011997
206.122,12.4167,0.00913935
206.939,12.4822,0.00997025
207.755,12.5321,0.00962
208.571,12.6002,0.0106427
209.388,12.6575,0.0102548
210.204,12.7136,0.00985541
211.02,12.7876,0.0101527
211.837,12.8239,0.00961282
212.653,12.9223,0.0111859
213.469,12.9769,0.0105202
214.286,13.0415,0.0108323
215.102,13.0594,0.00992886
215.918,13.1378,0.00981517
216.735,13.2111,0.010564
217.551,13.2657,0.00999689
218.367,13.3392,0.0146888
219.184,13.4052,0.0111939
220.0,13.4626,0.0124084
221.633,13.579,0.0105358
223.265,13.7165,0.0120622
224.898,13.849,0.0172061
226.531,13.9552,0.0115751
228.163,14.0924,0.0113666
229.796,14.204,0.0121065
231.429,14.3407,0.0131499
233.061,14.4759,0.0114227
234.694,14.5941,0.0141614
236.327,14.6987,0.0117914
237.959,14.8354,0.0120945
239.592,14.97,0.0124187
241.224,15.0762,0.0137439
242.857,15.2122,0.0142402
244.49,15.3581,0.0140757
246.122,15.4812,0.0141365
247.755,15.5926,0.0123239
249.388,15.7156,0.0119949
251.02,15.8415,0.0126364
252.653,16.0028,0.0161099
254.286,16.1076,0.0132676
255.918,16.241,0.0141938
257.551,16.3603,0.0145193
259.184,16.4964,0.01311
260.816,16.6111,0.0141346
262.449,16.7564,0.013199
264.082,16.8887,0.0169321
265.714,17.0172,0.0160702
267.347,17.1242,0.0161598
268.98,17.2715,0.0148209
270.612,17.3549,0.0140262
272.245,17.5422,0.0172116
273.878,17.6385,0.0147275
275.51,17.7503,0.0169871
277.143,17.9107,0.015622
278.776,18.0674,0.0245231
280.408,18.186,0.0168281
282.041,18.293,0.0192427
283.673,18.4136,0.0141131
285.306,18.5592,0.0144508
286.939,18.7078,0.01642
288.571,18.8581,0.0204363
290.204,18.931,0.0155365
291.837,19.0698,0.0159651
293.469,19.1832,0.0148651
295.102,19.3722,0.0161405
296.735,19.479,0.0167039
298.367,19.6066,0.0167021
300.0,19.7179,0.0165076
301.633,19.8578,0.0160619
303.265,20.0077,0.0185559
304.898,20.1308,0.0162242
306.531,20.247,0.0171559
308.163,20.4026,0.0170254
309.796,20.5684,0.0191674
311.429,20.6923,0.0198189
313.061,20.8329,0.0426522
314.694,20.9364,0.0178519
316.327,21.074,0.0174045
317.959,21.191,0.0179592
319.592,21.3475,0.0173628
321.224,21.4623,0.0187481
322.857,21.5904,0.0264005
324.49,21.7081,0.0183482
326.122,21.8358,0.0178658
327.755,21.9603,0.0197428
329.388,22.105,0.0177736
331.02,22.2714,0.0229556
332.653,22.3823,0.0176164
334.286,22.5306,0.0192306
335.918,22.6307,0.0188013
337.551,22.7818,0.0193111
339.184,22.9252,0.0183472
340.816,23.0741,0.019488
342.449,23.1897,0.0195324
344.082,23.2951,0.0181439
345.714,23.4583,0.0189997
347.347,23.6233,0.0196623
348.98,23.7325,0.0190304
350.612,23.878,0.0201778
352.245,24.0143,0.0191727
353.878,24.1367,0.0201933
355.51,24.2837,0.0211701
357.143,24.3784,0.0198005
358.776,24.547,0.0200955
360.408,24.662,0.0216907
362.041,24.8131,0.0196341
363.673,24.9307,0.021181
365.306,25.1015,0.0203458
366.939,25.2555,0.0222849
368.571,25.3766,0.0205637
370.204,25.4757,0.0341581
371.837,25.6301,0.0235159
373.469,25.777,0.0280946
375.102,25.9004,0.0247863
376.735,26.0334,0.0203781
378.367,26.1713,0.0216151
380.0,26.3465,0.0260248
382.449,26.5218,0.0242969
384.898,26.7173,0.0226185
387.347,26.9295,0.0252289
389.796,27.1456,0.0231662
392.245,27.3513,0.0228169
394.694,27.5381,0.0213464
397.143,27.7523,0.026049
399.592,28.0201,0.0237522
402.041,28.2571,0.0302008
404.49,28.4329,0.0242235
406.939,28.5962,0.0255992
409.388,28.8294,0.0244361
411.837,29.0334,0.0251779
414.286,29.2343,0.0276701
416.735,29.4149,0.0251283
419.184,29.6868,0.0271131
421.633,29.875,0.0282947
424.082,30.1403,0.0595297
426.531,30.3345,0.0314955
428.98,30.4368,0.0234314
431.429,30.6978,0.0264183
433.878,30.9007,0.0253772
436.327,31.1421,0.0282618
438.776,31.3241,0.0380235
441.224,31.5468,0.0269371
443.673,31.7744,0.0300346
446.122,31.9368,0.0275281
448.571,32.147,0.0269955
451.02,32.4027,0.0274709
453.469,32.6052,0.0292038
455.918,32.8159,0.0338875
458.367,32.9979,0.0265992
460.816,33.2611,0.0342186
463.265,33.4712,0.0292353
465.714,33.6682,0.0286484
468.163,33.889,0.0323957
470.612,34.1073,0.0360172
473.061,34.3148,0.0298911
475.51,34.524,0.0312273
477.959,34.7141,0.0301599
480.408,34.9869,0.0315463
482.857,35.1654,0.039386
485.306,35.3651,0.0297979
487.755,35.5791,0.0287849
490.204,35.82,0.031657
492.653,36.0045,0.030331
495.102,36.2226,0.0307684
497.551,36.4802,0.0502675
500.0,36.6954,0.0343858
502.449,36.8966,0.0356202
504.898,37.0544,0.0302862
507.347,37.2983,0.0329461
509.796,37.4975,0.0344547
512.245,37.7625,0.0329641
514.694,37.9689,0.0394148
517.143,38.1245,0.0311153
519.592,38.3703,0.0346683
522.041,38.6768,0.0393702
524.49,38.8271,0.0331307
526.939,39.0679,0.0348067
529.388,39.2244,0.0323335
531.837,39.518,0.0342255
534.286,39.7473,0.0380229
536.735,39.9087,0.0354565
539.184,40.1324,0.0319428
541.633,40.4233,0.0359586
544.082,40.5931,0.0356878
546.531,40.8502,0.0418637
548.98,41.0425,0.0376867
551.429,41.2172,0.035474
553.878,41.498,0.0368775
556.327,41.7319,0.0526126
558.776,41.9307,0.0359128
561.224,42.1015,0.0373289
563.673,42.3438,0.0353721
566.122,42.5844,0.0378492
568.571,42.752,0.0415366
571.02,43.0102,0.0364397
573.469,43.2022,0.0443575
575.918,43.4118,0.0379102
578.367,43.654,0.036055
580.816,43.918,0.0390029
583.265,44.1202,0.0412636
585.714,44.3457,0.0410886
588.163,44.5994,0.0373655
590.612,44.7836,0.0448906
593.061,44.9624,0.0365851
595.51,45.2767,0.0465842
597.959,45.3804,0.0381428
600.408,45.8551,0.136123
602.857,45.9327,0.0443412
605.306,46.0875,0.0374764
607.755,46.3871,0.0390393
610.204,46.5654,0.0388565
612.653,46.9157,0.0442004
615.102,47.0356,0.0465669
617.551,47.2715,0.0409271
620.0,47.4373,0.0450765
622.449,47.6865,0.039103
624.898,47.8518,0.0395143
627.347,48.1473,0.0494795
629.796,48.5114,0.199646
632.245,48.6235,0.050063
634.694,48.8646,0.0562811
637.143,49.0748,0.0481362
639.592,49.2295,0.0452489
642.041,49.4,0.0494349
644.49,49.7389,0.0443433
646.939,49.9881,0.0505058
649.388,50.1555,0.0420021
651.837,50.4257,0.0568021
654.286,50.5845,0.0439863
656.735,50.9106,0.0479433
659.184,50.9949,0.0522902
661.633,51.2455,0.0554543
664.082,51.4405,0.0496482
666.531,51.7816,0.0514816
668.98,52.0502,0.0454145
671.429,52.3084,0.0473049
673.878,52.4044,0.046677
676.327,52.7535,0.144651
678.776,52.8363,0.0444398
681.224,53.2049,0.0506924
683.673,53.3131,0.0455357
686.122,53.5203,0.0456131
688.571,53.8444,0.0483257
691.02,53.9496,0.049835
693.469,54.3019,0.0522437
695.918,54.4156,0.0505915
698.367,54.6727,0.047155
700.816,54.9287,0.051631
703.265,55.1619,0.050981
705.714,55.452,0.0513626
708.163,55.5666,0.0479675
710.612,55.871,0.0561457
713.061,56.0727,0.0499027
715.51,56.3306,0.0489526
717.959,56.5185,0.0503831
720.408,56.8219,0.0544884
722.857,56.9795,0.0583191
725.306,57.2412,0.053764
727.755,57.3897,0.0497913
730.204,57.7585,0.0782131
732.653,57.9382,0.0490881
735.102,58.2865,0.0973511
737.551,58.3508,0.0500961
740.0,58.6032,0.0508065
743.265,58.9372,0.0493282
746.531,59.2889,0.0582583
749.796,59.5321,0.0526983
753.061,59.8999,0.0593291
756.327,60.1009,0.0494899
759.592,60.5057,0.0659989
762.857,60.7424,0.0518207
766.122,61.082,0.0549808
769.388,61.3429,0.066202
772.653,61.6586,0.0562046
775.918,61.9952,0.0550784
779.184,62.2428,0.0533727
782.449,62.6954,0.0587062
785.714,62.9054,0.0520671
788.98,63.1813,0.0536121
792.245,63.4753,0.055446
795.51,63.9995,0.0983939
798.776,64.1519,0.0573346
802.041,64.4046,0.0537247
805.306,64.7427,0.0556029
808.571,65.0961,0.0608771
811.837,65.5413,0.0633336
815.102,65.6787,0.0571791
818.367,65.9831,0.0557402
821.633,66.3239,0.0566599
824.898,66.6098,0.058377
828.163,66.9806,0.061469
831.429,67.2922,0.0606154
834.694,67.6375,0.0638842
837.959,67.9527,0.0736597
841.224,68.3349,0.091779
844.49,68.5057,0.0656374
847.755,68.8145,0.0700401
851.02,69.1963,0.059698
854.286,69.5629,0.0601308
857.551,69.7687,0.0628153
860.816,70.1191,0.0643167
864.082,70.4482,0.0597335
867.347,70.6499,0.0592894
870.612,71.1289,0.0747854
873.878,71.2748,0.0633273
877.143,71.6813,0.0664702
880.408,71.8716,0.0603345
883.673,72.2002,0.0633367
886.939,72.4094,0.0595396
890.204,72.8204,0.0626573
893.469,73.2912,0.0755514
896.735,73.6245,0.0856533
900.0,73.8145,0.0629154
903.265,74.26,0.0684584
906.531,74.4325,0.0632836
909.796,74.7283,0.0628526
913.061,75.1717,0.0796061
916.327,75.5094,0.0747972
919.592,75.7823,0.0690422
922.857,76.1551,0.0734842
926.122,76.499,0.0748185
929.388,76.7492,0.0715735
932.653,77.0746,0.0720286
935.918,77.3537,0.069399
939.184,77.7091,0.0818638
942.449,77.936,0.0670749
945.714,78.383,0.0778002
948.98,78.7425,0.0736946
952.245,79.1041,0.076453
955.51,79.2556,0.0724558
958.776,79.5881,0.0717369
962.041,79.9588,0.0760765
965.306,80.1712,0.0684965
968.571,80.6675,0.0769385
971.837,80.9421,0.073678
975.102,81.1185,0.0721595
978.367,81.9268,0.407995
981.633,81.8643,0.0777687
984.898,82.0927,0.0748502
988.163,82.541,0.0786221
991.429,82.8545,0.0827584
994.694,83.3271,0.0777718
997.959,83.5481,0.0756611
1001.22,83.9382,0.0791418
1004.49,84.2055,0.0922523
1007.76,84.3511,0.0752216
1011.02,84.7385,0.0785307
1014.29,85.0508,0.0721398
1017.55,85.4764,0.0850337
1020.82,85.7948,0.0767463
1024.08,86.1318,0.0741684
1027.35,86.3311,0.0720725
1030.61,86.5882,0.086661
1033.88,86.922,0.072954
1037.14,87.2633,0.0745759
1040.41,87.546,0.0801844
1043.67,87.9041,0.0816449
1046.94,88.4186,0.0931447
1050.2,88.7504,0.0792166
1053.47,88.8489,0.0786603
1056.73,89.2814,0.0853146
1060.0,89.5832,0.0791535
1064.9,90.0076,0.0862003
1069.8,90.5806,0.0844197
1074.69,90.9478,0.0814018
1079.59,91.4897,0.0984152
1084.49,92.2423,0.0880248
1089.39,92.5701,0.0857564
1094.29,93.1296,0.0815298
1099.18,93.4902,0.0967633
1104.08,93.9911,0.101521
1108.98,94.5136,0.104152
1113.88,95.241,0.0921437
1118.78,95.2823,0.083009
1123.67,95.9968,0.121505
1128.57,96.511,0.0898303
1133.47,97.09,0.0928165
1138.37,97.4123,0.0908487
1143.27,98.0504,0.0937968
1148.16,98.4121,0.0856942
1153.06,98.9649,0.0888196
1157.96,99.2519,0.0893292
1162.86,99.8901,0.099338
1167.76,100.59,0.113661
1172.65,100.988,0.10945
1177.55,101.432,0.0965294
1182.45,102.053,0.135631
1187.35,102.354,0.0942839
1192.24,103.125,0.156697
1197.14,103.254,0.0907058
1202.04,103.947,0.102666
1206.94,104.389,0.102522
1211.84,104.808,0.0907067
1216.73,105.408,0.118244
1221.63,105.87,0.0944054
1226.53,106.372,0.103148
1231.43,106.953,0.103724
1236.33,107.438,0.102551
1241.22,108.033,0.117386
1246.12,108.302,0.0985851
1251.02,108.91,0.136081
1255.92,109.225,0.0952811
1260.82,109.811,0.103856
1265.71,110.3,0.0958865
1270.61,110.996,0.117738
1275.51,111.34,0.109777
1280.41,111.906,0.0976061
1285.31,112.244,0.103342
1290.2,112.868,0.108038
1295.1,113.414,0.111266
1300.0,113.765,0.111711
1304.9,114.466,0.115027
1309.8,114.75,0.104251
1314.69,115.367,0.113505
1319.59,115.932,0.106137
1324.49,116.223,0.116978
1329.39,116.978,0.131817
1334.29,117.398,0.109192
1339.18,118.419,0.554992
1344.08,118.581,0.11396
1348.98,119.03,0.108668
1353.88,119.387,0.114821
1358.78,119.8,0.107444
1363.67,120.634,0.208763
1368.57,120.95,0.125849
1373.47,121.164,0.126216
1378.37,121.932,0.126146
1383.27,122.358,0.110403
1388.16,122.933,0.118407
1393.06,123.458,0.125682
1397.96,124.17,0.127328
1402.86,124.501,0.116763
1407.76,125.112,0.129015
1412.65,125.37,0.110399
1417.55,125.944,0.11421
1422.45,126.523,0.11731
1427.35,126.855,0.111287
1432.24,127.45,0.109604
1437.14,128.15,0.235071
1442.04,128.677,0.135112
1446.94,129.251,0.171251
1451.84,129.627,0.141827
1456.73,130.035,0.116888
1461.63,130.899,0.147748
1466.53,130.873,0.119425
1471.43,131.436,0.114116
1476.33,132.226,0.122351
1481.22,132.889,0.122601
1486.12,133.032,0.122379
1491.02,133.45,0.125748
1495.92,134.038,0.126501
1500.82,134.854,0.136657
1505.71,135.398,0.150698
1510.61,135.81,0.157772
1515.51,136.099,0.115979
1520.41,136.463,0.121157
1525.31,137.175,0.124404
1530.2,137.654,0.135532
1535.1,138.283,0.150169
1540.0,138.882,0.148179
1547.35,139.66,0.13458
1554.69,140.475,0.149573
1562.04,141.456,0.145999
1569.39,142.147,0.161755
1576.73,142.53,0.130762
1584.08,143.346,0.129592
1591.43,144.086,0.13704
1598.78,145.112,0.138409
1606.12,145.909,0.137819
1613.47,146.66,0.188956
1620.82,147.301,0.204301
1628.16,148.112,0.142778
1635.51,148.853,0.134462
1642.86,149.667,0.145459
1650.2,150.579,0.166681
1657.55,151.183,0.14237
1664.9,151.938,0.139668
1672.24,152.755,0.168257
1679.59,153.458,0.147299
1686.94,154.618,0.170175
1694.29,155.114,0.145033
1701.63,156.036,0.153053
1708.98,156.917,0.17247
1716.33,157.562,0.143746
1723.67,158.054,0.140956
1731.02,159.194,0.15147
1738.37,160.124,0.180097
1745.71,160.951,0.215216
1753.06,161.446,0.140972
1760.41,162.055,0.152784
1767.76,162.756,0.139178
1775.1,164.009,0.153627
1782.45,164.31,0.147813
1789.8,165.397,0.169698
1797.14,166.123,0.173028
1804.49,166.725,0.160741
1811.84,167.936,0.1802
1819.18,168.528,0.161903
1826.53,169.114,0.155135
1833.88,170.398,0.173561
1841.22,171.025,0.168947
1848.57,172.075,0.17326
1855.92,172.283,0.160818
1863.27,173.314,0.174466
1870.61,174.291,0.187187
1877.96,174.651,0.156862
1885.31,175.583,0.174255
1892.65,176.427,0.170832
1900.0,177.082,0.170455
1907.35,178.185,0.17503
1914.69,178.758,0.161182
1922.04,179.509,0.162649
1929.39,180.413,0.198833
1936.73,180.863,0.162496
1944.08,182.096,0.196883
1951.43,182.728,0.183895
1958.78,183.922,0.207373
1966.12,184.395,0.172763
1973.47,185.317,0.185197
1980.82,185.801,0.196321
1988.16,187.017,0.213424
1995.51,187.874,0.243614
2002.86,188.262,0.179564
2010.2,188.954,0.176748
2017.55,189.872,0.182064
2024.9,191.04,0.187181
2032.24,191.85,0.239669
2039.59,192.411,0.176148
2046.94,193.078,0.188453
2054.29,194.197,0.194292
2061.63,194.825,0.185393
2068.98,195.526,0.185954
2076.33,196.371,0.183166
2083.67,197.376,0.178537
2091.02,198.281,0.211561
2098.37,199.01,0.184777
2105.71,199.607,0.191412
2113.06,200.42,0.192193
2120.41,201.534,0.191366
2127.76,202.268,0.213293
2135.1,202.957,0.207035
2142.45,204.004,0.244064
2149.8,204.581,0.203572
2157.14,205.068,0.188103
2164.49,206.487,0.241009
2171.84,206.907,0.191117
2179.18,207.602,0.201765
2186.53,208.557,0.211432
2193.88,209.382,0.197421
2201.22,210.282,0.238691
2208.57,210.674,0.194207
2215.92,211.852,0.19499
2223.27,212.5,0.205268
2230.61,213.11,0.205052
2237.96,214.026,0.218995
2245.31,215.325,0.208936
2252.65,215.865,0.205229
2260.0,216.941,0.231416
2271.02,218.02,0.207122
2282.04,219.077,0.221199
2293.06,220.004,0.198596
2304.08,222.06,0.278025
2315.1,222.727,0.2036
2326.12,223.974,0.21195
2337.14,225.237,0.212016
2348.16,226.827,0.226577
2359.18,227.757,0.220247
2370.2,228.67,0.221932
2381.22,230.139,0.225024
2392.24,231.12,0.215086
2403.27,232.633,0.226537
2414.29,233.809,0.273438
2425.31,235.448,0.491886
2436.33,235.761,0.217189
2447.35,237.716,0.228088
2458.37,239.272,0.330202
2469.39,239.762,0.219034
2480.41,241.302,0.224895
2491.43,242.652,0.252702
2502.45,243.683,0.230921
2513.47,244.92,0.25996
2524.49,246.947,0.553448
2535.51,247.278,0.23303
2546.53,248.4,0.23525
2557.55,249.831,0.240489
2568.57,251.181,0.242959
2579.59,252.57,0.276443
2590.61,253.233,0.218118
2601.63,254.799,0.239327
2612.65,255.846,0.236773
2623.67,257.693,0.296695
2634.69,258.833,0.262695
2645.71,259.732,0.239784
2656.73,261.245,0.258761
2667.76,262.983,0.274742
2678.78,263.5,0.297251
2689.8,264.818,0.251082
2700.82,266.24,0.249047
2711.84,267.468,0.311774
2722.86,269.488,0.321394
2733.88,270.615,0.36454
2744.9,271.113,0.264701
2755.92,272.139,0.256843
2766.94,273.888,0.453664
2777.96,275.023,0.28286
2788.98,275.772,0.256451
2800.0,278.356,0.600738
2814.29,279.281,0.292988
2828.57,280.808,0.266765
2842.86,282.593,0.282526
2857.14,283.861,0.353703
2871.43,285.882,0.321059
2885.71,287.272,0.266222
2900.0,289.028,0.278404
2914.29,290.108,0.264757
2928.57,292.069,0.275687
2942.86,294.339,0.736028
2957.14,295.304,0.302452
2971.43,297.54,0.284282
2985.71,299.491,0.323203
3000.0,299.99,0.292292
3014.29,301.954,0.286953
3028.57,303.67,0.280918
3042.86,305.161,0.289689
3057.14,307.069,0.34201
3071.43,308.362,0.303583
3085.71,310.441,0.346746
3100.0,312.086,0.65994
3114.29,313.253,0.301785
3128.57,315.086,0.384169
3142.86,317.492,0.343521
3157.14,319.213,0.343182
3171.43,319.731,0.308424
3185.71,321.241,0.305682
3200.0,323.222,0.325831
3214.29,325.238,0.377192
3228.57,326.576,0.38527
3242.86,328.22,0.336321
3257.14,330.605,0.603808
3271.43,331.826,0.316735
3285.71,333.818,0.3447
3300.0,334.861,0.314911
3314.29,336.391,0.314293
3328.57,338.58,0.312058
3342.86,339.726,0.322844
3357.14,342.118,0.368987
3371.43,343.636,0.331597
3385.71,345.442,0.345459
3400.0,346.166,0.319079
3414.29,348.68,0.344879
3428.57,349.529,0.346591
3442.86,351.269,0.324681
3457.14,353.347,0.346344
3471.43,355.287,0.345464
3485.71,356.494,0.339094
3500.0,358.137,0.358009
3520.41,360.473,0.367498
3540.82,363.474,0.429348
3561.22,365.645,0.356304
3581.63,368.55,0.443146
3602.04,370.471,0.374794
3622.45,372.816,0.375212
3642.86,375.327,0.456832
3663.27,377.948,0.384505
3683.67,380.976,0.396291
3704.08,382.565,0.433764
3724.49,384.428,0.406939
3744.9,387.35,0.3903
3765.31,389.77,0.380132
3785.71,392.08,0.386424
3806.12,395.164,0.43381
3826.53,396.933,0.441339
3846.94,399.766,0.413006
3867.35,402.675,0.403398
3887.76,404.078,0.369392
3908.16,406.965,0.403169
3928.57,409.083,0.480778
3948.98,411.339,0.459949
3969.39,414.346,0.48116
3989.8,416.07,0.40457
4010.2,418.32,0.3805
4030.61,421.873,0.453392
4051.02,424.355,0.461099
4071.43,426.486,0.427973
4091.84,428.497,0.42206
4112.24,430.449,0.399658
4132.65,432.741,0.423055
4153.06,436.076,0.441838
4173.47,438.377,0.462872
4193.88,441.651,0.568373
4214.29,443.564,0.431309
4234.69,446.004,0.658055
4255.1,448.752,0.41638
4275.51,451.45,0.502257
4295.92,453.809,0.47563
4316.33,455.573,0.454009
4336.73,458.126,0.456533
4357.14,460.798,0.445802
4377.55,462.783,0.441507
4397.96,465.438,0.45236
4418.37,468.485,0.485691
4438.78,469.645,0.544834
4459.18,472.751,0.467611
4479.59,475.494,0.564291
4500.0,477.8,0.498483
4530.61,481.542,0.523615
4561.22,485.406,0.491057
4591.84,489.112,0.893279
4622.45,493.216,0.644255
4653.06,496.601,0.482532
4683.67,500.681,0.482098
4714.29,504.608,0.533417
4744.9,507.883,0.539816
4775.51,510.739,0.501364
4806.12,514.44,0.497776
4836.73,519.091,0.551763
4867.35,523.465,0.679286
4897.96,526.774,0.675227
4928.57,530.117,0.658028
4959.18,532.634,0.551771
4989.8,537.932,0.608645
5020.41,541.745,0.559317
5051.02,544.944,0.56767
5081.63,549.153,0.536602
5112.24,551.992,0.613241
5142.86,556.323,0.590758
5173.47,559.979,0.547737
5204.08,564.536,0.568779
5234.69,567.068,0.610832
5265.31,570.885,0.713766
5295.92,575.482,0.583241
5326.53,578.914,0.577039
5357.14,582.408,0.592387
5387.76,586.036,0.553452
5418.37,591.02,0.575414
5448.98,593.114,0.583165
5479.59,600.385,0.731114
5510.2,602.109,0.921951
5540.82,605.618,0.612987
5571.43,610.085,0.755678
5602.04,613.431,0.766349
5632.65,616.853,0.620609
5663.27,621.457,0.644443
5693.88,625.213,0.637617
5724.49,628.988,0.641854
5755.1,631.895,0.685748
5785.71,636.249,0.68742
5816.33,640.068,0.736982
5846.94,643.869,0.668968
5877.55,648.336,1.05651
5908.16,650.947,0.622286
5938.78,655.811,0.682256
5969.39,658.186,0.645139
6000.0,661.349,0.657381
6040.82,668.664,0.868657
6081.63,673.05,0.663128
6122.45,679.986,0.93133
6163.27,683.541,0.800015
6204.08,687.643,0.7132
6244.9,693.428,0.736164
6285.71,699.702,0.772967
6326.53,704.025,0.733478
6367.35,708.637,0.722641
6408.16,715.026,0.788858
6448.98,719.28,0.792419
6489.8,724.638,0.707389
6530.61,730.05,0.730478
6571.43,736.215,0.818892
6612.24,740.638,0.730098
6653.06,745.23,0.776498
6693.88,749.689,0.783487
6734.69,755.266,0.785594
6775.51,760.4,0.802573
6816.33,766.343,0.82088
6857.14,771.55,0.842253
6897.96,777.396,1.05869
6938.78,781.477,0.805307
6979.59,787.656,0.983126
7020.41,792.737,0.901627
7061.22,797.71,0.841666
7102.04,801.153,0.756056
7142.86,808.343,0.882401
7183.67,814.304,1.08708
7224.49,819.413,0.878293
7265.31,823.012,0.835694
7306.12,830.886,1.09397
7346.94,834.962,1.08836
7387.76,838.971,0.949727
7428.57,843.837,0.893748
7469.39,849.936,0.895782
7510.2,856.388,0.946842
7551.02,861.166,1.18446
7591.84,865.286,0.952756
7632.65,871.298,0.984212
7673.47,875.042,0.865626
7714.29,881.912,0.90279
7755.1,887.255,0.993456
7795.92,892.719,0.976847
7836.73,895.627,0.847819
7877.55,901.548,0.923117
7918.37,908.312,1.01306
7959.18,913.564,1.16667
8000.0,917.414,0.950589
8040.82,926.463,1.62803
8081.63,930.348,1.01834
8122.45,937.218,1.905
8163.27,942.606,2.0507
8204.08,947.015,1.40095
8244.9,950.109,1.10636
8285.71,958.041,1.13792
8326.53,961.483,1.0166
8367.35,964.662,0.936325
8408.16,971.516,0.970764
8448.98,974.36,0.9712
8489.8,981.069,0.962779
8530.61,989.969,1.51968
8571.43,993.394,1.50523
8612.24,998.419,1.16213
8653.06,1003.29,1.01174
8693.88,1007.8,0.975908
8734.69,1015.36,1.6296
8775.51,1022.17,1.33632
8816.33,1024.04,1.20714
8857.14,1031.49,1.41454
8897.96,1034.1,1.01954
8938.78,1040.89,1.0596
8979.59,1049.03,1.73824
9020.41,1052.48,1.19318
9061.22,1056.08,1.10018
9102.04,1068.05,3.74378
9142.86,1069.37,1.18901
9183.67,1073.81,1.10912
9224.49,1077.72,1.07659
9265.31,1084.7,1.10894
9306.12,1089.44,1.13616
9346.94,1095.29,1.16207
9387.76,1100.23,1.25737
9428.57,1106.41,1.12509
9469.39,1110.61,1.14291
9510.2,1116.36,1.17941
9551.02,1121.29,1.26999
9591.84,1129.21,1.26523
9632.65,1133.56,1.82595
9673.47,1136.19,1.10907
9714.29,1145.51,1.15372
9755.1,1150.97,1.39321
9795.92,1156.27,1.27592
9836.73,1161.09,1.26003
9877.55,1165.23,1.18181
9918.37,1175.43,4.26213
9959.18,1177.31,1.19546
10000.0,1181.95,1.25754
