0.0,0.0,0.0
0.000204082,0.0,0.0
0.000408163,0.0,0.0
0.000612245,0.0,0.0
0.000816327,0.0,0.0
0.00102041,0.0,0.0
0.00122449,4.70555e-12,2.61214e-15
0.00142857,1.00471e-10,5.65006e-14
0.00163265,5.42186e-10,3.163e-13
0.00183673,1.69554e-09,1.03112e-12
0.00204082,3.97408e-09,2.5176e-12
0.0022449,7.76867e-09,5.12527e-12
0.00244898,1.34909e-08,9.24252e-12
0.00265306,2.14469e-08,1.52651e-11
0.00285714,3.19859e-08,2.35734e-11
0.00306122,4.5418e-08,3.46133e-11
0.00326531,6.18536e-08,4.87047e-11
0.00346939,8.16078e-08,6.63724e-11
0.00367347,1.0505e-07,8.79927e-11
0.00387755,1.32152e-07,1.13862e-10
0.00408163,1.63083e-07,1.44443e-10
0.00428571,1.98043e-07,1.79973e-10
0.0044898,2.37207e-07,2.21335e-10
0.00469388,2.80755e-07,2.68647e-10
0.00489796,3.2864e-07,3.21456e-10
0.00510204,3.81391e-07,3.81865e-10
0.00530612,4.37632e-07,4.48272e-10
0.0055102,4.99398e-07,5.20605e-10
0.00571429,5.66101e-07,6.03815e-10
0.00591837,6.38368e-07,6.9337e-10
0.00612245,7.14826e-07,7.91841e-10
0.00632653,7.97363e-07,9.00108e-10
0.00653061,8.80714e-07,1.01091e-09
0.00673469,9.72737e-07,1.13692e-09
0.00693878,1.06794e-06,1.26732e-09
0.00714286,1.17109e-06,1.4123e-09
0.00734694,1.27789e-06,1.56537e-09
0.00755102,1.39241e-06,1.73232e-09
0.0077551,1.51066e-06,1.90879e-09
0.00795918,1.6301e-06,2.09129e-09
0.00816327,1.75779e-06,2.28263e-09
0.00836735,1.89228e-06,2.48916e-09
0.00857143,2.03551e-06,2.7198e-09
0.00877551,2.181e-06,2.95226e-09
0.00897959,2.32896e-06,3.1871e-09
0.00918367,2.4813e-06,3.43932e-09
0.00938776,2.6422e-06,3.71425e-09
0.00959184,2.8119e-06,3.99397e-09
0.00979592,2.98726e-06,4.29276e-09
0.01,3.16504e-06,4.60146e-09
0.0118367,5.02712e-06,7.99178e-09
0.0136735,7.32803e-06,1.25551e-08
0.0155102,1.01283e-05,1.85161e-08
0.0173469,1.34349e-05,2.57355e-08
0.0191837,1.71163e-05,3.42442e-08
0.0210204,2.13402e-05,4.43871e-08
0.0228571,2.59433e-05,5.58129e-08
0.0246939,3.10831e-05,6.82249e-08
0.0265306,3.69274e-05,8.31289e-08
0.0283673,4.28403e-05,9.8636e-08
0.0302041,4.95958e-05,1.15776e-07
0.0320408,5.63537e-05,1.32134e-07
0.0338776,6.3773e-05,1.5056e-07
0.0357143,7.16631e-05,1.71782e-07
0.037551,8.00764e-05,1.92526e-07
0.0393878,8.84541e-05,2.10159e-07
0.0412245,9.7986e-05,2.34114e-07
0.0430612,0.000107165,2.52301e-07
0.044898,0.000117274,2.77443e-07
0.0467347,0.000128275,3.02049e-07
0.0485714,0.000138392,3.24681e-07
0.0504082,0.000149109,3.44995e-07
0.0522449,0.000161408,3.69903e-07
0.0540816,0.000173153,3.94025e-07
0.0559184,0.000185416,4.17643e-07
0.0577551,0.000197247,4.35319e-07
0.0595918,0.000210317,4.61823e-07
0.0614286,0.000225096,4.93503e-07
0.0632653,0.000238404,5.18358e-07
0.065102,0.000252462,5.38639e-07
0.0669388,0.000266751,5.67313e-07
0.0687755,0.00028118,5.9106e-07
0.0706122,0.00029536,6.14383e-07
0.072449,0.000311631,6.40372e-07
0.0742857,0.00032811,6.75218e-07
0.0761224,0.00034243,6.95635e-07
0.0779592,0.000359154,7.30752e-07
0.0797959,0.00037635,7.60066e-07
0.0816327,0.000393082,7.78797e-07
0.0834694,0.000408736,7.97836e-07
0.0853061,0.000428712,8.47483e-07
0.0871429,0.000446585,8.69291e-07
0.0889796,0.000463016,9.07318e-07
0.0908163,0.000480527,9.25919e-07
0.0926531,0.000499445,9.578e-07
0.0944898,0.000518255,9.94359e-07
0.0963265,0.000537948,1.03707e-06
0.0981633,0.000556524,1.05643e-06
0.1,0.000578865,1.09041e-06
0.102041,0.00059993,1.12953e-06
0.104082,0.000622293,1.14246e-06
0.106122,0.000643159,1.18921e-06
0.108163,0.000667207,1.23812e-06
0.110204,0.00068867,1.2533e-06
0.112245,0.000714003,1.30725e-06
0.114286,0.00074007,1.34405e-06
0.116327,0.000762715,1.38053e-06
0.118367,0.000786726,1.40504e-06
0.120408,0.000811145,1.44619e-06
0.122449,0.000836308,1.48754e-06
0.12449,0.000860812,1.5294e-06
0.126531,0.000889219,1.58006e-06
0.128571,0.000912506,1.58438e-06
0.130612,0.000939752,1.63882e-06
0.132653,0.000962559,1.66999e-06
0.134694,0.000991535,1.72599e-06
0.136735,0.00101881,1.75828e-06
0.138776,0.0010485,1.78067e-06
0.140816,0.00107429,1.85815e-06
0.142857,0.00110171,1.90659e-06
0.144898,0.00112761,1.89203e-06
0.146939,0.00115674,1.96836e-06
0.14898,0.0011842,2.00847e-06
0.15102,0.00121961,2.10062e-06
0.153061,0.00124121,2.07067e-06
0.155102,0.00127329,2.17625e-06
0.157143,0.00129917,2.14385e-06
0.159184,0.00132595,2.20785e-06
0.161224,0.00135879,2.23191e-06
0.163265,0.00139182,2.34838e-06
0.165306,0.00141197,2.29266e-06
0.167347,0.00145304,2.39718e-06
0.169388,0.00148023,2.41049e-06
0.171429,0.00151022,2.5244e-06
0.173469,0.00154475,2.53151e-06
0.17551,0.00157779,2.58149e-06
0.177551,0.00161071,2.6527e-06
0.179592,0.00163312,2.61731e-06
0.181633,0.00166388,2.71482e-06
0.183673,0.00170114,2.70968e-06
0.185714,0.00173468,2.79256e-06
0.187755,0.00176729,2.8339e-06
0.189796,0.00180253,2.92472e-06
0.191837,0.00183302,2.91634e-06
0.193878,0.00186344,2.94864e-06
0.195918,0.00190034,3.07175e-06
0.197959,0.00193764,3.15341e-06
0.2,0.00195838,3.0723e-06
0.202041,0.00199696,3.14986e-06
0.204082,0.00203264,3.21331e-06
0.206122,0.00207011,3.29358e-06
0.208163,0.00210219,3.30478e-06
0.210204,0.00213382,3.32737e-06
0.212245,0.00217513,3.46549e-06
0.214286,0.00220842,3.50787e-06
0.216327,0.0022422,3.50199e-06
0.218367,0.00228059,3.56122e-06
0.220408,0.00230801,3.57204e-06
0.222449,0.00234109,3.5981e-06
0.22449,0.00237811,3.70306e-06
0.226531,0.00241457,3.76364e-06
0.228571,0.00245176,3.74387e-06
0.230612,0.00248938,3.89028e-06
0.232653,0.00252727,3.85555e-06
0.234694,0.00256102,4.01059e-06
0.236735,0.00259286,3.91638e-06
0.238776,0.00263077,4.03799e-06
0.240816,0.00267509,4.1907e-06
0.242857,0.00270951,4.20895e-06
0.244898,0.00274889,4.21431e-06
0.246939,0.00278553,4.30587e-06
0.24898,0.0028303,4.34606e-06
0.25102,0.00286306,4.36958e-06
0.253061,0.0028985,4.41517e-06
0.255102,0.00293448,4.45259e-06
0.257143,0.00296754,4.48628e-06
0.259184,0.00301568,4.56794e-06
0.261224,0.00305413,4.59237e-06
0.263265,0.0030885,4.68112e-06
0.265306,0.00312471,4.64905e-06
0.267347,0.00316657,4.76717e-06
0.269388,0.00320088,4.82779e-06
0.271429,0.00325152,4.92621e-06
0.273469,0.00328159,4.93929e-06
0.27551,0.00332241,4.95804e-06
0.277551,0.00337365,5.26101e-06
0.279592,0.00340005,5.09368e-06
0.281633,0.00345264,5.16653e-06
0.283673,0.00347931,5.25388e-06
0.285714,0.00352864,5.27714e-06
0.287755,0.00356577,5.28908e-06
0.289796,0.00360684,5.47377e-06
0.291837,0.00364375,5.46936e-06
0.293878,0.00367773,5.32803e-06
0.295918,0.00372628,5.58222e-06
0.297959,0.00377876,5.67549e-06
0.3,0.00382112,5.72863e-06
0.302041,0.00384705,5.60054e-06
0.304082,0.00389716,5.89783e-06
0.306122,0.00393693,5.94148e-06
0.308163,0.00397767,5.80054e-06
0.310204,0.00401843,5.87389e-06
0.312245,0.00406602,5.91331e-06
0.314286,0.00409112,5.93438e-06
0.316327,0.0041501,6.18667e-06
0.318367,0.00417869,5.97794e-06
0.320408,0.00422953,6.17322e-06
0.322449,0.00427491,6.28327e-06
0.32449,0.00430723,6.30367e-06
0.326531,0.00435294,6.30869e-06
0.328571,0.00441031,6.48493e-06
0.330612,0.00444356,6.50268e-06
0.332653,0.00449652,6.54752e-06
0.334694,0.00453128,6.55422e-06
0.336735,0.00457153,6.62578e-06
0.338776,0.00462681,6.84439e-06
0.340816,0.00465112,6.78199e-06
0.342857,0.00469543,6.73978e-06
0.344898,0.00475847,6.85854e-06
0.346939,0.00479166,6.89864e-06
0.34898,0.00483535,6.85722e-06
0.35102,0.00486421,6.88363e-06
0.353061,0.00492728,7.11478e-06
0.355102,0.00496232,7.12979e-06
0.357143,0.00502763,7.52731e-06
0.359184,0.00506883,7.45173e-06
0.361224,0.00510294,7.36584e-06
0.363265,0.00514007,7.54069e-06
0.365306,0.0051888,7.49475e-06
0.367347,0.00523415,7.40468e-06
0.369388,0.00529369,7.7333e-06
0.371429,0.00533869,7.67932e-06
0.373469,0.00539011,7.83042e-06
0.37551,0.0054228,7.82989e-06
0.377551,0.0054678,7.87637e-06
0.379592,0.00552512,8.00648e-06
0.381633,0.00556972,7.93822e-06
0.383673,0.00560662,8.12275e-06
0.385714,0.00565133,7.90392e-06
0.387755,0.00567755,7.87815e-06
0.389796,0.00575844,8.35709e-06
0.391837,0.00579198,8.42894e-06
0.393878,0.00584078,8.44883e-06
0.395918,0.00589098,8.57354e-06
0.397959,0.00592732,8.389e-06
0.4,0.00600525,8.6641e-06
0.402041,0.00602175,8.38746e-06
0.404082,0.00608667,8.64358e-06
0.406122,0.00610996,8.72022e-06
0.408163,0.00616568,8.9726e-06
0.410204,0.00622849,8.99478e-06
0.412245,0.00625908,8.72986e-06
0.414286,0.00630944,9.03243e-06
0.416327,0.0063601,9.05567e-06
0.418367,0.00640588,8.96902e-06
0.420408,0.00645396,9.2062e-06
0.422449,0.00651228,9.26128e-06
0.42449,0.0065393,9.23447e-06
0.426531,0.00659399,9.22416e-06
0.428571,0.00663341,9.33435e-06
0.430612,0.00669427,9.26835e-06
0.432653,0.00673169,9.54995e-06
0.434694,0.00676679,9.36252e-06
0.436735,0.00684114,9.59211e-06
0.438776,0.00689212,9.88582e-06
0.440816,0.00694194,9.71274e-06
0.442857,0.0070055,1.01213e-05
0.444898,0.0070383,9.89956e-06
0.446939,0.00709918,1.00289e-05
0.44898,0.00713234,1.00039e-05
0.45102,0.00718269,1.02966e-05
0.453061,0.0072215,9.94606e-06
0.455102,0.00728543,1.02758e-05
0.457143,0.00735826,1.04499e-05
0.459184,0.0073792,1.05478e-05
0.461224,0.00742455,1.0452e-05
0.463265,0.00748995,1.04816e-05
0.465306,0.00752698,1.04538e-05
0.467347,0.00756011,1.04866e-05
0.469388,0.00761439,1.04201e-05
0.471429,0.0076822,1.05471e-05
0.473469,0.00772758,1.10737e-05
0.47551,0.0077777,1.09348e-05
0.477551,0.00782147,1.09067e-05
0.479592,0.00787754,1.11635e-05
0.481633,0.0079303,1.09647e-05
0.483673,0.00799992,1.10521e-05
0.485714,0.00804361,1.11956e-05
0.487755,0.00807327,1.10564e-05
0.489796,0.00814704,1.14902e-05
0.491837,0.00816125,1.14708e-05
0.493878,0.00824,1.16295e-05
0.495918,0.00830256,1.16057e-05
0.497959,0.00834682,1.1789e-05
0.5,0.00840306,1.16961e-05
0.502041,0.0084437,1.16918e-05
0.504082,0.00848075,1.16583e-05
0.506122,0.00855631,1.18687e-05
0.508163,0.0085825,1.19216e-05
0.510204,0.00863158,1.19797e-05
0.512245,0.0087144,1.21365e-05
0.514286,0.00876918,1.20804e-05
0.516327,0.00878168,1.20038e-05
0.518367,0.00885981,1.22307e-05
0.520408,0.00889412,1.21689e-05
0.522449,0.00896068,1.2656e-05
0.52449,0.00897692,1.20341e-05
0.526531,0.00907786,1.25207e-05
0.528571,0.00908757,1.23817e-05
0.530612,0.00915923,1.25639e-05
0.532653,0.00921987,1.27488e-05
0.534694,0.0092562,1.30225e-05
0.536735,0.00932202,1.27436e-05
0.538776,0.00938466,1.3024e-05
0.540816,0.00943243,1.29053e-05
0.542857,0.0094739,1.31162e-05
0.544898,0.00951835,1.29146e-05
0.546939,0.00958883,1.3089e-05
0.54898,0.00963419,1.32156e-05
0.55102,0.00971327,1.34955e-05
0.553061,0.00973703,1.32573e-05
0.555102,0.00978884,1.33357e-05
0.557143,0.00985685,1.32827e-05
0.559184,0.00992929,1.34826e-05
0.561224,0.00996787,1.35052e-05
0.563265,0.0100037,1.35298e-05
0.565306,0.0100624,1.36211e-05
0.567347,0.0101292,1.39132e-05
0.569388,0.0101744,1.38881e-05
0.571429,0.0102352,1.4452e-05
0.573469,0.0102764,1.39595e-05
0.57551,0.0103356,1.40095e-05
0.577551,0.010379,1.40641e-05
0.579592,0.0104668,1.43765e-05
0.581633,0.0104945,1.41614e-05
0.583673,0.0105714,1.42893e-05
0.585714,0.0105874,1.44339e-05
0.587755,0.0106803,1.49166e-05
0.589796,0.0107388,1.44538e-05
0.591837,0.0107812,1.47276e-05
0.593878,0.0108377,1.45743e-05
0.595918,0.010882,1.45848e-05
0.597959,0.0109539,1.51479e-05
0.6,0.0109847,1.47272e-05
0.602041,0.0110484,1.48012e-05
0.604082,0.0111075,1.5233e-05
0.606122,0.0111615,1.55114e-05
0.608163,0.0112525,1.57307e-05
0.610204,0.0112929,1.61918e-05
0.612245,0.0113485,1.57851e-05
0.614286,0.0114067,1.5309e-05
0.616327,0.0114324,1.55587e-05
0.618367,0.0114955,1.53739e-05
0.620408,0.0115565,1.58422e-05
0.622449,0.0116028,1.56771e-05
0.62449,0.0116626,1.65161e-05
0.626531,0.0116934,1.59103e-05
0.628571,0.0117878,1.6084e-05
0.630612,0.0118439,1.63736e-05
0.632653,0.0119132,1.6857e-05
0.634694,0.0119647,1.64309e-05
0.636735,0.0119848,1.60393e-05
0.638776,0.0120698,1.61906e-05
0.640816,0.0121334,1.67694e-05
0.642857,0.0121645,1.65222e-05
0.644898,0.0122259,1.65861e-05
0.646939,0.0123058,1.73169e-05
0.64898,0.0123254,1.6332e-05
0.65102,0.0124032,1.6574e-05
0.653061,0.0124443,1.65323e-05
0.655102,0.0125102,1.73381e-05
0.657143,0.0125624,1.69888e-05
0.659184,0.0126476,1.75352e-05
0.661224,0.0126678,1.72588e-05
0.663265,0.0127054,1.67401e-05
0.665306,0.0127771,1.70515e-05
0.667347,0.0128179,1.72748e-05
0.669388,0.0128923,1.74687e-05
0.671429,0.0129506,1.75093e-05
0.673469,0.0130002,1.72896e-05
0.67551,0.0130541,1.77914e-05
0.677551,0.0131619,1.78792e-05
0.679592,0.0131881,1.77703e-05
0.681633,0.0132657,1.78214e-05
0.683673,0.0133137,1.81727e-05
0.685714,0.0133403,1.79402e-05
0.687755,0.0134439,1.90747e-05
0.689796,0.013456,1.77121e-05
0.691837,0.0135346,1.87365e-05
0.693878,0.0136165,1.87872e-05
0.695918,0.0136368,1.82467e-05
0.697959,0.013695,1.83033e-05
0.7,0.0137525,1.80635e-05
0.702041,0.0138278,1.86073e-05
0.704082,0.0138847,1.88465e-05
0.706122,0.0139299,1.85252e-05
0.708163,0.0140155,1.87204e-05
0.710204,0.0140308,1.86824e-05
0.712245,0.0141368,1.92392e-05
0.714286,0.0141498,1.87475e-05
0.716327,0.0142266,1.87551e-05
0.718367,0.014269,1.89034e-05
0.720408,0.0143402,1.90488e-05
0.722449,0.0144172,1.92633e-05
0.72449,0.0144784,1.97532e-05
0.726531,0.014534,1.98225e-05
0.728571,0.0145713,1.95846e-05
0.730612,0.0145988,1.88924e-05
0.732653,0.0147462,1.99929e-05
0.734694,0.0147532,1.95127e-05
0.736735,0.0148651,1.9967e-05
0.738776,0.0148378,1.93782e-05
0.740816,0.0149402,2.03512e-05
0.742857,0.0149866,1.98828e-05
0.744898,0.0150529,2.01503e-05
0.746939,0.0150977,2.01596e-05
0.74898,0.0151796,1.99541e-05
0.75102,0.0152003,1.9721e-05
0.753061,0.0152911,2.03219e-05
0.755102,0.0153524,2.05016e-05
0.757143,0.0154058,2.04916e-05
0.759184,0.0155069,2.11796e-05
0.761224,0.0155829,2.09371e-05
0.763265,0.0156079,2.15598e-05
0.765306,0.0156762,2.05075e-05
0.767347,0.0157412,2.08809e-05
0.769388,0.0157566,2.14526e-05
0.771429,0.0158346,2.08302e-05
0.773469,0.0158688,2.11542e-05
0.77551,0.0159691,2.38583e-05
0.777551,0.0160296,2.13072e-05
0.779592,0.0160661,2.07289e-05
0.781633,0.0161068,2.10893e-05
0.783673,0.0161772,2.15619e-05
0.785714,0.0162438,2.0956e-05
0.787755,0.0162781,2.12413e-05
0.789796,0.0163789,2.16035e-05
0.791837,0.0164348,2.15514e-05
0.793878,0.0165079,2.20208e-05
0.795918,0.01652,2.15071e-05
0.797959,0.0166198,2.23635e-05
0.8,0.0167161,2.2361e-05
0.802041,0.0167384,2.19685e-05
0.804082,0.0167757,2.19142e-05
0.806122,0.016898,2.25775e-05
0.808163,0.0169578,2.26014e-05
0.810204,0.0169987,2.3129e-05
0.812245,0.0170172,2.20386e-05
0.814286,0.0171185,2.28354e-05
0.816327,0.0171643,2.22865e-05
0.818367,0.0172071,2.27837e-05
0.820408,0.0173043,2.35342e-05
0.822449,0.0173334,2.21757e-05
0.82449,0.0174138,2.38797e-05
0.826531,0.0174718,2.33065e-05
0.828571,0.017537,2.39064e-05
0.830612,0.0176189,2.30941e-05
0.832653,0.0176829,2.30699e-05
0.834694,0.017748,2.31773e-05
0.836735,0.0177454,2.36744e-05
0.838776,0.017813,2.30612e-05
0.840816,0.0179167,2.36793e-05
0.842857,0.0179658,2.38198e-05
0.844898,0.0180427,2.39014e-05
0.846939,0.0181145,2.47889e-05
0.84898,0.0181494,2.37471e-05
0.85102,0.0181942,2.39017e-05
0.853061,0.0182732,2.39837e-05
0.855102,0.018344,2.43626e-05
0.857143,0.0184387,2.48342e-05
0.859184,0.018423,2.42124e-05
0.861224,0.0185122,2.46076e-05
0.863265,0.0186071,2.41476e-05
0.865306,0.018594,2.36177e-05
0.867347,0.0187225,2.4629e-05
0.869388,0.0187676,2.4637e-05
0.871429,0.0188649,2.51007e-05
0.873469,0.0189453,2.47236e-05
0.87551,0.0189237,2.4906e-05
0.877551,0.0190293,2.51713e-05
0.879592,0.0191131,2.52505e-05
0.881633,0.0191578,2.51486e-05
0.883673,0.0191878,2.53096e-05
0.885714,0.0192271,2.48165e-05
0.887755,0.0193609,2.53183e-05
0.889796,0.0194168,2.61392e-05
0.891837,0.019401,2.47827e-05
0.893878,0.0195214,2.55471e-05
0.895918,0.0196282,2.58939e-05
0.897959,0.0196557,2.70344e-05
0.9,0.0197348,2.63923e-05
0.902041,0.0197814,2.58532e-05
0.904082,0.0198473,2.63122e-05
0.906122,0.0199434,2.65726e-05
0.908163,0.0199888,2.73614e-05
0.910204,0.0200263,2.70284e-05
0.912245,0.0201094,2.7662e-05
0.914286,0.0202263,2.77841e-05
0.916327,0.020229,2.75283e-05
0.918367,0.0203121,2.82624e-05
0.920408,0.0203646,2.6285e-05
0.922449,0.0204542,2.73348e-05
0.92449,0.0204304,2.64727e-05
0.926531,0.0205375,2.74671e-05
0.928571,0.0205862,2.75581e-05
0.930612,0.0206546,2.64797e-05
0.932653,0.0207571,2.65883e-05
0.934694,0.0207631,2.64556e-05
0.936735,0.0208491,2.67986e-05
0.938776,0.0209389,2.82115e-05
0.940816,0.0209714,2.64941e-05
0.942857,0.0210566,2.71475e-05
0.944898,0.0211485,2.83981e-05
0.946939,0.0212501,2.88071e-05
0.94898,0.0212752,2.78007e-05
0.95102,0.0213338,2.7661e-05
0.953061,0.0213691,2.83696e-05
0.955102,0.0214138,2.79221e-05
0.957143,0.0215209,2.79974e-05
0.959184,0.0215645,2.80879e-05
0.961224,0.0216613,2.92399e-05
0.963265,0.0216788,2.73292e-05
0.965306,0.0217811,2.92049e-05
0.967347,0.0218416,2.82195e-05
0.969388,0.0218755,2.92847e-05
0.971429,0.0219618,2.86745e-05
0.973469,0.021997,2.89411e-05
0.97551,0.0220714,2.92649e-05
0.977551,0.0221444,2.86901e-05
0.979592,0.022194,3.22724e-05
0.981633,0.0222655,3.03204e-05
0.983673,0.0223446,2.93792e-05
0.985714,0.0223706,2.85336e-05
0.987755,0.02245,2.89166e-05
0.989796,0.022517,2.88442e-05
0.991837,0.0226645,3.00675e-05
0.993878,0.0226636,2.97515e-05
0.995918,0.0227208,2.90487e-05
0.997959,0.0227998,3.03751e-05
1.0,0.0228591,2.99922e-05
1.08163,0.0255174,3.32644e-05
1.16327,0.0282741,3.66233e-05
1.2449,0.0309077,4.15142e-05
1.32653,0.0338752,4.28118e-05
1.40816,0.0366209,4.69011e-05
1.4898,0.0396607,5.20227e-05
1.57143,0.0425311,5.37536e-05
1.65306,0.0456201,5.95591e-05
1.73469,0.048623,6.07596e-05
1.81633,0.0515658,6.30758e-05
1.89796,0.054684,6.67867e-05
1.97959,0.0580889,7.6239e-05
2.06122,0.0612266,7.63746e-05
2.14286,0.0643641,8.07715e-05
2.22449,0.0676106,8.56266e-05
2.30612,0.0708272,8.98838e-05
2.38776,0.0742506,9.72986e-05
2.46939,0.0774837,0.000102971
2.55102,0.0811202,0.00010315
2.63265,0.0843751,0.000112528
2.71429,0.0878121,0.000108104
2.79592,0.0908389,0.000113818
2.87755,0.0947477,0.000118672
2.95918,0.0982118,0.000143449
3.04082,0.101626,0.000125277
3.12245,0.10481,0.000123403
3.20408,0.108709,0.00013717
3.28571,0.112229,0.00014544
3.36735,0.116021,0.000143319
3.44898,0.119664,0.000151399
3.53061,0.123116,0.000154039
3.61224,0.126587,0.000164681
3.69388,0.130369,0.000160389
3.77551,0.134546,0.000168953
3.85714,0.137777,0.000171081
3.93878,0.141778,0.000195288
4.02041,0.145278,0.000183292
4.10204,0.149303,0.000188017
4.18367,0.153048,0.000194811
4.26531,0.15659,0.000197787
4.34694,0.16042,0.00021878
4.42857,0.163823,0.000192024
4.5102,0.168582,0.000210345
4.59184,0.172037,0.000218092
4.67347,0.175839,0.000225007
4.7551,0.17957,0.0002178
4.83673,0.183386,0.000231056
4.91837,0.187908,0.000251695
5.0,0.191214,0.000237399
5.10204,0.196528,0.000266825
5.20408,0.201054,0.000260413
5.30612,0.206307,0.000276328
5.40816,0.211059,0.000256946
5.5102,0.216161,0.000273162
5.61224,0.221149,0.000276275
5.71429,0.226062,0.00028816
5.81633,0.231879,0.00030883
5.91837,0.236047,0.000296922
6.02041,0.240804,0.000295314
6.12245,0.246267,0.00030711
6.22449,0.251379,0.000318736
6.32653,0.256469,0.000334223
6.42857,0.261979,0.00033189
6.53061,0.267329,0.000332752
6.63265,0.272121,0.000358137
6.73469,0.277682,0.000358243
6.83673,0.28291,0.000420768
6.93878,0.288117,0.000380551
7.04082,0.292567,0.00036525
7.14286,0.298006,0.000366768
7.2449,0.30368,0.000366135
7.34694,0.308844,0.000436448
7.44898,0.314236,0.000386567
7.55102,0.319708,0.000460272
7.65306,0.325202,0.000465199
7.7551,0.329746,0.000419
7.85714,0.335578,0.000426267
7.95918,0.341321,0.000447043
8.06122,0.346618,0.000461121
8.16327,0.351597,0.000434401
8.26531,0.356776,0.000445935
8.36735,0.362234,0.000466065
8.46939,0.366648,0.000451776
8.57143,0.373815,0.000489239
8.67347,0.378147,0.000456275
8.77551,0.385061,0.000509144
8.87755,0.38991,0.00047183
8.97959,0.39458,0.00049937
9.08163,0.400702,0.000503525
9.18367,0.406603,0.000532917
9.28571,0.412291,0.000527682
9.38776,0.417714,0.000553705
9.4898,0.424118,0.000577831
9.59184,0.427995,0.000556249
9.69388,0.434016,0.000536013
9.79592,0.438897,0.000537713
9.89796,0.445093,0.000543766
10.0,0.450054,0.00054998
10.2041,0.461327,0.000611737
10.4082,0.473588,0.000670122
10.6122,0.483805,0.000587488
10.8163,0.495985,0.000677865
11.0204,0.507464,0.000632144
11.2245,0.518816,0.000699486
11.4286,0.529485,0.000717644
11.6327,0.541826,0.000719907
11.8367,0.552772,0.000684449
12.0408,0.565578,0.00100609
12.2449,0.575188,0.000715749
12.449,0.58709,0.000754002
12.6531,0.598708,0.000765529
12.8571,0.609458,0.000745136
13.0612,0.623349,0.000989975
13.2653,0.63569,0.000789232
13.4694,0.647618,0.000882071
13.6735,0.65806,0.000909557
13.8776,0.66932,0.000835485
14.0816,0.683246,0.00105484
14.2857,0.692787,0.00088966
14.4898,0.705381,0.000908292
14.6939,0.717713,0.00103048
14.898,0.729868,0.00103108
15.102,0.742301,0.00103978
15.3061,0.754958,0.00112016
15.5102,0.765772,0.000995833
15.7143,0.776362,0.000997582
15.9184,0.790869,0.00109676
16.1224,0.803097,0.00116432
16.3265,0.813482,0.00114596
16.5306,0.826434,0.00112193
16.7347,0.836629,0.00100594
16.9388,0.851106,0.00119017
17.1429,0.862791,0.0010773
17.3469,0.873854,0.00107133
17.551,0.887399,0.00111488
17.7551,0.897399,0.00110452
17.9592,0.913465,0.00120721
18.1633,0.923358,0.00115393
18.3673,0.937015,0.00123358
18.5714,0.949779,0.00124783
18.7755,0.959767,0.00122993
18.9796,0.975119,0.00128997
19.1837,0.98664,0.00125819
19.3878,0.99765,0.00127653
19.5918,1.01085,0.00129833
19.7959,1.02356,0.00123424
20.0,1.03692,0.00130478
20.4082,1.0621,0.00133389
20.8163,1.0882,0.00142896
21.2245,1.11529,0.00150007
21.6327,1.13624,0.00156794
22.0408,1.16457,0.00158518
22.449,1.18625,0.00146011
22.8571,1.21571,0.00152307
23.2653,1.23989,0.00153046
23.6735,1.26655,0.00181383
24.0816,1.28684,0.00157782
24.4898,1.3148,0.00162342
24.898,1.34457,0.00186004
25.3061,1.37095,0.00169526
25.7143,1.3927,0.00190542
26.1224,1.41911,0.0018045
26.5306,1.4479,0.00192158
26.9388,1.47229,0.00180619
27.3469,1.50124,0.00213145
27.7551,1.52478,0.00180831
28.1633,1.55161,0.00202271
28.5714,1.58198,0.00214842
28.9796,1.60524,0.00203219
29.3878,1.63324,0.0023848
29.7959,1.65819,0.00217036
30.2041,1.6901,0.00219868
30.6122,1.71294,0.00246447
31.0204,1.73953,0.00219288
31.4286,1.77146,0.00240192
31.8367,1.79163,0.00241521
32.2449,1.82001,0.00227085
32.6531,1.84817,0.00239209
33.0612,1.87125,0.00235312
33.4694,1.90211,0.0025847
33.8776,1.92737,0.00256821
34.2857,1.95697,0.00250945
34.6939,1.98615,0.00269524
35.102,2.01234,0.00291773
35.5102,2.03872,0.00271172
35.9184,2.06268,0.00311902
36.3265,2.0945,0.00277843
36.7347,2.11822,0.00292014
37.1429,2.15128,0.00351856
37.551,2.17181,0.00269443
37.9592,2.19824,0.00270961
38.3673,2.2339,0.00331698
38.7755,2.26693,0.00385634
39.1837,2.28411,0.00298616
39.5918,2.30804,0.0033679
40.0,2.33543,0.00302374
40.4082,2.37053,0.00331312
40.8163,2.39569,0.00315543
41.2245,2.42606,0.00315078
41.6327,2.44979,0.00308616
42.0408,2.48259,0.00367508
42.449,2.50627,0.00347664
42.8571,2.54169,0.00389838
43.2653,2.57343,0.00378638
43.6735,2.5925,0.00327561
44.0816,2.61753,0.0032238
44.4898,2.65651,0.00503117
44.898,2.6761,0.00326629
45.3061,2.70672,0.00352599
45.7143,2.73862,0.00346908
46.1224,2.76831,0.0038008
46.5306,2.79138,0.00366788
46.9388,2.81362,0.00417679
47.3469,2.85169,0.00379417
47.7551,2.88123,0.00378365
48.1633,2.90483,0.00391834
48.5714,2.93045,0.00389008
48.9796,2.96415,0.00431012
49.3878,2.99923,0.00650812
49.7959,3.02148,0.00496098
50.2041,3.05694,0.00458269
50.6122,3.07933,0.00402541
51.0204,3.09969,0.00436463
51.4286,3.13611,0.00522529
51.8367,3.16078,0.00435099
52.2449,3.18335,0.00385706
52.6531,3.22299,0.00476559
53.0612,3.25195,0.00438111
53.4694,3.27381,0.00402738
53.8776,3.30937,0.00487272
54.2857,3.33184,0.00538101
54.6939,3.37247,0.00486856
55.102,3.40046,0.00500808
55.5102,3.43039,0.0046464
55.9184,3.4512,0.00448783
56.3265,3.47853,0.00467518
56.7347,3.51052,0.00456374
57.1429,3.54081,0.00471196
57.551,3.57187,0.00471439
57.9592,3.60681,0.0049303
58.3673,3.62803,0.00488112
58.7755,3.65335,0.004929
59.1837,3.69242,0.0047777
59.5918,3.7138,0.0050011
60.0,3.7525,0.00599348
60.4082,3.77766,0.00476528
60.8163,3.80464,0.00498377
61.2245,3.82608,0.00493242
61.6327,3.8693,0.00501373
62.0408,3.89775,0.00571501
62.449,3.91824,0.00562628
62.8571,3.95311,0.00491412
63.2653,3.96985,0.00500328
63.6735,4.00878,0.00556328
64.0816,4.04081,0.00541426
64.4898,4.06432,0.00514716
64.898,4.10799,0.00601915
65.3061,4.12593,0.0054118
65.7143,4.16404,0.00541135
66.1224,4.18437,0.00592479
66.5306,4.21635,0.0052422
66.9388,4.25518,0.00565379
67.3469,4.27847,0.00593344
67.7551,4.30426,0.0057552
68.1633,4.34526,0.00579182
68.5714,4.36896,0.00569097
68.9796,4.3923,0.00557567
69.3878,4.43107,0.00570316
69.7959,4.46082,0.00604238
70.2041,4.48523,0.0058647
70.6122,4.52134,0.0058444
71.0204,4.55632,0.00591682
71.4286,4.57817,0.00593367
71.8367,4.61142,0.00602787
72.2449,4.6352,0.00639171
72.6531,4.66606,0.00611486
73.0612,4.7095,0.00709435
73.4694,4.72553,0.00595745
73.8776,4.75862,0.0064793
74.2857,4.78591,0.00748902
74.6939,4.82111,0.00704658
75.102,4.85193,0.00653435
75.5102,4.88286,0.00815887
75.9184,4.91301,0.00678526
76.3265,4.94903,0.00710578
76.7347,4.97835,0.00633822
77.1429,5.00862,0.00732736
77.551,5.04046,0.00692642
77.9592,5.06203,0.00700824
78.3673,5.09898,0.00678736
78.7755,5.11987,0.00646687
79.1837,5.16578,0.00779741
79.5918,5.17087,0.00624928
80.0,5.21315,0.00710022
80.4082,5.26759,0.00840294
80.8163,5.28469,0.0068175
81.2245,5.29853,0.00720507
81.6327,5.34169,0.00692215
82.0408,5.36465,0.00794349
82.449,5.39514,0.00706558
82.8571,5.43553,0.00785246
83.2653,5.46234,0.00678153
83.6735,5.48858,0.0072558
84.0816,5.50728,0.00704823
84.4898,5.55238,0.00783009
84.898,5.58361,0.00786077
85.3061,5.61324,0.00772678
85.7143,5.64785,0.00797964
86.1224,5.68136,0.00726435
86.5306,5.70816,0.00738863
86.9388,5.7501,0.00870491
87.3469,5.786,0.00812352
87.7551,5.80517,0.0075423
88.1633,5.83121,0.00778168
88.5714,5.87356,0.00830066
88.9796,5.88891,0.00736418
89.3878,5.92396,0.0088851
89.7959,5.95741,0.00788026
90.2041,6.00486,0.00814979
90.6122,6.03086,0.00885733
91.0204,6.04592,0.00777281
91.4286,6.06879,0.0081776
91.8367,6.12171,0.0091815
92.2449,6.15114,0.00918465
92.6531,6.18375,0.00806729
93.0612,6.2095,0.00946062
93.4694,6.22241,0.00913662
93.8776,6.26214,0.00827096
94.2857,6.30485,0.00869185
94.6939,6.32853,0.00938202
95.102,6.36153,0.00853748
95.5102,6.39043,0.00857892
95.9184,6.41183,0.00830549
96.3265,6.44506,0.00859092
96.7347,6.48819,0.00956919
97.1429,6.51991,0.00884668
97.551,6.5462,0.0094708
97.9592,6.58413,0.0104282
98.3673,6.61115,0.00857417
98.7755,6.63046,0.0087635
99.1837,6.65708,0.00818301
99.5918,6.69773,0.00853597
100.0,6.72297,0.00836385
100.816,6.80582,0.00959877
101.633,6.85765,0.00902792
102.449,6.93026,0.00894678
103.265,6.99518,0.0103104
104.082,7.04379,0.00928846
104.898,7.11443,0.00981479
105.714,7.18894,0.0102587
106.531,7.24652,0.0106913
107.347,7.30409,0.00955817
108.163,7.37571,0.0106683
108.98,7.4406,0.0133718
109.796,7.47807,0.00965031
110.612,7.55608,0.0116181
111.429,7.62056,0.0111024
112.245,7.69728,0.0139333
113.061,7.73624,0.00968131
113.878,7.82297,0.0117876
114.694,7.86766,0.0102054
115.51,7.93828,0.0113292
116.327,8.0045,0.0102337
117.143,8.06304,0.0109196
117.959,8.12704,0.0111811
118.776,8.19474,0.0119505
119.592,8.27522,0.0112409
120.408,8.3317,0.0111749
121.224,8.38623,0.012623
122.041,8.43536,0.0108004
122.857,8.4993,0.011343
123.673,8.59585,0.0117145
124.49,8.64043,0.0113599
125.306,8.71875,0.0122989
126.122,8.78482,0.012043
126.939,8.84694,0.0126842
127.755,8.89834,0.0112401
128.571,8.94829,0.0115643
129.388,9.0206,0.0124504
130.204,9.10697,0.0123902
131.02,9.16077,0.0123574
131.837,9.22086,0.0121994
132.653,9.3185,0.0130739
133.469,9.37043,0.012597
134.286,9.42164,0.0126132
135.102,9.4745,0.0128876
135.918,9.55233,0.0128082
136.735,9.62865,0.021716
137.551,9.66266,0.0136159
138.367,9.73799,0.0125896
139.184,9.80157,0.0129274
140.0,9.93208,0.0429649
140.816,9.92382,0.0145931
141.633,10.0065,0.0131348
142.449,10.0586,0.0146305
143.265,10.142,0.0130338
144.082,10.2182,0.0160449
144.898,10.2647,0.0151543
145.714,10.3452,0.0172558
146.531,10.4336,0.0167023
147.347,10.5042,0.014278
148.163,10.5293,0.0133702
148.98,10.6009,0.0146428
149.796,10.6784,0.015949
150.612,10.7506,0.0163337
151.429,10.7871,0.0137662
152.245,10.8759,0.017465
153.061,10.9342,0.0148669
153.878,10.9881,0.0152493
154.694,11.0579,0.0165423
155.51,11.1401,0.0161114
156.327,11.1717,0.0150652
157.143,11.2503,0.0141182
157.959,11.3113,0.0141176
158.776,11.4053,0.0160536
159.592,11.4728,0.0157298
160.408,11.4987,0.0157915
161.224,11.5858,0.0153161
162.041,11.6677,0.0166509
162.857,11.729,0.0154764
163.673,11.831,0.0212653
164.49,11.8523,0.0153693
165.306,11.9065,0.0155317
166.122,11.9659,0.0161242
166.939,12.0704,0.0165999
167.755,12.1249,0.0173769
168.571,12.2058,0.016268
169.388,12.2618,0.0163015
170.204,12.3163,0.0172734
171.02,12.3985,0.0302268
171.837,12.4596,0.0181481
172.653,12.5228,0.0185907
173.469,12.6027,0.017875
174.286,12.6851,0.0182996
175.102,12.7531,0.0187241
175.918,12.797,0.0164257
176.735,12.8452,0.0169713
177.551,12.9412,0.0170586
178.367,12.9907,0.0179086
179.184,13.082,0.0178725
180.0,13.1467,0.0191081
180.816,13.2043,0.0169724
181.633,13.2438,0.0169982
182.449,13.3491,0.0197027
183.265,13.3915,0.0171235
184.082,13.4619,0.0180252
184.898,13.5377,0.0179504
185.714,13.6079,0.0182916
186.531,13.7281,0.0230886
187.347,13.7485,0.0195459
188.163,13.7934,0.0188569
188.98,13.8616,0.0229748
189.796,13.9171,0.0182263
190.612,14.0592,0.0252608
191.429,14.0503,0.0178057
192.245,14.1568,0.0198998
193.061,14.1939,0.0198367
193.878,14.2789,0.0191963
194.694,14.3484,0.0191417
195.51,14.4244,0.0199736
196.327,14.4395,0.0206027
197.143,14.5725,0.0218103
197.959,14.6387,0.0204668
198.776,14.6883,0.018533
199.592,14.7972,0.0252791
200.408,14.8482,0.0222964
201.224,14.8788,0.0199839
202.041,14.9967,0.0205742
202.857,15.0228,0.0205228
203.673,15.113,0.0217227
204.49,15.1668,0.019388
205.306,15.2146,0.0220214
206.122,15.292,0.0220882
206.939,15.3812,0.0258551
207.755,15.4536,0.0212991
208.571,15.4753,0.019174
209.388,15.5624,0.0197338
210.204,15.653,0.0211457
211.02,15.7215,0.0205695
211.837,15.7836,0.0256323
212.653,15.8515,0.0223213
213.469,15.9532,0.0218306
214.286,15.9932,0.0233051
215.102,16.0429,0.0206429
215.918,16.0932,0.0218684
216.735,16.2004,0.0244008
217.551,16.2686,0.0218671
218.367,16.3256,0.0220344
219.184,16.4654,0.0279858
220.0,16.4531,0.0236725
221.633,16.6172,0.0236309
223.265,16.7544,0.0236853
224.898,16.8747,0.0263382
226.531,17.0282,0.0233117
228.163,17.1856,0.0238661
229.796,17.303,0.0232739
231.429,17.3668,0.0226907
233.061,17.5996,0.0235047
234.694,17.7118,0.0265662
236.327,17.8623,0.0239716
237.959,18.0548,0.0289386
239.592,18.133,0.0245997
241.224,18.2751,0.0254567
242.857,18.4155,0.0283762
244.49,18.5504,0.023935
246.122,18.7617,0.0815355
247.755,18.9005,0.0673109
249.388,19.029,0.0335111
251.02,19.0771,0.0284592
252.653,19.2134,0.0269952
254.286,19.4239,0.05124
255.918,19.5013,0.0261113
257.551,19.6816,0.0281351
259.184,19.7584,0.0268509
260.816,19.9213,0.026417
262.449,20.0692,0.0271586
264.082,20.2295,0.0264639
265.714,20.3135,0.0283866
267.347,20.4836,0.0271075
268.98,20.6658,0.0289497
270.612,20.8479,0.0307965
272.245,20.9073,0.0266606
273.878,21.0589,0.0307426
275.51,21.2456,0.04451
277.143,21.3784,0.030332
278.776,21.5188,0.0334211
280.408,21.6639,0.0425957
282.041,21.7647,0.02801
283.673,21.9077,0.0316583
285.306,22.1192,0.0391686
286.939,22.1859,0.0303002
288.571,22.338,0.0312673
290.204,22.6138,0.0587581
291.837,22.6371,0.0308414
293.469,22.8115,0.0300059
295.102,22.9188,0.0333996
296.735,23.1307,0.0427717
298.367,23.2198,0.0313738
300.0,23.3385,0.0367554
301.633,23.4518,0.0314601
303.265,23.6165,0.0348671
304.898,23.795,0.0641092
306.531,23.9261,0.0322669
308.163,24.057,0.0357034
309.796,24.2563,0.0341721
311.429,24.396,0.035977
313.061,24.4795,0.032494
314.694,24.628,0.0394011
316.327,24.7527,0.0333796
317.959,24.9045,0.0347222
319.592,25.0703,0.0329743
321.224,25.1968,0.0344111
322.857,25.4235,0.0488776
324.49,25.5044,0.0367916
326.122,25.695,0.045933
327.755,25.7799,0.0346376
329.388,25.9158,0.0339123
331.02,26.0811,0.0362705
332.653,26.2288,0.0362218
334.286,26.3597,0.0354996
335.918,26.5643,0.0429205
337.551,26.7217,0.0428491
339.184,26.7714,0.0384416
340.816,26.9586,0.0411964
342.449,27.0403,0.0393756
344.082,27.2899,0.0471479
345.714,27.3853,0.0405283
347.347,27.566,0.0486128
348.98,27.6804,0.0360786
350.612,27.8515,0.0814577
352.245,28.0103,0.0434155
353.878,28.1231,0.0436269
355.51,28.2387,0.0424855
357.143,28.387,0.039066
358.776,28.4877,0.0369227
360.408,28.6827,0.0410304
362.041,28.8381,0.0391525
363.673,29.0015,0.0386102
365.306,29.2377,0.100137
366.939,29.2798,0.0409432
368.571,29.4252,0.0392991
370.204,29.5768,0.0451092
371.837,29.7598,0.0449829
373.469,29.8499,0.0428083
375.102,29.8988,0.0402406
376.735,30.2114,0.0542173
378.367,30.2497,0.046334
380.0,30.4544,0.0428979
382.449,30.5905,0.0461063
384.898,30.8985,0.0465714
387.347,31.0543,0.0436926
389.796,31.3083,0.0453898
392.245,31.5051,0.0441108
394.694,31.7177,0.044935
397.143,32.0575,0.0490449
399.592,32.1933,0.0423712
402.041,32.4514,0.0565001
404.49,32.6027,0.0448566
406.939,32.8508,0.0484679
409.388,33.0565,0.041948
411.837,33.2936,0.0455566
414.286,33.4341,0.0456969
416.735,33.7587,0.0441658
419.184,34.0093,0.0550103
421.633,34.2154,0.0517158
424.082,34.428,0.0495449
426.531,34.5978,0.044882
428.98,34.8916,0.0594331
431.429,35.0856,0.0528895
433.878,35.273,0.0560124
436.327,35.5005,0.0481109
438.776,35.7769,0.0548816
441.224,35.9699,0.0715547
443.673,36.1778,0.0510473
446.122,36.3112,0.0503364
448.571,36.7831,0.115702
451.02,36.8173,0.0643492
453.469,37.0103,0.05329
455.918,37.2521,0.0494693
458.367,37.518,0.0538892
460.816,37.798,0.0511065
463.265,38.0369,0.0627531
465.714,38.2205,0.0522728
468.163,38.3812,0.058559
470.612,38.6673,0.0606199
473.061,38.908,0.0552069
475.51,39.161,0.0956284
477.959,39.3654,0.0549348
480.408,39.5816,0.0538588
482.857,39.6905,0.0529122
485.306,39.9429,0.0592861
487.755,40.3047,0.0632987
490.204,40.407,0.0527641
492.653,40.6573,0.0611052
495.102,40.8482,0.0611417
497.551,40.9823,0.05793
500.0,41.3861,0.0584471
502.449,41.5418,0.0576782
504.898,41.6244,0.0525231
507.347,42.0456,0.0611899
509.796,42.2339,0.065668
512.245,42.4053,0.0710003
514.694,42.6964,0.0691853
517.143,42.8057,0.057535
519.592,43.034,0.0605675
522.041,43.5193,0.0715485
524.49,43.5988,0.0625807
526.939,43.7446,0.0564803
529.388,44.0645,0.0636324
531.837,44.264,0.0601283
534.286,44.4258,0.0602541
536.735,44.7915,0.080016
539.184,44.9475,0.0581879
541.633,45.1199,0.0605108
544.082,45.4105,0.0763476
546.531,45.5962,0.0629854
548.98,46.0089,0.0686551
551.429,46.2614,0.0950771
553.878,46.4611,0.0922478
556.327,46.6726,0.0900366
558.776,46.8129,0.0774625
561.224,47.1394,0.0908082
563.673,47.2695,0.0672342
566.122,47.535,0.0667723
568.571,47.728,0.0655507
571.02,47.8746,0.0848392
573.469,48.1887,0.0674178
575.918,48.4884,0.0683227
578.367,48.7281,0.0724654
580.816,49.0197,0.0874933
583.265,49.0972,0.0731408
585.714,49.2946,0.0795556
588.163,49.5377,0.0768976
590.612,49.7127,0.0644118
593.061,50.1246,0.0687349
595.51,50.2656,0.07298
597.959,50.3148,0.0657488
600.408,50.6832,0.0722981
602.857,50.9041,0.0955818
605.306,51.1181,0.0705456
607.755,51.4468,0.0879266
610.204,51.6546,0.0730163
612.653,51.9891,0.0819339
615.102,52.0411,0.0715043
617.551,52.3384,0.132381
620.0,52.4328,0.0705946
622.449,52.7165,0.0716554
624.898,53.1719,0.0844425
627.347,53.2387,0.0767633
629.796,53.495,0.0773861
632.245,53.7489,0.0798601
634.694,53.9983,0.0755045
637.143,54.0704,0.0759158
639.592,54.2006,0.0704845
642.041,54.5526,0.0793852
644.49,54.8585,0.0879902
646.939,55.1174,0.0797996
649.388,55.2371,0.0719989
651.837,55.4741,0.0781244
654.286,55.7275,0.0783672
656.735,55.969,0.0819526
659.184,56.3604,0.165201
661.633,56.4129,0.0783921
664.082,56.84,0.118424
666.531,56.824,0.0757166
668.98,57.3121,0.0845437
671.429,57.4833,0.0980816
673.878,57.6023,0.0810603
676.327,57.8779,0.0858512
678.776,57.9814,0.0954332
681.224,58.2857,0.0815828
683.673,58.457,0.0866852
686.122,58.5875,0.0854723
688.571,58.986,0.0780577
691.02,59.3106,0.0876596
693.469,59.3274,0.0750219
695.918,59.7657,0.0982053
698.367,59.9613,0.0907466
700.816,60.1683,0.0879143
703.265,60.3296,0.0831269
705.714,60.6492,0.0791572
708.163,60.9546,0.0828691
710.612,61.1342,0.0937386
713.061,61.4373,0.115819
715.51,61.5019,0.08099
717.959,61.7076,0.0811546
720.408,62.1927,0.0892072
722.857,62.2397,0.0892189
725.306,62.5192,0.0884002
727.755,62.8375,0.0873714
730.204,63.2257,0.097652
732.653,63.342,0.0909007
735.102,63.4132,0.0854069
737.551,63.5647,0.0831402
740.0,63.8364,0.095405
743.265,64.1051,0.100907
746.531,64.52,0.0934872
749.796,64.6566,0.0875074
753.061,65.155,0.0892085
756.327,65.5388,0.107336
759.592,65.7062,0.110165
762.857,65.9361,0.0900571
766.122,66.3415,0.098039
769.388,66.936,0.10573
772.653,67.2147,0.115543
775.918,67.4747,0.134968
779.184,67.6427,0.102494
782.449,68.02,0.0964461
785.714,68.3677,0.0919518
788.98,68.6813,0.102235
792.245,68.99,0.0936794
795.51,69.4702,0.134585
798.776,69.6171,0.109175
802.041,69.7798,0.0958422
805.306,70.1198,0.100674
808.571,70.5175,0.0958109
811.837,70.6667,0.107603
815.102,71.1418,0.0981632
818.367,71.4702,0.0958133
821.633,71.7493,0.101786
824.898,72.3299,0.137467
828.163,72.3957,0.11185
831.429,72.8992,0.134147
834.694,73.1031,0.111595
837.959,73.5099,0.123849
841.224,73.7573,0.110204
844.49,74.2847,0.126461
847.755,74.2725,0.124162
851.02,74.6504,0.109804
854.286,74.6853,0.0993163
857.551,75.3401,0.107367
860.816,75.5508,0.144724
864.082,75.8375,0.0983897
867.347,76.4078,0.121693
870.612,76.548,0.104183
873.878,76.9267,0.163401
877.143,77.1867,0.109913
880.408,77.4216,0.10995
883.673,77.9624,0.106156
886.939,78.0835,0.111297
890.204,78.5239,0.117621
893.469,78.8656,0.124613
896.735,79.1828,0.116384
900.0,79.3845,0.145933
903.265,79.772,0.195975
906.531,80.0739,0.115109
909.796,80.3678,0.11182
913.061,80.6896,0.115801
916.327,81.0853,0.115325
919.592,81.3227,0.129578
922.857,81.7273,0.114599
926.122,81.9456,0.157582
929.388,82.2927,0.12476
932.653,82.7331,0.117635
935.918,82.8026,0.107122
939.184,83.3168,0.139879
942.449,83.4735,0.120396
945.714,83.8204,0.131494
948.98,84.1675,0.11535
952.245,84.6982,0.129973
955.51,84.7831,0.127735
958.776,85.2992,0.122019
962.041,85.3561,0.114372
965.306,85.9036,0.126214
968.571,86.3236,0.135314
971.837,86.2885,0.122816
975.102,86.9788,0.134718
978.367,86.9861,0.149058
981.633,87.3791,0.124602
984.898,87.8009,0.156001
988.163,87.9884,0.118458
991.429,88.3038,0.119509
994.694,88.5895,0.132252
997.959,89.3294,0.282321
1001.22,89.5439,0.135707
1004.49,89.3547,0.118143
1007.76,90.1779,0.143551
1011.02,90.4546,0.136523
1014.29,90.4439,0.134217
1017.55,91.1052,0.132764
1020.82,91.351,0.125322
1024.08,91.721,0.136186
1027.35,92.1039,0.141752
1030.61,92.2576,0.135847
1033.88,92.6351,0.148138
1037.14,93.6288,0.397882
1040.41,93.3578,0.137141
1043.67,93.2731,0.129128
1046.94,93.81,0.15223
1050.2,94.4783,0.153882
1053.47,94.4331,0.145328
1056.73,94.6871,0.149643
1060.0,95.1529,0.132419
1064.9,95.9124,0.137352
1069.8,96.0953,0.13292
1074.69,96.7998,0.149081
1079.59,96.7536,0.12521
1084.49,97.2837,0.122886
1089.39,98.1986,0.131033
1094.29,98.4694,0.136642
1099.18,99.1936,0.16155
1104.08,99.4018,0.132397
1108.98,99.9895,0.154636
1113.88,100.319,0.138902
1118.78,101.13,0.171668
1123.67,101.391,0.140698
1128.57,102.037,0.145631
1133.47,102.462,0.150763
1138.37,103.345,0.150246
1143.27,103.614,0.146766
1148.16,103.883,0.145464
1153.06,104.364,0.147024
1157.96,105.064,0.194167
1162.86,105.286,0.143009
1167.76,105.736,0.140204
1172.65,106.516,0.145424
1177.55,107.031,0.160389
1182.45,107.225,0.168942
1187.35,108.031,0.178919
1192.24,108.425,0.155699
1197.14,109.068,0.169655
1202.04,109.273,0.15462
1206.94,109.86,0.158721
1211.84,110.188,0.168119
1216.73,111.061,0.208479
1221.63,111.066,0.147846
1226.53,111.927,0.217249
1231.43,112.436,0.161124
1236.33,112.618,0.144048
1241.22,113.355,0.162451
1246.12,113.938,0.219381
1251.02,114.387,0.155516
1255.92,114.949,0.172271
1260.82,115.237,0.163024
1265.71,115.559,0.17631
1270.61,116.454,0.268059
1275.51,117.0,0.164866
1280.41,117.236,0.181451
1285.31,117.789,0.170718
1290.2,118.098,0.172532
1295.1,118.961,0.183118
1300.0,119.353,0.195711
1304.9,119.491,0.167023
1309.8,120.139,0.171683
1314.69,120.724,0.191618
1319.59,121.411,0.173899
1324.49,121.728,0.185881
1329.39,122.187,0.177813
1334.29,122.59,0.17061
1339.18,123.226,0.170117
1344.08,124.127,0.25464
1348.98,124.063,0.184268
1353.88,124.659,0.173716
1358.78,125.398,0.325547
1363.67,125.622,0.215173
1368.57,126.166,0.19735
1373.47,126.868,0.181902
1378.37,127.232,0.176899
1383.27,127.663,0.180839
1388.16,128.041,0.188362
1393.06,128.694,0.18832
1397.96,128.908,0.173641
1402.86,129.547,0.266076
1407.76,130.185,0.213992
1412.65,130.388,0.186464
1417.55,130.784,0.171802
1422.45,131.923,0.213506
1427.35,131.825,0.181157
1432.24,132.225,0.179021
1437.14,132.973,0.190767
1442.04,134.128,0.330653
1446.94,134.147,0.184328
1451.84,134.921,0.199269
1456.73,135.097,0.183134
1461.63,135.742,0.209986
1466.53,136.247,0.253182
1471.43,136.835,0.21076
1476.33,137.69,0.269765
1481.22,137.64,0.18321
1486.12,138.652,0.202385
1491.02,138.574,0.231733
1495.92,139.196,0.28003
1500.82,139.769,0.203234
1505.71,140.059,0.266014
1510.61,140.43,0.235439
1515.51,141.022,0.200001
1520.41,141.802,0.218798
1525.31,142.199,0.204762
1530.2,142.493,0.18743
1535.1,143.079,0.208864
1540.0,143.988,0.222652
1547.35,144.668,0.205288
1554.69,145.124,0.221993
1562.04,146.174,0.227869
1569.39,146.796,0.208485
1576.73,147.482,0.208562
1584.08,147.723,0.202696
1591.43,149.299,0.308354
1598.78,150.037,0.251448
1606.12,150.85,0.261406
1613.47,151.785,0.592399
1620.82,152.542,0.253435
1628.16,152.442,0.214786
1635.51,153.399,0.225835
1642.86,154.477,0.225372
1650.2,155.157,0.229743
1657.55,155.438,0.217639
1664.9,156.24,0.233801
1672.24,157.21,0.228524
1679.59,157.95,0.226646
1686.94,158.307,0.226769
1694.29,159.514,0.284797
1701.63,160.967,0.317849
1708.98,160.845,0.222905
1716.33,161.757,0.225236
1723.67,162.621,0.230483
1731.02,163.305,0.222869
1738.37,164.319,0.228397
1745.71,165.788,0.450257
1753.06,165.604,0.26143
1760.41,167.066,0.273644
1767.76,167.374,0.261937
1775.1,167.89,0.264517
1782.45,168.619,0.360567
1789.8,169.638,0.25419
1797.14,170.049,0.226147
1804.49,170.658,0.268729
1811.84,172.025,0.275796
1819.18,172.464,0.239978
1826.53,173.865,0.303305
1833.88,174.54,0.337535
1841.22,174.964,0.296832
1848.57,175.697,0.275196
1855.92,176.877,0.274583
1863.27,177.354,0.273385
1870.61,178.118,0.316777
1877.96,178.792,0.257271
1885.31,179.399,0.277581
1892.65,180.194,0.271902
1900.0,181.482,0.285273
1907.35,181.897,0.27572
1914.69,182.297,0.258365
1922.04,183.235,0.259585
1929.39,184.508,0.285915
1936.73,184.989,0.442102
1944.08,185.918,0.271452
1951.43,186.246,0.290034
1958.78,187.114,0.267903
1966.12,187.771,0.247984
1973.47,189.333,0.316377
1980.82,189.201,0.267687
1988.16,190.438,0.279548
1995.51,190.86,0.272201
2002.86,191.796,0.275004
2010.2,193.004,0.311061
2017.55,193.81,0.35558
2024.9,194.219,0.296478
2032.24,194.629,0.270235
2039.59,196.22,0.369324
2046.94,196.486,0.294199
2054.29,197.891,0.336827
2061.63,197.812,0.263591
2068.98,198.814,0.279032
2076.33,199.978,0.311774
2083.67,200.121,0.303432
2091.02,201.245,0.371325
2098.37,201.971,0.278535
2105.71,203.159,0.325169
2113.06,203.444,0.286123
2120.41,204.093,0.294316
2127.76,205.051,0.297869
2135.1,205.736,0.291385
2142.45,207.088,0.320564
2149.8,207.273,0.287548
2157.14,208.283,0.319515
2164.49,209.16,0.295219
2171.84,209.544,0.292042
2179.18,211.019,0.31606
2186.53,210.898,0.302895
2193.88,212.05,0.387962
2201.22,213.264,0.325419
2208.57,213.7,0.301831
2215.92,214.786,0.306272
2223.27,215.864,0.320391
2230.61,216.116,0.347019
2237.96,216.957,0.346144
2245.31,217.114,0.347765
2252.65,218.753,0.434864
2260.0,218.943,0.311012
2271.02,220.68,0.325618
2282.04,222.02,0.346785
2293.06,223.12,0.344565
2304.08,224.262,0.359688
2315.1,224.512,0.303143
2326.12,226.249,0.326752
2337.14,227.574,0.463394
2348.16,228.677,0.344648
2359.18,229.786,0.337217
2370.2,230.523,0.337531
2381.22,231.988,0.418032
2392.24,232.985,0.333067
2403.27,234.342,0.340173
2414.29,235.471,0.352721
2425.31,236.178,0.326068
2436.33,238.222,0.350806
2447.35,240.391,0.770613
2458.37,240.034,0.31877
2469.39,241.74,0.378063
2480.41,242.506,0.332963
2491.43,243.687,0.429818
2502.45,245.117,0.365816
2513.47,246.542,0.372917
2524.49,246.793,0.321023
2535.51,248.278,0.341742
2546.53,249.476,0.365253
2557.55,250.862,0.361095
2568.57,252.693,0.442158
2579.59,253.886,0.468446
2590.61,254.774,0.581524
2601.63,255.716,0.377857
2612.65,256.503,0.384637
2623.67,258.98,0.76864
2634.69,259.577,0.48274
2645.71,260.173,0.393182
2656.73,262.786,1.26449
2667.76,262.703,0.36319
2678.78,262.969,0.3419
2689.8,265.281,0.561325
2700.82,266.416,0.389595
2711.84,268.239,0.452776
2722.86,268.662,0.441132
2733.88,269.99,0.396657
2744.9,270.575,0.366865
2755.92,272.537,0.401395
2766.94,273.642,0.37498
2777.96,274.651,0.428917
2788.98,275.858,0.405134
2800.0,277.59,0.414758
2814.29,278.525,0.424937
2828.57,280.34,0.424304
2842.86,281.547,0.409507
2857.14,282.903,0.408952
2871.43,284.372,0.416241
2885.71,287.683,1.18974
2900.0,288.419,0.504912
2914.29,289.175,0.425812
2928.57,291.8,0.44712
2942.86,292.26,0.381231
2957.14,293.683,0.393361
2971.43,295.349,0.425747
2985.71,297.163,0.419897
3000.0,299.409,0.49284
3014.29,300.318,0.405217
3028.57,302.08,0.424339
3042.86,304.116,0.689006
3057.14,305.487,0.435122
3071.43,306.445,0.481425
3085.71,307.831,0.443371
3100.0,309.626,0.420197
3114.29,311.252,0.436113
3128.57,312.505,0.457647
3142.86,314.28,0.449509
3157.14,316.467,0.487212
3171.43,317.976,0.46064
3185.71,320.379,1.21511
3200.0,320.854,0.483006
3214.29,322.386,0.479121
3228.57,323.879,0.499011
3242.86,325.222,0.501191
3257.14,327.223,0.475985
3271.43,328.361,0.476387
3285.71,330.488,0.495926
3300.0,331.472,0.473996
3314.29,332.951,0.509571
3328.57,334.787,0.496983
3342.86,337.597,0.568584
3357.14,338.032,0.55097
3371.43,340.446,0.562576
3385.71,343.726,2.59215
3400.0,343.335,0.505262
3414.29,344.887,0.497061
3428.57,346.072,0.560159
3442.86,346.438,0.519177
3457.14,349.407,0.477901
3471.43,350.355,0.518419
3485.71,352.654,0.547118
3500.0,353.483,0.496996
3520.41,355.877,0.490786
3540.82,357.179,0.484079
3561.22,361.675,0.639279
3581.63,362.703,0.512396
3602.04,366.014,0.634768
3622.45,367.703,0.599794
3642.86,369.379,0.560479
3663.27,371.777,0.526773
3683.67,373.877,0.545719
3704.08,377.164,0.544891
3724.49,379.135,1.25544
3744.9,381.584,0.700915
3765.31,383.245,0.600243
3785.71,386.018,0.610706
3806.12,387.24,0.563602
3826.53,390.547,0.560376
3846.94,392.527,0.590132
3867.35,395.628,0.58916
3887.76,396.769,0.613754
3908.16,400.623,0.639742
3928.57,400.868,0.547082
3948.98,403.011,0.562604
3969.39,406.524,0.641391
3989.8,408.145,0.581741
4010.2,410.76,0.623316
4030.61,414.642,0.925195
4051.02,415.297,0.609336
4071.43,417.0,0.635313
4091.84,420.177,0.631012
4112.24,422.13,0.694134
4132.65,424.469,0.654763
4153.06,425.773,0.572269
4173.47,428.876,0.614953
4193.88,431.137,0.622573
4214.29,432.659,0.636533
4234.69,436.011,0.645974
4255.1,438.699,0.753919
4275.51,439.144,0.602379
4295.92,443.848,0.723711
4316.33,444.779,0.650625
4336.73,448.221,0.675962
4357.14,449.106,0.653584
4377.55,452.34,0.658041
4397.96,453.417,0.664558
4418.37,456.027,0.66763
4438.78,458.506,0.804991
4459.18,460.472,0.696394
4479.59,465.256,2.37075
4500.0,464.851,0.646599
4530.61,469.399,0.652545
4561.22,473.921,0.753604
4591.84,476.271,0.690088
4622.45,479.494,0.719694
4653.06,483.269,1.00685
4683.67,485.307,0.641882
4714.29,490.928,0.798104
4744.9,494.641,0.792562
4775.51,495.956,0.745653
4806.12,500.371,1.79613
4836.73,503.38,0.790286
4867.35,507.141,0.836303
4897.96,509.542,0.699911
4928.57,515.237,0.797393
4959.18,516.128,0.799428
4989.8,521.902,0.787665
5020.41,525.202,0.777619
5051.02,528.755,0.753327
5081.63,531.946,0.943945
5112.24,534.965,0.77198
5142.86,539.866,0.893329
5173.47,543.599,2.01557
5204.08,546.772,0.833637
5234.69,548.945,0.80456
5265.31,553.619,1.05823
5295.92,556.058,0.944415
5326.53,559.412,0.780869
5357.14,561.429,0.747712
5387.76,565.236,0.763134
5418.37,569.985,0.798037
5448.98,574.631,1.09988
5479.59,577.598,0.835215
5510.2,579.757,0.811567
5540.82,584.03,0.96568
5571.43,586.16,0.776061
5602.04,590.377,0.835498
5632.65,595.992,1.08558
5663.27,597.85,0.822498
5693.88,601.056,0.858862
5724.49,607.51,1.10981
5755.1,608.897,1.06262
5785.71,612.957,0.945277
5816.33,615.449,0.945391
5846.94,619.121,1.05993
5877.55,623.448,0.93773
5908.16,628.134,1.74826
5938.78,631.219,0.937165
5969.39,633.647,0.962003
6000.0,636.005,0.952612
6040.82,642.877,1.31758
6081.63,648.748,1.4366
6122.45,652.417,1.19217
6163.27,655.854,0.976946
6204.08,661.622,1.11185
6244.9,666.797,1.08914
6285.71,669.467,1.04612
6326.53,676.67,1.1094
6367.35,678.43,1.04445
6408.16,684.945,1.14285
6448.98,689.968,1.04846
6489.8,694.329,1.12482
6530.61,699.158,1.07312
6571.43,705.306,1.14096
6612.24,708.493,1.14743
6653.06,714.225,1.2989
6693.88,718.418,1.10319
6734.69,722.874,1.22002
6775.51,727.024,1.16993
6816.33,730.893,1.11908
6857.14,735.7,1.10226
6897.96,740.938,1.10504
6938.78,745.534,1.19682
6979.59,750.955,1.17818
7020.41,753.902,1.0434
7061.22,759.245,1.22454
7102.04,765.2,1.1359
7142.86,769.26,1.11749
7183.67,774.457,1.26918
7224.49,780.238,1.19162
7265.31,783.563,1.12666
7306.12,789.596,1.7957
7346.94,793.428,1.18108
7387.76,798.339,1.23884
7428.57,804.918,1.13607
7469.39,809.129,1.22792
7510.2,812.791,1.64158
7551.02,817.47,1.17429
7591.84,823.684,1.38904
7632.65,827.165,1.21853
7673.47,834.701,1.32763
7714.29,835.935,1.38129
7755.1,840.696,1.25298
7795.92,846.167,1.19242
7836.73,851.413,1.37763
7877.55,856.748,1.43765
7918.37,860.891,1.29086
7959.18,865.491,1.24133
8000.0,868.649,1.22824
8040.82,876.732,1.33721
8081.63,880.595,1.24472
8122.45,888.58,1.58582
8163.27,891.333,1.33164
8204.08,896.434,1.49064
8244.9,899.042,1.25474
8285.71,904.529,1.28295
8326.53,909.25,1.34796
8367.35,917.794,1.51
8408.16,919.848,1.57429
8448.98,924.3,1.48361
8489.8,929.368,1.42888
8530.61,932.735,1.42219
8571.43,939.548,1.47809
8612.24,944.007,1.37637
8653.06,948.768,1.41803
8693.88,954.033,1.60623
8734.69,959.358,1.47594
8775.51,963.021,1.41391
8816.33,970.574,1.66448
8857.14,976.439,1.5547
8897.96,978.285,1.56298
8938.78,983.826,1.76295
8979.59,986.834,1.57934
9020.41,992.108,1.55142
9061.22,996.072,1.4076
9102.04,1000.26,1.45649
9142.86,1005.5,1.48183
9183.67,1012.39,1.54162
9224.49,1017.05,1.59181
9265.31,1019.82,1.4645
9306.12,1027.71,1.90866
9346.94,1033.54,1.54344
9387.76,1035.28,1.54485
9428.57,1039.28,1.54329
9469.39,1046.58,1.53863
9510.2,1048.11,1.45155
9551.02,1057.35,1.99072
9591.84,1059.97,1.70199
9632.65,1067.89,1.61403
9673.47,1070.67,2.0304
9714.29,1075.72,1.6519
9755.1,1077.86,1.56474
9795.92,1081.15,1.55591
9836.73,1090.86,1.69779
9877.55,1093.75,1.49128
9918.37,1103.15,2.01254
9959.18,1102.3,1.68378
10000.0,1112.27,1.88416
