0.0,0.0,0.0
0.000204082,0.0,0.0
0.000408163,0.0,0.0
0.000612245,0.0,0.0
0.000816327,0.0,0.0
0.00102041,0.0,0.0
0.00122449,0.0,0.0
0.00142857,0.0,0.0
0.00163265,0.0,0.0
0.00183673,0.0,0.0
0.00204082,0.0,0.0
0.0022449,0.0,0.0
0.00244898,0.0,0.0
0.00265306,0.0,0.0
0.00285714,0.0,0.0
0.00306122,0.0,0.0
0.00326531,0.0,0.0
0.00346939,0.0,0.0
0.00367347,0.0,0.0
0.00387755,0.0,0.0
0.00408163,0.0,0.0
0.00428571,0.0,0.0
0.0044898,0.0,0.0
0.00469388,0.0,0.0
0.00489796,0.0,0.0
0.00510204,0.0,0.0
0.00530612,0.0,0.0
0.0055102,0.0,0.0
0.00571429,0.0,0.0
0.00591837,0.0,0.0
0.00612245,0.0,0.0
0.00632653,0.0,0.0
0.00653061,0.0,0.0
0.00673469,0.0,0.0
0.00693878,0.0,0.0
0.00714286,0.0,0.0
0.00734694,0.0,0.0
0.00755102,0.0,0.0
0.0077551,0.0,0.0
0.00795918,0.0,0.0
0.00816327,0.0,0.0
0.00836735,0.0,0.0
0.00857143,0.0,0.0
0.00877551,0.0,0.0
0.00897959,0.0,0.0
0.00918367,0.0,0.0
0.00938776,0.0,0.0
0.00959184,0.0,0.0
0.00979592,0.0,0.0
0.01,0.0,0.0
0.0118367,0.0,0.0
0.0136735,0.0,0.0
0.0155102,0.0,0.0
0.0173469,0.0,0.0
0.0191837,0.0,0.0
0.0210204,0.0,0.0
0.0228571,0.0,0.0
0.0246939,0.0,0.0
0.0265306,0.0,0.0
0.0283673,0.0,0.0
0.0302041,0.0,0.0
0.0320408,0.0,0.0
0.0338776,0.0,0.0
0.0357143,0.0,0.0
0.037551,0.0,0.0
0.0393878,0.0,0.0
0.0412245,0.0,0.0
0.0430612,0.0,0.0
0.044898,0.0,0.0
0.0467347,0.0,0.0
0.0485714,0.0,0.0
0.0504082,0.0,0.0
0.0522449,0.0,0.0
0.0540816,0.0,0.0
0.0559184,0.0,0.0
0.0577551,0.0,0.0
0.0595918,0.0,0.0
0.0614286,0.0,0.0
0.0632653,0.0,0.0
0.065102,0.0,0.0
0.0669388,0.0,0.0
0.0687755,0.0,0.0
0.0706122,0.0,0.0
0.072449,0.0,0.0
0.0742857,0.0,0.0
0.0761224,0.0,0.0
0.0779592,0.0,0.0
0.0797959,0.0,0.0
0.0816327,0.0,0.0
0.0834694,0.0,0.0
0.0853061,0.0,0.0
0.0871429,0.0,0.0
0.0889796,0.0,0.0
0.0908163,0.0,0.0
0.0926531,0.0,0.0
0.0944898,0.0,0.0
0.0963265,0.0,0.0
0.0981633,0.0,0.0
0.1,0.0,0.0
0.102041,0.0,0.0
0.104082,0.0,0.0
0.106122,0.0,0.0
0.108163,0.0,0.0
0.110204,0.0,0.0
0.112245,0.0,0.0
0.114286,0.0,0.0
0.116327,0.0,0.0
0.118367,0.0,0.0
0.120408,0.0,0.0
0.122449,0.0,0.0
0.12449,0.0,0.0
0.126531,0.0,0.0
0.128571,0.0,0.0
0.130612,0.0,0.0
0.132653,0.0,0.0
0.134694,0.0,0.0
0.136735,0.0,0.0
0.138776,0.0,0.0
0.140816,0.0,0.0
0.142857,0.0,0.0
0.144898,0.0,0.0
0.146939,0.0,0.0
0.14898,0.0,0.0
0.15102,0.0,0.0
0.153061,0.0,0.0
0.155102,0.0,0.0
0.157143,0.0,0.0
0.159184,0.0,0.0
0.161224,0.0,0.0
0.163265,0.0,0.0
0.165306,0.0,0.0
0.167347,0.0,0.0
0.169388,0.0,0.0
0.171429,0.0,0.0
0.173469,0.0,0.0
0.17551,0.0,0.0
0.177551,0.0,0.0
0.179592,0.0,0.0
0.181633,0.0,0.0
0.183673,0.0,0.0
0.185714,0.0,0.0
0.187755,0.0,0.0
0.189796,0.0,0.0
0.191837,0.0,0.0
0.193878,0.0,0.0
0.195918,0.0,0.0
0.197959,0.0,0.0
0.2,0.0,0.0
0.202041,0.0,0.0
0.204082,0.0,0.0
0.206122,0.0,0.0
0.208163,0.0,0.0
0.210204,0.0,0.0
0.212245,0.0,0.0
0.214286,0.0,0.0
0.216327,0.0,0.0
0.218367,0.0,0.0
0.220408,0.0,0.0
0.222449,0.0,0.0
0.22449,0.0,0.0
0.226531,0.0,0.0
0.228571,0.0,0.0
0.230612,0.0,0.0
0.232653,0.0,0.0
0.234694,0.0,0.0
0.236735,0.0,0.0
0.238776,0.0,0.0
0.240816,0.0,0.0
0.242857,0.0,0.0
0.244898,0.0,0.0
0.246939,0.0,0.0
0.24898,0.0,0.0
0.25102,0.0,0.0
0.253061,0.0,0.0
0.255102,0.0,0.0
0.257143,0.0,0.0
0.259184,0.0,0.0
0.261224,0.0,0.0
0.263265,0.0,0.0
0.265306,0.0,0.0
0.267347,0.0,0.0
0.269388,0.0,0.0
0.271429,0.0,0.0
0.273469,0.0,0.0
0.27551,0.0,0.0
0.277551,0.0,0.0
0.279592,0.0,0.0
0.281633,0.0,0.0
0.283673,0.0,0.0
0.285714,0.0,0.0
0.287755,0.0,0.0
0.289796,0.0,0.0
0.291837,0.0,0.0
0.293878,0.0,0.0
0.295918,0.0,0.0
0.297959,0.0,0.0
0.3,0.0,0.0
0.302041,0.0,0.0
0.304082,0.0,0.0
0.306122,0.0,0.0
0.308163,0.0,0.0
0.310204,0.0,0.0
0.312245,0.0,0.0
0.314286,0.0,0.0
0.316327,0.0,0.0
0.318367,0.0,0.0
0.320408,0.0,0.0
0.322449,0.0,0.0
0.32449,0.0,0.0
0.326531,0.0,0.0
0.328571,0.0,0.0
0.330612,0.0,0.0
0.332653,0.0,0.0
0.334694,0.0,0.0
0.336735,0.0,0.0
0.338776,0.0,0.0
0.340816,0.0,0.0
0.342857,0.0,0.0
0.344898,0.0,0.0
0.346939,0.0,0.0
0.34898,0.0,0.0
0.35102,0.0,0.0
0.353061,0.0,0.0
0.355102,0.0,0.0
0.357143,0.0,0.0
0.359184,0.0,0.0
0.361224,0.0,0.0
0.363265,0.0,0.0
0.365306,0.0,0.0
0.367347,0.0,0.0
0.369388,0.0,0.0
0.371429,0.0,0.0
0.373469,0.0,0.0
0.37551,0.0,0.0
0.377551,0.0,0.0
0.379592,0.0,0.0
0.381633,0.0,0.0
0.383673,0.0,0.0
0.385714,0.0,0.0
0.387755,0.0,0.0
0.389796,0.0,0.0
0.391837,0.0,0.0
0.393878,0.0,0.0
0.395918,0.0,0.0
0.397959,0.0,0.0
0.4,0.0,0.0
0.402041,0.0,0.0
0.404082,0.0,0.0
0.406122,0.0,0.0
0.408163,0.0,0.0
0.410204,0.0,0.0
0.412245,0.0,0.0
0.414286,0.0,0.0
0.416327,0.0,0.0
0.418367,0.0,0.0
0.420408,0.0,0.0
0.422449,0.0,0.0
0.42449,0.0,0.0
0.426531,0.0,0.0
0.428571,0.0,0.0
0.430612,0.0,0.0
0.432653,0.0,0.0
0.434694,0.0,0.0
0.436735,0.0,0.0
0.438776,0.0,0.0
0.440816,0.0,0.0
0.442857,0.0,0.0
0.444898,0.0,0.0
0.446939,0.0,0.0
0.44898,0.0,0.0
0.45102,0.0,0.0
0.453061,0.0,0.0
0.455102,0.0,0.0
0.457143,0.0,0.0
0.459184,0.0,0.0
0.461224,0.0,0.0
0.463265,0.0,0.0
0.465306,0.0,0.0
0.467347,0.0,0.0
0.469388,0.0,0.0
0.471429,0.0,0.0
0.473469,0.0,0.0
0.47551,0.0,0.0
0.477551,0.0,0.0
0.479592,0.0,0.0
0.481633,0.0,0.0
0.483673,0.0,0.0
0.485714,0.0,0.0
0.487755,0.0,0.0
0.489796,0.0,0.0
0.491837,0.0,0.0
0.493878,0.0,0.0
0.495918,0.0,0.0
0.497959,0.0,0.0
0.5,0.0,0.0
0.502041,0.0,0.0
0.504082,0.0,0.0
0.506122,0.0,0.0
0.508163,0.0,0.0
0.510204,0.0,0.0
0.512245,0.0,0.0
0.514286,0.0,0.0
0.516327,0.0,0.0
0.518367,0.0,0.0
0.520408,0.0,0.0
0.522449,0.0,0.0
0.52449,0.0,0.0
0.526531,0.0,0.0
0.528571,0.0,0.0
0.530612,0.0,0.0
0.532653,0.0,0.0
0.534694,0.0,0.0
0.536735,0.0,0.0
0.538776,0.0,0.0
0.540816,0.0,0.0
0.542857,0.0,0.0
0.544898,0.0,0.0
0.546939,0.0,0.0
0.54898,0.0,0.0
0.55102,0.0,0.0
0.553061,0.0,0.0
0.555102,0.0,0.0
0.557143,0.0,0.0
0.559184,0.0,0.0
0.561224,0.0,0.0
0.563265,0.0,0.0
0.565306,0.0,0.0
0.567347,0.0,0.0
0.569388,0.0,0.0
0.571429,0.0,0.0
0.573469,0.0,0.0
0.57551,0.0,0.0
0.577551,0.0,0.0
0.579592,0.0,0.0
0.581633,0.0,0.0
0.583673,0.0,0.0
0.585714,0.0,0.0
0.587755,0.0,0.0
0.589796,0.0,0.0
0.591837,0.0,0.0
0.593878,0.0,0.0
0.595918,0.0,0.0
0.597959,0.0,0.0
0.6,0.0,0.0
0.602041,0.0,0.0
0.604082,0.0,0.0
0.606122,0.0,0.0
0.608163,0.0,0.0
0.610204,0.0,0.0
0.612245,0.0,0.0
0.614286,0.0,0.0
0.616327,0.0,0.0
0.618367,0.0,0.0
0.620408,0.0,0.0
0.622449,0.0,0.0
0.62449,0.0,0.0
0.626531,0.0,0.0
0.628571,0.0,0.0
0.630612,0.0,0.0
0.632653,0.0,0.0
0.634694,0.0,0.0
0.636735,0.0,0.0
0.638776,0.0,0.0
0.640816,0.0,0.0
0.642857,0.0,0.0
0.644898,0.0,0.0
0.646939,0.0,0.0
0.64898,0.0,0.0
0.65102,0.0,0.0
0.653061,0.0,0.0
0.655102,0.0,0.0
0.657143,0.0,0.0
0.659184,0.0,0.0
0.661224,0.0,0.0
0.663265,0.0,0.0
0.665306,0.0,0.0
0.667347,0.0,0.0
0.669388,0.0,0.0
0.671429,0.0,0.0
0.673469,0.0,0.0
0.67551,0.0,0.0
0.677551,0.0,0.0
0.679592,0.0,0.0
0.681633,0.0,0.0
0.683673,0.0,0.0
0.685714,0.0,0.0
0.687755,0.0,0.0
0.689796,0.0,0.0
0.691837,0.0,0.0
0.693878,0.0,0.0
0.695918,0.0,0.0
0.697959,0.0,0.0
0.7,0.0,0.0
0.702041,0.0,0.0
0.704082,0.0,0.0
0.706122,0.0,0.0
0.708163,0.0,0.0
0.710204,0.0,0.0
0.712245,0.0,0.0
0.714286,0.0,0.0
0.716327,0.0,0.0
0.718367,0.0,0.0
0.720408,0.0,0.0
0.722449,0.0,0.0
0.72449,0.0,0.0
0.726531,0.0,0.0
0.728571,0.0,0.0
0.730612,0.0,0.0
0.732653,0.0,0.0
0.734694,0.0,0.0
0.736735,0.0,0.0
0.738776,0.0,0.0
0.740816,0.0,0.0
0.742857,0.0,0.0
0.744898,0.0,0.0
0.746939,0.0,0.0
0.74898,0.0,0.0
0.75102,0.0,0.0
0.753061,0.0,0.0
0.755102,0.0,0.0
0.757143,0.0,0.0
0.759184,0.0,0.0
0.761224,0.0,0.0
0.763265,0.0,0.0
0.765306,0.0,0.0
0.767347,0.0,0.0
0.769388,0.0,0.0
0.771429,0.0,0.0
0.773469,0.0,0.0
0.77551,0.0,0.0
0.777551,0.0,0.0
0.779592,0.0,0.0
0.781633,0.0,0.0
0.783673,0.0,0.0
0.785714,0.0,0.0
0.787755,0.0,0.0
0.789796,0.0,0.0
0.791837,0.0,0.0
0.793878,0.0,0.0
0.795918,0.0,0.0
0.797959,0.0,0.0
0.8,0.0,0.0
0.802041,0.0,0.0
0.804082,0.0,0.0
0.806122,0.0,0.0
0.808163,0.0,0.0
0.810204,0.0,0.0
0.812245,0.0,0.0
0.814286,0.0,0.0
0.816327,0.0,0.0
0.818367,0.0,0.0
0.820408,0.0,0.0
0.822449,0.0,0.0
0.82449,0.0,0.0
0.826531,0.0,0.0
0.828571,0.0,0.0
0.830612,0.0,0.0
0.832653,0.0,0.0
0.834694,0.0,0.0
0.836735,0.0,0.0
0.838776,0.0,0.0
0.840816,0.0,0.0
0.842857,0.0,0.0
0.844898,0.0,0.0
0.846939,0.0,0.0
0.84898,0.0,0.0
0.85102,0.0,0.0
0.853061,0.0,0.0
0.855102,0.0,0.0
0.857143,0.0,0.0
0.859184,0.0,0.0
0.861224,0.0,0.0
0.863265,0.0,0.0
0.865306,0.0,0.0
0.867347,0.0,0.0
0.869388,0.0,0.0
0.871429,0.0,0.0
0.873469,0.0,0.0
0.87551,0.0,0.0
0.877551,0.0,0.0
0.879592,0.0,0.0
0.881633,0.0,0.0
0.883673,0.0,0.0
0.885714,0.0,0.0
0.887755,0.0,0.0
0.889796,0.0,0.0
0.891837,0.0,0.0
0.893878,0.0,0.0
0.895918,0.0,0.0
0.897959,0.0,0.0
0.9,0.0,0.0
0.902041,0.0,0.0
0.904082,0.0,0.0
0.906122,0.0,0.0
0.908163,0.0,0.0
0.910204,0.0,0.0
0.912245,0.0,0.0
0.914286,0.0,0.0
0.916327,0.0,0.0
0.918367,0.0,0.0
0.920408,0.0,0.0
0.922449,0.0,0.0
0.92449,0.0,0.0
0.926531,0.0,0.0
0.928571,0.0,0.0
0.930612,0.0,0.0
0.932653,0.0,0.0
0.934694,0.0,0.0
0.936735,0.0,0.0
0.938776,0.0,0.0
0.940816,0.0,0.0
0.942857,0.0,0.0
0.944898,0.0,0.0
0.946939,0.0,0.0
0.94898,0.0,0.0
0.95102,0.0,0.0
0.953061,0.0,0.0
0.955102,0.0,0.0
0.957143,0.0,0.0
0.959184,0.0,0.0
0.961224,0.0,0.0
0.963265,0.0,0.0
0.965306,0.0,0.0
0.967347,0.0,0.0
0.969388,0.0,0.0
0.971429,0.0,0.0
0.973469,0.0,0.0
0.97551,0.0,0.0
0.977551,0.0,0.0
0.979592,0.0,0.0
0.981633,0.0,0.0
0.983673,0.0,0.0
0.985714,0.0,0.0
0.987755,0.0,0.0
0.989796,0.0,0.0
0.991837,0.0,0.0
0.993878,0.0,0.0
0.995918,0.0,0.0
0.997959,0.0,0.0
1.0,0.0,0.0
1.08163,0.0,0.0
1.16327,0.0,0.0
1.2449,0.0,0.0
1.32653,0.0,0.0
1.40816,0.0,0.0
1.4898,0.0,0.0
1.57143,0.0,0.0
1.65306,0.0,0.0
1.73469,0.0,0.0
1.81633,0.0,0.0
1.89796,0.0,0.0
1.97959,6.66157e-23,9.21326e-26
2.06122,3.95632e-19,3.00733e-22
2.14286,1.11881e-17,9.64329e-21
2.22449,8.81399e-17,6.98285e-20
2.30612,4.0304e-16,3.82509e-19
2.38776,1.33669e-15,1.1806e-18
2.46939,3.6034e-15,3.51944e-18
2.55102,8.39839e-15,9.20459e-18
2.63265,1.75406e-14,1.7975e-17
2.71429,3.38167e-14,3.28935e-17
2.79592,6.12402e-14,6.63483e-17
2.87755,1.04726e-13,1.2508e-16
2.95918,1.71611e-13,2.05929e-16
3.04082,2.69935e-13,3.03443e-16
3.12245,4.13921e-13,4.35884e-16
3.20408,6.15763e-13,6.53162e-16
3.28571,8.91699e-13,1.01122e-15
3.36735,1.26907e-12,1.57745e-15
3.44898,1.77246e-12,2.33261e-15
3.53061,2.42058e-12,3.20869e-15
3.61224,3.26244e-12,4.21287e-15
3.69388,4.34252e-12,5.37906e-15
3.77551,5.69463e-12,6.5881e-15
3.85714,7.42196e-12,8.1573e-15
3.93878,9.55108e-12,1.02049e-14
4.02041,1.21893e-11,1.3349e-14
4.10204,1.5382e-11,1.74493e-14
4.18367,1.93072e-11,2.28214e-14
4.26531,2.40426e-11,3.02159e-14
4.34694,2.96407e-11,3.8743e-14
4.42857,3.63333e-11,4.94546e-14
4.5102,4.4062e-11,6.03616e-14
4.59184,5.34588e-11,7.44838e-14
4.67347,6.39615e-11,8.84754e-14
4.7551,7.64869e-11,1.04959e-13
4.83673,9.12324e-11,1.21508e-13
4.91837,1.0777e-10,1.37566e-13
5.0,1.27007e-10,1.55334e-13
5.10204,1.55636e-10,1.81974e-13
5.20408,1.88927e-10,2.08676e-13
5.30612,2.28299e-10,2.37429e-13
5.40816,2.75285e-10,2.82413e-13
5.5102,3.29775e-10,3.29507e-13
5.61224,3.9218e-10,3.87963e-13
5.71429,4.65381e-10,4.70228e-13
5.81633,5.49469e-10,5.70358e-13
5.91837,6.46998e-10,6.94842e-13
6.02041,7.56185e-10,8.40005e-13
6.12245,8.78948e-10,1.00463e-12
6.22449,1.01976e-09,1.22701e-12
6.32653,1.17588e-09,1.45447e-12
6.42857,1.35147e-09,1.70346e-12
6.53061,1.55172e-09,1.99834e-12
6.63265,1.76994e-09,2.3212e-12
6.73469,2.01204e-09,2.66773e-12
6.83673,2.29367e-09,3.09752e-12
6.93878,2.58149e-09,3.48258e-12
7.04082,2.91255e-09,3.95109e-12
7.14286,3.2847e-09,4.41127e-12
7.2449,3.691e-09,4.952e-12
7.34694,4.12412e-09,5.52085e-12
7.44898,4.6166e-09,6.11814e-12
7.55102,5.15754e-09,6.69779e-12
7.65306,5.72957e-09,7.25596e-12
7.7551,6.39123e-09,8.03095e-12
7.85714,7.11757e-09,8.69375e-12
7.95918,7.87505e-09,9.34626e-12
8.06122,8.71212e-09,1.00783e-11
8.16327,9.64898e-09,1.09276e-11
8.26531,1.06683e-08,1.1728e-11
8.36735,1.17509e-08,1.24153e-11
8.46939,1.2983e-08,1.32727e-11
8.57143,1.42801e-08,1.41449e-11
8.67347,1.56676e-08,1.5055e-11
8.77551,1.72067e-08,1.60238e-11
8.87755,1.88945e-08,1.72663e-11
8.97959,2.06954e-08,1.82107e-11
9.08163,2.26417e-08,1.9507e-11
9.18367,2.47581e-08,2.07779e-11
9.28571,2.70069e-08,2.20779e-11
9.38776,2.93916e-08,2.36295e-11
9.4898,3.19994e-08,2.52185e-11
9.59184,3.47761e-08,2.71583e-11
9.69388,3.77837e-08,2.91426e-11
9.79592,4.096e-08,3.1875e-11
9.89796,4.43531e-08,3.37892e-11
10.0,4.794e-08,3.65027e-11
10.2041,5.58837e-08,4.3013e-11
10.4082,6.46677e-08,4.98201e-11
10.6122,7.45448e-08,5.83465e-11
10.8163,8.55305e-08,6.86589e-11
11.0204,9.78752e-08,8.10827e-11
11.2245,1.1123e-07,9.42582e-11
11.4286,1.25954e-07,1.10362e-10
11.6327,1.41976e-07,1.2731e-10
11.8367,1.59916e-07,1.47602e-10
12.0408,1.79258e-07,1.70703e-10
12.2449,1.99765e-07,1.96287e-10
12.449,2.22743e-07,2.25282e-10
12.6531,2.46591e-07,2.53223e-10
12.8571,2.73648e-07,2.90453e-10
13.0612,3.02117e-07,3.29995e-10
13.2653,3.32105e-07,3.68607e-10
13.4694,3.65334e-07,4.13315e-10
13.6735,4.01905e-07,4.66202e-10
13.8776,4.38166e-07,5.19266e-10
14.0816,4.80206e-07,5.71395e-10
14.2857,5.23368e-07,6.33179e-10
14.4898,5.69384e-07,7.04291e-10
14.6939,6.2052e-07,7.82059e-10
14.898,6.73582e-07,8.59927e-10
15.102,7.31096e-07,9.30528e-10
15.3061,7.9263e-07,1.00915e-09
15.5102,8.58971e-07,1.10323e-09
15.7143,9.2824e-07,1.19921e-09
15.9184,1.00511e-06,1.30282e-09
16.1224,1.08675e-06,1.41371e-09
16.3265,1.17149e-06,1.52984e-09
16.5306,1.26269e-06,1.63253e-09
16.7347,1.36431e-06,1.78473e-09
16.9388,1.46406e-06,1.89622e-09
17.1429,1.57932e-06,2.03953e-09
17.3469,1.69807e-06,2.18801e-09
17.551,1.83022e-06,2.35705e-09
17.7551,1.96501e-06,2.49013e-09
17.9592,2.11888e-06,2.69828e-09
18.1633,2.265e-06,2.83213e-09
18.3673,2.43566e-06,3.04304e-09
18.5714,2.60847e-06,3.20127e-09
18.7755,2.79695e-06,3.41034e-09
18.9796,3.00313e-06,3.62343e-09
19.1837,3.20204e-06,3.84502e-09
19.3878,3.43017e-06,4.06386e-09
19.5918,3.6763e-06,4.30486e-09
19.7959,3.92444e-06,4.53746e-09
20.0,4.19198e-06,4.81705e-09
20.4082,4.77501e-06,5.27736e-09
20.8163,5.43258e-06,5.91448e-09
21.2245,6.14577e-06,6.47079e-09
21.6327,6.96726e-06,7.13865e-09
22.0408,7.86033e-06,7.83986e-09
22.449,8.86132e-06,8.57128e-09
22.8571,9.9377e-06,9.29703e-09
23.2653,1.11558e-05,1.01824e-08
23.6735,1.24811e-05,1.11266e-08
24.0816,1.39115e-05,1.20596e-08
24.4898,1.54828e-05,1.29987e-08
24.898,1.72004e-05,1.41711e-08
25.3061,1.90637e-05,1.52824e-08
25.7143,2.10708e-05,1.64624e-08
26.1224,2.32587e-05,1.77693e-08
26.5306,2.56141e-05,1.9189e-08
26.9388,2.8143e-05,2.05325e-08
27.3469,3.08129e-05,2.19239e-08
27.7551,3.37727e-05,2.34784e-08
28.1633,3.68792e-05,2.52644e-08
28.5714,4.01421e-05,2.67825e-08
28.9796,4.37095e-05,2.86462e-08
29.3878,4.74315e-05,3.04056e-08
29.7959,5.15333e-05,3.25773e-08
30.2041,5.57798e-05,3.45964e-08
30.6122,6.02534e-05,3.6864e-08
31.0204,6.50657e-05,3.90523e-08
31.4286,7.0067e-05,4.12899e-08
31.8367,7.54404e-05,4.40412e-08
32.2449,8.10749e-05,4.66041e-08
32.6531,8.6854e-05,4.89792e-08
33.0612,9.31697e-05,5.20399e-08
33.4694,9.96163e-05,5.47745e-08
33.8776,0.000106575,5.94143e-08
34.2857,0.000113624,6.0743e-08
34.6939,0.000121178,6.41732e-08
35.102,0.000129055,6.76721e-08
35.5102,0.000137345,7.14666e-08
35.9184,0.000145793,7.51789e-08
36.3265,0.000154813,7.86897e-08
36.7347,0.000163938,8.25414e-08
37.1429,0.000173753,8.65674e-08
37.551,0.000183749,9.05015e-08
37.9592,0.00019422,9.47764e-08
38.3673,0.000205235,9.93464e-08
38.7755,0.000216462,1.03995e-07
39.1837,0.000228046,1.08791e-07
39.5918,0.000240216,1.13243e-07
40.0,0.000252772,1.18602e-07
40.4082,0.000265929,1.23811e-07
40.8163,0.000279236,1.28721e-07
41.2245,0.00029337,1.34621e-07
41.6327,0.000307325,1.39608e-07
42.0408,0.000322321,1.4594e-07
42.449,0.000337602,1.51696e-07
42.8571,0.000353336,1.57945e-07
43.2653,0.000370029,1.6465e-07
43.6735,0.000386341,1.70742e-07
44.0816,0.000403783,1.76913e-07
44.4898,0.000421759,1.84268e-07
44.898,0.000439274,1.89923e-07
45.3061,0.000458805,1.97654e-07
45.7143,0.000477812,2.05023e-07
46.1224,0.000497704,2.12328e-07
46.5306,0.000518368,2.18541e-07
46.9388,0.000538868,2.27571e-07
47.3469,0.000560617,2.34561e-07
47.7551,0.000582386,2.43436e-07
48.1633,0.000605236,2.51476e-07
48.5714,0.000627973,2.59523e-07
48.9796,0.000651966,2.67613e-07
49.3878,0.000675753,2.77087e-07
49.7959,0.000700817,2.85457e-07
50.2041,0.00072615,2.95553e-07
50.6122,0.000751933,3.05037e-07
51.0204,0.000778467,3.13471e-07
51.4286,0.000806322,3.2483e-07
51.8367,0.00083313,3.32671e-07
52.2449,0.000861713,3.42453e-07
52.6531,0.000890754,3.53142e-07
53.0612,0.000919982,3.63648e-07
53.4694,0.000950513,3.74159e-07
53.8776,0.000980794,3.83818e-07
54.2857,0.00101216,3.93994e-07
54.6939,0.00104405,4.06247e-07
55.102,0.00107771,4.18268e-07
55.5102,0.00110946,4.2886e-07
55.9184,0.00114375,4.40412e-07
56.3265,0.0011783,4.52382e-07
56.7347,0.00121413,4.65308e-07
57.1429,0.00124936,4.76579e-07
57.551,0.00128576,4.89222e-07
57.9592,0.00132348,5.02283e-07
58.3673,0.00136072,5.13764e-07
58.7755,0.00140043,5.30042e-07
59.1837,0.00143832,5.42063e-07
59.5918,0.00147735,5.54932e-07
60.0,0.00151862,5.69151e-07
60.4082,0.00155976,5.82353e-07
60.8163,0.00160157,5.95009e-07
61.2245,0.00164364,6.10258e-07
61.6327,0.00168628,6.24781e-07
62.0408,0.00173058,6.39531e-07
62.449,0.00177579,6.55253e-07
62.8571,0.00182008,6.69879e-07
63.2653,0.00186608,6.85011e-07
63.6735,0.00191325,6.99333e-07
64.0816,0.00195992,7.15385e-07
64.4898,0.00200812,7.30725e-07
64.898,0.00205765,7.47771e-07
65.3061,0.00210508,7.62523e-07
65.7143,0.00215508,7.80878e-07
66.1224,0.00220772,7.97727e-07
66.5306,0.00225826,8.13182e-07
66.9388,0.00231138,8.32731e-07
67.3469,0.00236232,8.46609e-07
67.7551,0.00241639,8.64889e-07
68.1633,0.00247125,8.83052e-07
68.5714,0.00252694,9.0116e-07
68.9796,0.00258032,9.15101e-07
69.3878,0.00263877,9.36769e-07
69.7959,0.00269502,9.55075e-07
70.2041,0.00275425,9.75445e-07
70.6122,0.00281323,9.90919e-07
71.0204,0.00287207,1.01308e-06
71.4286,0.00293195,1.03251e-06
71.8367,0.00299223,1.05184e-06
72.2449,0.00305659,1.0726e-06
72.6531,0.00311799,1.09101e-06
73.0612,0.00318104,1.11109e-06
73.4694,0.00324449,1.13249e-06
73.8776,0.00330812,1.15338e-06
74.2857,0.00337383,1.17472e-06
74.6939,0.0034375,1.19398e-06
75.102,0.0035064,1.21642e-06
75.5102,0.003573,1.23741e-06
75.9184,0.00364354,1.26016e-06
76.3265,0.00371203,1.27986e-06
76.7347,0.00378001,1.3029e-06
77.1429,0.00385213,1.32487e-06
77.551,0.00392009,1.34874e-06
77.9592,0.00399504,1.36987e-06
78.3673,0.00406644,1.39263e-06
78.7755,0.00414025,1.41594e-06
79.1837,0.00421185,1.43794e-06
79.5918,0.00428909,1.46498e-06
80.0,0.00436563,1.48934e-06
80.4082,0.00444043,1.51224e-06
80.8163,0.00451832,1.53558e-06
81.2245,0.00459713,1.55892e-06
81.6327,0.00467649,1.58549e-06
82.0408,0.00475792,1.61123e-06
82.449,0.00483462,1.63594e-06
82.8571,0.00491727,1.66184e-06
83.2653,0.00499773,1.68478e-06
83.6735,0.00508199,1.71052e-06
84.0816,0.00516585,1.73766e-06
84.4898,0.00524588,1.75872e-06
84.898,0.00533112,1.789e-06
85.3061,0.00542136,1.81724e-06
85.7143,0.0055068,1.84834e-06
86.1224,0.00559368,1.87251e-06
86.5306,0.00568358,1.90295e-06
86.9388,0.00577072,1.93146e-06
87.3469,0.00585861,1.95329e-06
87.7551,0.00595147,1.98222e-06
88.1633,0.00603917,2.0097e-06
88.5714,0.00613365,2.04158e-06
88.9796,0.00622774,2.06856e-06
89.3878,0.00631715,2.09505e-06
89.7959,0.00640916,2.12158e-06
90.2041,0.00650549,2.15389e-06
90.6122,0.00660028,2.18495e-06
91.0204,0.00670169,2.2167e-06
91.4286,0.00680009,2.24614e-06
91.8367,0.00689725,2.27853e-06
92.2449,0.00699464,2.30584e-06
92.6531,0.00709489,2.3336e-06
93.0612,0.00719543,2.36729e-06
93.4694,0.00729295,2.39476e-06
93.8776,0.00739509,2.43014e-06
94.2857,0.00750162,2.46317e-06
94.6939,0.00760299,2.49436e-06
95.102,0.00770846,2.52552e-06
95.5102,0.0078122,2.55647e-06
95.9184,0.00791846,2.58987e-06
96.3265,0.0080209,2.61971e-06
96.7347,0.0081328,2.66001e-06
97.1429,0.00823858,2.69022e-06
97.551,0.00835053,2.72356e-06
97.9592,0.00845949,2.75221e-06
98.3673,0.0085712,2.79299e-06
98.7755,0.0086822,2.82651e-06
99.1837,0.00879032,2.85947e-06
99.5918,0.00890976,2.89373e-06
100.0,0.00901834,2.92948e-06
100.816,0.00924633,2.99505e-06
101.633,0.0094765,3.06999e-06
102.449,0.00971714,3.14248e-06
103.265,0.00995612,3.21505e-06
104.082,0.0101967,3.2877e-06
104.898,0.0104357,3.35671e-06
105.714,0.0106925,3.4427e-06
106.531,0.0109396,3.51003e-06
107.347,0.011196,3.59453e-06
108.163,0.0114555,3.66364e-06
108.98,0.011716,3.74867e-06
109.796,0.0119759,3.82606e-06
110.612,0.0122423,3.90913e-06
111.429,0.0125084,3.99055e-06
112.245,0.0127874,4.08008e-06
113.061,0.0130681,4.1603e-06
113.878,0.0133406,4.24242e-06
114.694,0.0136203,4.32442e-06
115.51,0.0139073,4.42164e-06
116.327,0.014193,4.50044e-06
117.143,0.0144759,4.58774e-06
117.959,0.0147823,4.68477e-06
118.776,0.015069,4.75404e-06
119.592,0.0153874,4.86017e-06
120.408,0.0156827,4.95286e-06
121.224,0.0159888,5.04333e-06
122.041,0.0162933,5.14062e-06
122.857,0.0166062,5.23292e-06
123.673,0.0169259,5.32606e-06
124.49,0.0172371,5.41524e-06
125.306,0.0175648,5.52672e-06
126.122,0.0178894,5.62534e-06
126.939,0.0182069,5.7129e-06
127.755,0.0185406,5.81868e-06
128.571,0.0188891,5.93303e-06
129.388,0.0192268,6.02692e-06
130.204,0.0195564,6.10429e-06
131.02,0.0198992,6.2156e-06
131.837,0.0202563,6.32437e-06
132.653,0.020593,6.42457e-06
133.469,0.0209556,6.55594e-06
134.286,0.0212977,6.65375e-06
135.102,0.021657,6.73656e-06
135.918,0.022033,6.86473e-06
136.735,0.0223936,6.984e-06
137.551,0.0227394,7.08999e-06
138.367,0.023122,7.2021e-06
139.184,0.0234983,7.30984e-06
140.0,0.0238799,7.42273e-06
140.816,0.0242462,7.53891e-06
141.633,0.024641,7.64016e-06
142.449,0.0250202,7.77396e-06
143.265,0.0253919,7.87324e-06
144.082,0.0257886,8.00652e-06
144.898,0.026191,8.11845e-06
145.714,0.026582,8.24543e-06
146.531,0.0269856,8.38068e-06
147.347,0.0273637,8.46784e-06
148.163,0.0277841,8.5925e-06
148.98,0.0281927,8.7356e-06
149.796,0.0286092,8.84978e-06
150.612,0.0290173,8.98177e-06
151.429,0.0294413,9.10367e-06
152.245,0.0298558,9.22369e-06
153.061,0.0302586,9.35129e-06
153.878,0.0306974,9.46651e-06
154.694,0.0311323,9.62263e-06
155.51,0.0315615,9.74471e-06
156.327,0.0319889,9.87433e-06
157.143,0.0324273,1.00071e-05
157.959,0.0328667,1.01169e-05
158.776,0.0333041,1.02852e-05
159.592,0.0337417,1.04047e-05
160.408,0.0342142,1.05501e-05
161.224,0.0346587,1.06731e-05
162.041,0.035096,1.07645e-05
162.857,0.0355497,1.09255e-05
163.673,0.0360239,1.10973e-05
164.49,0.0364933,1.12406e-05
165.306,0.0369528,1.1356e-05
166.122,0.0374159,1.15128e-05
166.939,0.0378954,1.16422e-05
167.755,0.0383698,1.17925e-05
168.571,0.0388335,1.19189e-05
169.388,0.0393206,1.20819e-05
170.204,0.0398138,1.2223e-05
171.02,0.0402633,1.23806e-05
171.837,0.0407603,1.25406e-05
172.653,0.0412492,1.26641e-05
173.469,0.0417384,1.27955e-05
174.286,0.0422595,1.29576e-05
175.102,0.0427181,1.31088e-05
175.918,0.0432238,1.32543e-05
176.735,0.0437349,1.343e-05
177.551,0.0442458,1.35826e-05
178.367,0.0447788,1.37355e-05
179.184,0.0452579,1.38952e-05
180.0,0.0457925,1.4053e-05
180.816,0.0462908,1.42003e-05
181.633,0.0467951,1.43527e-05
182.449,0.0473451,1.45248e-05
183.265,0.0478794,1.46727e-05
184.082,0.0483889,1.4826e-05
184.898,0.0489031,1.49795e-05
185.714,0.0494757,1.5155e-05
186.531,0.0500284,1.53196e-05
187.347,0.0505486,1.54874e-05
188.163,0.0510809,1.56723e-05
188.98,0.0515856,1.57948e-05
189.796,0.0521787,1.60126e-05
190.612,0.0527028,1.61237e-05
191.429,0.0532412,1.63002e-05
192.245,0.0538178,1.64836e-05
193.061,0.0543581,1.66439e-05
193.878,0.0549482,1.68571e-05
194.694,0.0555316,1.70397e-05
195.51,0.0560744,1.71756e-05
196.327,0.056602,1.72835e-05
197.143,0.0571927,1.74943e-05
197.959,0.0577723,1.76773e-05
198.776,0.0583685,1.78747e-05
199.592,0.058909,1.80342e-05
200.408,0.0595072,1.82041e-05
201.224,0.0600781,1.84076e-05
202.041,0.0606563,1.85621e-05
202.857,0.0612427,1.87763e-05
203.673,0.0618676,1.89768e-05
204.49,0.0624412,1.91416e-05
205.306,0.0630279,1.92795e-05
206.122,0.0636115,1.94529e-05
206.939,0.0642062,1.97028e-05
207.755,0.0648606,1.9876e-05
208.571,0.0654277,1.99905e-05
209.388,0.0660355,2.02213e-05
210.204,0.066691,2.04453e-05
211.02,0.0672699,2.06213e-05
211.837,0.0678545,2.07737e-05
212.653,0.0684891,2.09535e-05
213.469,0.0691447,2.11638e-05
214.286,0.0697526,2.13642e-05
215.102,0.0703371,2.15058e-05
215.918,0.0710137,2.17646e-05
216.735,0.0716214,2.19335e-05
217.551,0.0722625,2.21201e-05
218.367,0.0729037,2.23089e-05
219.184,0.0735279,2.2515e-05
220.0,0.0741597,2.27149e-05
221.633,0.075487,2.31131e-05
223.265,0.0767914,2.35529e-05
224.898,0.0780784,2.39194e-05
226.531,0.0793656,2.42968e-05
228.163,0.0806864,2.4723e-05
229.796,0.0820133,2.51484e-05
231.429,0.0833739,2.5562e-05
233.061,0.0847033,2.59444e-05
234.694,0.0861124,2.64881e-05
236.327,0.0874577,2.68845e-05
237.959,0.0888467,2.72271e-05
239.592,0.0902029,2.76432e-05
241.224,0.0915929,2.80155e-05
242.857,0.0930816,2.85454e-05
244.49,0.0944641,2.89861e-05
246.122,0.0959354,2.94774e-05
247.755,0.0973526,2.98827e-05
249.388,0.0987981,3.03522e-05
251.02,0.100228,3.07773e-05
252.653,0.101716,3.11667e-05
254.286,0.103149,3.17377e-05
255.918,0.104662,3.20811e-05
257.551,0.106079,3.2562e-05
259.184,0.107641,3.30628e-05
260.816,0.109177,3.35322e-05
262.449,0.110655,3.40465e-05
264.082,0.11224,3.45541e-05
265.714,0.11376,3.49963e-05
267.347,0.115334,3.55379e-05
268.98,0.116844,3.59982e-05
270.612,0.118459,3.64609e-05
272.245,0.119921,3.69104e-05
273.878,0.121592,3.7459e-05
275.51,0.123207,3.79539e-05
277.143,0.124757,3.84438e-05
278.776,0.126405,3.90306e-05
280.408,0.127979,3.94392e-05
282.041,0.12961,4.00357e-05
283.673,0.131261,4.05374e-05
285.306,0.132908,4.10271e-05
286.939,0.134531,4.16111e-05
288.571,0.136163,4.20449e-05
290.204,0.13781,4.24964e-05
291.837,0.139594,4.31921e-05
293.469,0.141187,4.37077e-05
295.102,0.142936,4.42091e-05
296.735,0.144608,4.46197e-05
298.367,0.14621,4.52214e-05
300.0,0.148051,4.58277e-05
301.633,0.14964,4.62006e-05
303.265,0.151464,4.68908e-05
304.898,0.153222,4.7383e-05
306.531,0.155043,4.80607e-05
308.163,0.156717,4.86006e-05
309.796,0.158424,4.9084e-05
311.429,0.160341,4.97384e-05
313.061,0.162,5.02261e-05
314.694,0.163828,5.07756e-05
316.327,0.165666,5.1486e-05
317.959,0.167489,5.21174e-05
319.592,0.169161,5.24434e-05
321.224,0.170991,5.31163e-05
322.857,0.172923,5.38399e-05
324.49,0.17472,5.44231e-05
326.122,0.17658,5.5107e-05
327.755,0.178398,5.54173e-05
329.388,0.180171,5.61756e-05
331.02,0.182153,5.66654e-05
332.653,0.184012,5.72818e-05
334.286,0.185933,5.78062e-05
335.918,0.187703,5.85101e-05
337.551,0.189626,5.92251e-05
339.184,0.191502,5.95555e-05
340.816,0.193447,6.02061e-05
342.449,0.195382,6.08671e-05
344.082,0.19725,6.13623e-05
345.714,0.199177,6.20739e-05
347.347,0.201183,6.2819e-05
348.98,0.203031,6.32601e-05
350.612,0.204982,6.3922e-05
352.245,0.206976,6.48064e-05
353.878,0.208997,6.54906e-05
355.51,0.211055,6.60957e-05
357.143,0.212995,6.65589e-05
358.776,0.215018,6.7439e-05
360.408,0.217064,6.79048e-05
362.041,0.218953,6.86005e-05
363.673,0.220951,6.9165e-05
365.306,0.222924,6.98236e-05
366.939,0.22501,7.05675e-05
368.571,0.226947,7.11076e-05
370.204,0.229064,7.17647e-05
371.837,0.231167,7.25678e-05
373.469,0.233128,7.31862e-05
375.102,0.23532,7.41081e-05
376.735,0.23728,7.44913e-05
378.367,0.239461,7.51848e-05
380.0,0.241501,7.59236e-05
382.449,0.24461,7.68174e-05
384.898,0.247747,7.79839e-05
387.347,0.250915,7.88272e-05
389.796,0.254087,8.00284e-05
392.245,0.2573,8.12471e-05
394.694,0.260629,8.2248e-05
397.143,0.263757,8.33443e-05
399.592,0.266963,8.43572e-05
402.041,0.270122,8.51765e-05
404.49,0.273588,8.64225e-05
406.939,0.276659,8.74636e-05
409.388,0.280199,8.87206e-05
411.837,0.283431,8.96969e-05
414.286,0.28677,9.08855e-05
416.735,0.290064,9.21155e-05
419.184,0.293392,9.28876e-05
421.633,0.296813,9.42189e-05
424.082,0.300351,9.53949e-05
426.531,0.303784,9.6246e-05
428.98,0.30695,9.73145e-05
431.429,0.310486,9.85668e-05
433.878,0.314068,0.000100034
436.327,0.317589,0.000101325
438.776,0.320995,0.000102336
441.224,0.324414,0.00010342
443.673,0.327968,0.000104648
446.122,0.331312,0.000106005
448.571,0.335074,0.000107272
451.02,0.338725,0.000108409
453.469,0.34204,0.000109066
455.918,0.345721,0.000110299
458.367,0.349419,0.000111564
460.816,0.352737,0.000113059
463.265,0.356285,0.000113837
465.714,0.360006,0.000115105
468.163,0.363971,0.000116901
470.612,0.367462,0.00011817
473.061,0.371102,0.000118958
475.51,0.374768,0.000120283
477.959,0.378323,0.000121479
480.408,0.382239,0.000122996
482.857,0.38587,0.000124072
485.306,0.389274,0.000124628
487.755,0.3932,0.000126551
490.204,0.397215,0.000127955
492.653,0.40112,0.000129457
495.102,0.40466,0.000130572
497.551,0.408681,0.000131647
500.0,0.412198,0.000132714
502.449,0.415979,0.000133756
504.898,0.419835,0.00013535
507.347,0.423701,0.000136629
509.796,0.427509,0.000138352
512.245,0.431623,0.000139477
514.694,0.435382,0.000140288
517.143,0.439469,0.00014234
519.592,0.44327,0.000143898
522.041,0.446891,0.000144515
524.49,0.450993,0.000146165
526.939,0.454871,0.000147374
529.388,0.458817,0.00014833
531.837,0.463046,0.000150175
534.286,0.467185,0.000151716
536.735,0.470943,0.00015344
539.184,0.474893,0.000154822
541.633,0.478692,0.000155654
544.082,0.483087,0.000157355
546.531,0.486949,0.00015839
548.98,0.491256,0.000160662
551.429,0.495412,0.000161536
553.878,0.49937,0.000163143
556.327,0.50302,0.00016385
558.776,0.507419,0.000165737
561.224,0.511705,0.000167285
563.673,0.515952,0.000168567
566.122,0.519846,0.000169951
568.571,0.523783,0.000170627
571.02,0.527922,0.000172323
573.469,0.532403,0.000174262
575.918,0.536466,0.000176087
578.367,0.540365,0.000177002
580.816,0.544943,0.000179097
583.265,0.54878,0.000179995
585.714,0.553031,0.000181223
588.163,0.557476,0.000183116
590.612,0.561484,0.000184177
593.061,0.565814,0.000185288
595.51,0.57019,0.000187392
597.959,0.574714,0.000188378
600.408,0.578719,0.000190237
602.857,0.583152,0.000192518
605.306,0.587543,0.000193683
607.755,0.591794,0.0001945
610.204,0.596417,0.000197027
612.653,0.60059,0.000197368
615.102,0.60475,0.000199341
617.551,0.609037,0.000201051
620.0,0.613598,0.000202977
622.449,0.617867,0.000204196
624.898,0.622323,0.000204838
627.347,0.627035,0.000207626
629.796,0.631259,0.000208958
632.245,0.635615,0.000209743
634.694,0.640441,0.000212817
637.143,0.64486,0.000213727
639.592,0.649094,0.000215151
642.041,0.653521,0.000216507
644.49,0.658163,0.000218198
646.939,0.662462,0.000220039
649.388,0.667295,0.000222099
651.837,0.671392,0.00022327
654.286,0.676038,0.000224613
656.735,0.680713,0.000227067
659.184,0.685058,0.000228141
661.633,0.689696,0.000229453
664.082,0.694511,0.000231812
666.531,0.699133,0.000231971
668.98,0.703796,0.00023517
671.429,0.707689,0.000235539
673.878,0.712415,0.000238479
676.327,0.717107,0.000238739
678.776,0.722131,0.000241037
681.224,0.726436,0.000242417
683.673,0.730894,0.000244063
686.122,0.735985,0.000245829
688.571,0.740119,0.000247616
691.02,0.744999,0.000249541
693.469,0.749391,0.00025056
695.918,0.754206,0.000252146
698.367,0.75928,0.000254732
700.816,0.764372,0.00025624
703.265,0.768812,0.000257318
705.714,0.773118,0.000259273
708.163,0.778259,0.000260834
710.612,0.783123,0.000262606
713.061,0.787736,0.000263588
715.51,0.791828,0.000264946
717.959,0.796934,0.00026756
720.408,0.801873,0.000269158
722.857,0.806732,0.00027117
725.306,0.811934,0.00027386
727.755,0.816221,0.000274959
730.204,0.821458,0.000277142
732.653,0.826382,0.000278863
735.102,0.830754,0.000279459
737.551,0.835716,0.00028276
740.0,0.840685,0.000284615
743.265,0.847158,0.000286224
746.531,0.85404,0.000289148
749.796,0.860721,0.000291132
753.061,0.866646,0.000293195
756.327,0.873406,0.000294924
759.592,0.8799,0.000297719
762.857,0.886544,0.000301261
766.122,0.893116,0.000302538
769.388,0.899486,0.000305016
772.653,0.906981,0.000307465
775.918,0.912964,0.000310099
779.184,0.919459,0.000311589
782.449,0.926221,0.00031452
785.714,0.933308,0.000317452
788.98,0.939965,0.00031934
792.245,0.946647,0.000321538
795.51,0.953293,0.00032472
798.776,0.960032,0.000327089
802.041,0.967007,0.000330079
805.306,0.973608,0.000332594
808.571,0.980729,0.000335053
811.837,0.987319,0.000335746
815.102,0.994427,0.000341004
818.367,1.00109,0.000341886
821.633,1.00803,0.000344775
824.898,1.01497,0.000348144
828.163,1.02232,0.000350668
831.429,1.02938,0.00035273
834.694,1.03515,0.000353728
837.959,1.04306,0.000360657
841.224,1.04968,0.000359037
844.49,1.05676,0.000362649
847.755,1.0631,0.000364591
851.02,1.07068,0.000368826
854.286,1.07778,0.000368897
857.551,1.08454,0.000373013
860.816,1.09112,0.000373476
864.082,1.09899,0.000378835
867.347,1.10594,0.000380145
870.612,1.11358,0.000383858
873.878,1.11931,0.000385349
877.143,1.12776,0.000389753
880.408,1.13406,0.000390631
883.673,1.14173,0.000395413
886.939,1.14907,0.000395436
890.204,1.1558,0.000399027
893.469,1.16306,0.000400747
896.735,1.16987,0.000402507
900.0,1.17706,0.000406373
903.265,1.18498,0.000410822
906.531,1.19166,0.000412026
909.796,1.19944,0.000416712
913.061,1.20631,0.000418908
916.327,1.21308,0.000419634
919.592,1.22099,0.000423399
922.857,1.22862,0.000427437
926.122,1.23537,0.000428519
929.388,1.24281,0.000431159
932.653,1.25045,0.000434461
935.918,1.25808,0.000439184
939.184,1.26512,0.000440185
942.449,1.27282,0.000444401
945.714,1.28061,0.000446532
948.98,1.28723,0.000447575
952.245,1.29577,0.000452412
955.51,1.30246,0.000455076
958.776,1.31037,0.000457025
962.041,1.31752,0.000460599
965.306,1.32488,0.000463905
968.571,1.33241,0.000464868
971.837,1.33917,0.00046772
975.102,1.34754,0.000470124
978.367,1.35483,0.000474728
981.633,1.36163,0.000475068
984.898,1.37046,0.000479528
988.163,1.37781,0.000483405
991.429,1.38515,0.000486359
994.694,1.39299,0.00048933
997.959,1.40073,0.000491296
1001.22,1.40838,0.000493368
1004.49,1.41552,0.000495904
1007.76,1.42246,0.00049813
1011.02,1.43083,0.00050355
1014.29,1.43887,0.000504862
1017.55,1.44654,0.000508406
1020.82,1.45438,0.000513492
1024.08,1.46206,0.000514814
1027.35,1.46965,0.000516777
1030.61,1.47767,0.000522652
1033.88,1.48431,0.00052149
1037.14,1.49261,0.000526626
1040.41,1.50121,0.000530283
1043.67,1.50783,0.000531123
1046.94,1.5164,0.000537157
1050.2,1.52252,0.000535862
1053.47,1.53261,0.000541821
1056.73,1.53964,0.000543939
1060.0,1.54764,0.00054676
1064.9,1.56022,0.000551477
1069.8,1.57178,0.000557122
1074.69,1.58344,0.000562416
1079.59,1.59526,0.000565393
1084.49,1.60675,0.000571246
1089.39,1.61862,0.000573933
1094.29,1.63158,0.000578751
1099.18,1.64279,0.000584908
1104.08,1.6542,0.000589519
1108.98,1.66632,0.000593193
1113.88,1.67833,0.000598135
1118.78,1.6913,0.000604283
1123.67,1.70305,0.000607884
1128.57,1.71461,0.000609488
1133.47,1.72812,0.000617178
1138.37,1.74064,0.000622357
1143.27,1.75235,0.000626797
1148.16,1.76307,0.000631351
1153.06,1.77681,0.000635674
1157.96,1.78957,0.000640519
1162.86,1.80068,0.000644795
1167.76,1.81379,0.000651472
1172.65,1.82496,0.000655774
1177.55,1.83775,0.000661757
1182.45,1.84945,0.000666521
1187.35,1.86369,0.000668734
1192.24,1.87621,0.000676456
1197.14,1.88773,0.000680701
1202.04,1.90077,0.000685648
1206.94,1.91485,0.000690941
1211.84,1.92607,0.000692961
1216.73,1.93867,0.000698557
1221.63,1.94995,0.000704899
1226.53,1.96485,0.000711169
1231.43,1.97631,0.000714232
1236.33,1.9888,0.000718224
1241.22,2.0021,0.000723683
1246.12,2.01407,0.00072935
1251.02,2.02689,0.000732048
1255.92,2.04064,0.00073653
1260.82,2.05497,0.000746617
1265.71,2.0645,0.000745495
1270.61,2.07821,0.000752657
1275.51,2.09257,0.000757563
1280.41,2.10399,0.000763525
1285.31,2.11743,0.000766671
1290.2,2.13025,0.000775235
1295.1,2.14326,0.0007801
1300.0,2.1553,0.000785347
1304.9,2.16833,0.000792074
1309.8,2.18259,0.000796531
1314.69,2.19578,0.000799864
1319.59,2.20958,0.00080783
1324.49,2.22241,0.000817967
1329.39,2.23393,0.000819237
1334.29,2.24801,0.000819871
1339.18,2.26168,0.000829669
1344.08,2.27409,0.00083266
1348.98,2.28751,0.000836483
1353.88,2.30138,0.000841763
1358.78,2.3131,0.000845682
1363.67,2.32685,0.000856176
1368.57,2.33959,0.000858481
1373.47,2.35484,0.000867189
1378.37,2.36647,0.000864634
1383.27,2.38108,0.000874445
1388.16,2.3945,0.000880382
1393.06,2.40607,0.000885852
1397.96,2.42143,0.000892817
1402.86,2.43408,0.000898672
1407.76,2.44828,0.000901213
1412.65,2.4605,0.000900483
1417.55,2.47378,0.00091122
1422.45,2.48738,0.000915436
1427.35,2.50215,0.000924555
1432.24,2.5161,0.000927308
1437.14,2.52859,0.000934144
1442.04,2.5418,0.000940467
1446.94,2.55697,0.000944624
1451.84,2.56901,0.000946599
1456.73,2.58307,0.000954619
1461.63,2.59802,0.00096144
1466.53,2.61072,0.000970886
1471.43,2.62555,0.000975045
1476.33,2.63625,0.000973699
1481.22,2.65156,0.000978876
1486.12,2.66654,0.000988116
1491.02,2.6802,0.00099554
1495.92,2.69325,0.0010025
1500.82,2.70748,0.00100861
1505.71,2.7198,0.00100591
1510.61,2.73603,0.00102106
1515.51,2.748,0.00102038
1520.41,2.76469,0.00103393
1525.31,2.77578,0.00103165
1530.2,2.7913,0.00104825
1535.1,2.80366,0.00104297
1540.0,2.81914,0.00105658
1547.35,2.84022,0.00106012
1554.69,2.86106,0.00107114
1562.04,2.88295,0.00107868
1569.39,2.90324,0.0010886
1576.73,2.92528,0.00109745
1584.08,2.94602,0.001105
1591.43,2.96657,0.00111338
1598.78,2.98903,0.00112477
1606.12,3.0098,0.0011284
1613.47,3.03163,0.00113604
1620.82,3.05361,0.00114577
1628.16,3.07695,0.00115433
1635.51,3.09674,0.00116402
1642.86,3.11827,0.00117508
1650.2,3.14025,0.00118233
1657.55,3.16089,0.00118908
1664.9,3.18208,0.00119996
1672.24,3.20508,0.00120668
1679.59,3.22472,0.00121989
1686.94,3.24743,0.00122409
1694.29,3.27103,0.0012375
1701.63,3.28984,0.00123672
1708.98,3.31441,0.00125004
1716.33,3.33671,0.0012636
1723.67,3.35766,0.00126871
1731.02,3.37743,0.00127911
1738.37,3.40265,0.00128563
1745.71,3.42257,0.00130362
1753.06,3.44722,0.00131052
1760.41,3.46779,0.00132341
1767.76,3.49191,0.00132737
1775.1,3.51242,0.00133381
1782.45,3.53627,0.00133465
1789.8,3.5608,0.00136114
1797.14,3.5803,0.00136843
1804.49,3.60314,0.00138071
1811.84,3.62492,0.00137869
1819.18,3.64807,0.00139301
1826.53,3.66887,0.00140107
1833.88,3.69373,0.00141103
1841.22,3.71627,0.00142084
1848.57,3.73832,0.00143244
1855.92,3.76049,0.0014456
1863.27,3.78242,0.00144462
1870.61,3.806,0.00146419
1877.96,3.82707,0.00147078
1885.31,3.85237,0.00147984
1892.65,3.87622,0.00148704
1900.0,3.89816,0.00149086
1907.35,3.9224,0.00151726
1914.69,3.94597,0.00152438
1922.04,3.96723,0.00153061
1929.39,3.99193,0.00153701
1936.73,4.01221,0.00154604
1944.08,4.03747,0.00155512
1951.43,4.0558,0.00155954
1958.78,4.08446,0.00156584
1966.12,4.10596,0.00158486
1973.47,4.12849,0.00159196
1980.82,4.15332,0.00161008
1988.16,4.17538,0.00161218
1995.51,4.19763,0.00162517
2002.86,4.22538,0.00163865
2010.2,4.24593,0.00164389
2017.55,4.26991,0.00165726
2024.9,4.2944,0.00168215
2032.24,4.31798,0.00167935
2039.59,4.33955,0.00169551
2046.94,4.36589,0.00170246
2054.29,4.39067,0.00170767
2061.63,4.41069,0.00172501
2068.98,4.43356,0.00172822
2076.33,4.45981,0.00172865
2083.67,4.48172,0.00174594
2091.02,4.50743,0.00176257
2098.37,4.52946,0.00177322
2105.71,4.55443,0.00177132
2113.06,4.57662,0.00177963
2120.41,4.59988,0.00179023
2127.76,4.62311,0.00180673
2135.1,4.65435,0.00182729
2142.45,4.67336,0.00182482
2149.8,4.69844,0.00183715
2157.14,4.72443,0.00184627
2164.49,4.74713,0.00184801
2171.84,4.77208,0.0018763
2179.18,4.79708,0.00188694
2186.53,4.81911,0.00187498
2193.88,4.84481,0.00190541
2201.22,4.86999,0.00191715
2208.57,4.89227,0.00191764
2215.92,4.9168,0.0019315
2223.27,4.94196,0.00193983
2230.61,4.9644,0.00195556
2237.96,4.98986,0.00195719
2245.31,5.0138,0.00197154
2252.65,5.03824,0.00197465
2260.0,5.06323,0.00199965
2271.02,5.09741,0.00200746
2282.04,5.13439,0.00203308
2293.06,5.17714,0.00205246
2304.08,5.21054,0.00205323
2315.1,5.24814,0.00209522
2326.12,5.28565,0.00209224
2337.14,5.32319,0.00210404
2348.16,5.36125,0.00212372
2359.18,5.39636,0.00214553
2370.2,5.43748,0.00217245
2381.22,5.47283,0.00217901
2392.24,5.50733,0.00219035
2403.27,5.54759,0.00219963
2414.29,5.58525,0.00222929
2425.31,5.61821,0.00224374
2436.33,5.66305,0.00225463
2447.35,5.70002,0.00226276
2458.37,5.73758,0.00228791
2469.39,5.77714,0.00231494
2480.41,5.8115,0.00232858
2491.43,5.85232,0.00233573
2502.45,5.89404,0.00236107
2513.47,5.92891,0.00237135
2524.49,5.96618,0.00239848
2535.51,6.00611,0.00239895
2546.53,6.04422,0.00242345
2557.55,6.08643,0.00245197
2568.57,6.11995,0.00247136
2579.59,6.15689,0.00246772
2590.61,6.2019,0.00248059
2601.63,6.23763,0.00250849
2612.65,6.27442,0.00253464
2623.67,6.31295,0.00253264
2634.69,6.35539,0.00257639
2645.71,6.3944,0.00258767
2656.73,6.43116,0.00260592
2667.76,6.47275,0.00259988
2678.78,6.50998,0.00262
2689.8,6.55104,0.00263442
2700.82,6.58599,0.00265133
2711.84,6.6301,0.00269181
2722.86,6.6694,0.00270029
2733.88,6.70833,0.00272187
2744.9,6.74537,0.00275437
2755.92,6.78688,0.00275522
2766.94,6.82667,0.00276067
2777.96,6.86549,0.00277122
2788.98,6.90643,0.00280413
2800.0,6.95291,0.00286195
2814.29,6.99422,0.00282516
2828.57,7.04942,0.0028714
2842.86,7.10476,0.0028881
2857.14,7.14373,0.00289945
2871.43,7.20509,0.00294212
2885.71,7.25555,0.00298119
2900.0,7.31478,0.00300627
2914.29,7.35832,0.00300231
2928.57,7.41639,0.00304224
2942.86,7.46814,0.00305954
2957.14,7.51655,0.0030815
2971.43,7.57478,0.00309703
2985.71,7.62463,0.00312341
3000.0,7.67861,0.00315761
3014.29,7.73088,0.00319103
3028.57,7.783,0.00318953
3042.86,7.83756,0.00322358
3057.14,7.88955,0.00326413
3071.43,7.94951,0.00329528
3085.71,7.99507,0.00329814
3100.0,8.05856,0.00332503
3114.29,8.10378,0.00331495
3128.57,8.15763,0.00338438
3142.86,8.21219,0.00340494
3157.14,8.26421,0.00341765
3171.43,8.31712,0.00344627
3185.71,8.37587,0.00347314
3200.0,8.43778,0.00353979
3214.29,8.4821,0.00353156
3228.57,8.53668,0.00354376
3242.86,8.58808,0.00356638
3257.14,8.64864,0.00357508
3271.43,8.69923,0.00365464
3285.71,8.75123,0.00364954
3300.0,8.81444,0.00365235
3314.29,8.87464,0.00375541
3328.57,8.91767,0.0037158
3342.86,8.9708,0.00374673
3357.14,9.03118,0.00375665
3371.43,9.08487,0.00383237
3385.71,9.13986,0.0038203
3400.0,9.19642,0.00383805
3414.29,9.24975,0.0038604
3428.57,9.30651,0.00391867
3442.86,9.3627,0.0038961
3457.14,9.41445,0.00394973
3471.43,9.4726,0.00398003
3485.71,9.52831,0.0040035
3500.0,9.58743,0.0040356
3520.41,9.66167,0.00407677
3540.82,9.74714,0.00410629
3561.22,9.82694,0.00415557
3581.63,9.90564,0.0041768
3602.04,9.98523,0.00421148
3622.45,10.0662,0.00423535
3642.86,10.138,0.00425216
3663.27,10.227,0.00438863
3683.67,10.3022,0.00433295
3704.08,10.3834,0.00439366
3724.49,10.4784,0.00449251
3744.9,10.5514,0.0044691
3765.31,10.6363,0.00455108
3785.71,10.7109,0.00452386
3806.12,10.7936,0.00461337
3826.53,10.8741,0.00459326
3846.94,10.9593,0.00465983
3867.35,11.0454,0.00472106
3887.76,11.1282,0.00475663
3908.16,11.2092,0.00483178
3928.57,11.2954,0.00483161
3948.98,11.3691,0.00481503
3969.39,11.4542,0.00492741
3989.8,11.5395,0.00495929
4010.2,11.6248,0.00500293
4030.61,11.705,0.0050115
4051.02,11.7855,0.00502698
4071.43,11.8716,0.00509418
4091.84,11.9592,0.00511955
4112.24,12.0445,0.00514985
4132.65,12.1275,0.00524668
4153.06,12.2082,0.00529437
4173.47,12.2792,0.00525111
4193.88,12.389,0.00534912
4214.29,12.4605,0.00541425
4234.69,12.5572,0.00548836
4255.1,12.6321,0.00547705
4275.51,12.7234,0.00549936
4295.92,12.8108,0.0055801
4316.33,12.8838,0.00556289
4336.73,12.9766,0.00562195
4357.14,13.059,0.0056633
4377.55,13.1488,0.00572467
4397.96,13.2315,0.00574028
4418.37,13.307,0.00576785
4438.78,13.415,0.0058945
4459.18,13.4798,0.00583064
4479.59,13.5704,0.00588875
4500.0,13.6742,0.00597965
4530.61,13.7834,0.00598944
4561.22,13.9281,0.0061684
4591.84,14.0505,0.00613876
4622.45,14.1865,0.00620897
4653.06,14.3114,0.0062975
4683.67,14.4355,0.00629643
4714.29,14.5799,0.00637668
4744.9,14.7101,0.00650866
4775.51,14.84,0.00654274
4806.12,14.9708,0.00654683
4836.73,15.1106,0.00672444
4867.35,15.2355,0.00670679
4897.96,15.3693,0.00678586
4928.57,15.5041,0.00682447
4959.18,15.6453,0.00692673
4989.8,15.7761,0.00702933
5020.41,15.8931,0.00704995
5051.02,16.0236,0.00703157
5081.63,16.1723,0.007175
5112.24,16.3125,0.00729253
5142.86,16.4513,0.00725392
5173.47,16.5733,0.00740954
5204.08,16.7001,0.00742193
5234.69,16.851,0.00743462
5265.31,16.9879,0.00759594
5295.92,17.1191,0.00758358
5326.53,17.2461,0.00774751
5357.14,17.3871,0.00774594
5387.76,17.5298,0.0078136
5418.37,17.6642,0.00794978
5448.98,17.7962,0.00800512
5479.59,17.9268,0.00801597
5510.2,18.0795,0.00815673
5540.82,18.216,0.00817278
5571.43,18.3586,0.00825796
5602.04,18.5049,0.00830709
5632.65,18.6458,0.00839495
5663.27,18.7807,0.00844279
5693.88,18.9082,0.00847549
5724.49,19.0586,0.00861322
5755.1,19.1842,0.00868034
5785.71,19.3189,0.00864139
5816.33,19.4737,0.00883494
5846.94,19.6193,0.00886116
5877.55,19.7399,0.00890667
5908.16,19.909,0.00903458
5938.78,20.0382,0.00924807
5969.39,20.1601,0.00910171
6000.0,20.3255,0.00924062
6040.82,20.5011,0.00935773
6081.63,20.6876,0.00935046
6122.45,20.8928,0.0096778
6163.27,21.0697,0.00962264
6204.08,21.2429,0.00959848
6244.9,21.4561,0.0098734
6285.71,21.6466,0.00987627
6326.53,21.8302,0.00999199
6367.35,22.0152,0.0101028
6408.16,22.2354,0.0103009
6448.98,22.4276,0.0102107
6489.8,22.5985,0.0103968
6530.61,22.8082,0.0104607
6571.43,22.9795,0.0105813
6612.24,23.1819,0.0107581
6653.06,23.3809,0.0108108
6693.88,23.5851,0.0109552
6734.69,23.7582,0.0109906
6775.51,23.9453,0.0109512
6816.33,24.1441,0.0111395
6857.14,24.3623,0.011163
6897.96,24.5459,0.0112971
6938.78,24.7394,0.0114772
6979.59,24.928,0.0116222
7020.41,25.1608,0.0118224
7061.22,25.3278,0.011819
7102.04,25.5414,0.0119393
7142.86,25.7201,0.0119379
7183.67,25.9172,0.0120393
7224.49,26.1222,0.0122369
7265.31,26.339,0.0123001
7306.12,26.5088,0.0122635
7346.94,26.7114,0.0124719
7387.76,26.903,0.0125516
7428.57,27.1078,0.0127769
7469.39,27.3289,0.012868
7510.2,27.5286,0.0128831
7551.02,27.7402,0.0130779
7591.84,27.9463,0.0130759
7632.65,28.1291,0.0132787
7673.47,28.327,0.0134108
7714.29,28.5397,0.013436
7755.1,28.7376,0.0134719
7795.92,28.9339,0.0135914
7836.73,29.1354,0.0136799
7877.55,29.3069,0.0136328
7918.37,29.5394,0.0140173
7959.18,29.757,0.0139956
8000.0,29.9232,0.0139559
8040.82,30.1356,0.0142725
8081.63,30.3405,0.0142638
8122.45,30.572,0.0145239
8163.27,30.793,0.014511
8204.08,30.9616,0.0146724
8244.9,31.1569,0.0146808
8285.71,31.3802,0.0148873
8326.53,31.5932,0.0149708
8367.35,31.7908,0.0152018
8408.16,31.9834,0.0151461
8448.98,32.2074,0.0154045
8489.8,32.4052,0.0154991
8530.61,32.5928,0.0155501
8571.43,32.8276,0.0156034
8612.24,33.0449,0.0158813
8653.06,33.2351,0.0157415
8693.88,33.4555,0.0160429
8734.69,33.6634,0.0160818
8775.51,33.8712,0.016615
8816.33,34.1344,0.0165981
8857.14,34.3064,0.0164229
8897.96,34.4939,0.0163589
8938.78,34.7058,0.0166291
8979.59,34.9148,0.0166106
9020.41,35.138,0.0167149
9061.22,35.3342,0.0169094
9102.04,35.5397,0.0172794
9142.86,35.7667,0.0173697
9183.67,35.9918,0.0173536
9224.49,36.2014,0.0174945
9265.31,36.4015,0.0178992
9306.12,36.6196,0.0177057
9346.94,36.8342,0.0179001
9387.76,37.062,0.0180954
9428.57,37.2776,0.0180272
9469.39,37.4854,0.0182019
9510.2,37.6843,0.0183455
9551.02,37.9031,0.0188758
9591.84,38.1105,0.0184704
9632.65,38.3232,0.0186398
9673.47,38.5345,0.0185588
9714.29,38.7635,0.0188594
9755.1,38.9672,0.0193027
9795.92,39.2101,0.0194763
9836.73,39.4216,0.0191246
9877.55,39.6043,0.0191906
9918.37,39.847,0.019695
9959.18,40.0733,0.019544
10000.0,40.2345,0.0195843
