0.0,0.0,0.0
0.000204082,0.0,0.0
0.000408163,0.0,0.0
0.000612245,0.0,0.0
0.000816327,0.0,0.0
0.00102041,0.0,0.0
0.00122449,0.0,0.0
0.00142857,0.0,0.0
0.00163265,0.0,0.0
0.00183673,0.0,0.0
0.00204082,0.0,0.0
0.0022449,0.0,0.0
0.00244898,0.0,0.0
0.00265306,0.0,0.0
0.00285714,0.0,0.0
0.00306122,0.0,0.0
0.00326531,0.0,0.0
0.00346939,0.0,0.0
0.00367347,0.0,0.0
0.00387755,0.0,0.0
0.00408163,0.0,0.0
0.00428571,0.0,0.0
0.0044898,0.0,0.0
0.00469388,0.0,0.0
0.00489796,0.0,0.0
0.00510204,0.0,0.0
0.00530612,0.0,0.0
0.0055102,0.0,0.0
0.00571429,0.0,0.0
0.00591837,0.0,0.0
0.00612245,0.0,0.0
0.00632653,0.0,0.0
0.00653061,0.0,0.0
0.00673469,0.0,0.0
0.00693878,0.0,0.0
0.00714286,0.0,0.0
0.00734694,0.0,0.0
0.00755102,0.0,0.0
0.0077551,0.0,0.0
0.00795918,0.0,0.0
0.00816327,0.0,0.0
0.00836735,0.0,0.0
0.00857143,0.0,0.0
0.00877551,0.0,0.0
0.00897959,0.0,0.0
0.00918367,0.0,0.0
0.00938776,0.0,0.0
0.00959184,0.0,0.0
0.00979592,0.0,0.0
0.01,0.0,0.0
0.0118367,0.0,0.0
0.0136735,0.0,0.0
0.0155102,0.0,0.0
0.0173469,0.0,0.0
0.0191837,0.0,0.0
0.0210204,0.0,0.0
0.0228571,0.0,0.0
0.0246939,0.0,0.0
0.0265306,0.0,0.0
0.0283673,0.0,0.0
0.0302041,0.0,0.0
0.0320408,0.0,0.0
0.0338776,0.0,0.0
0.0357143,0.0,0.0
0.037551,0.0,0.0
0.0393878,0.0,0.0
0.0412245,0.0,0.0
0.0430612,0.0,0.0
0.044898,0.0,0.0
0.0467347,0.0,0.0
0.0485714,0.0,0.0
0.0504082,0.0,0.0
0.0522449,0.0,0.0
0.0540816,0.0,0.0
0.0559184,0.0,0.0
0.0577551,0.0,0.0
0.0595918,0.0,0.0
0.0614286,0.0,0.0
0.0632653,0.0,0.0
0.065102,0.0,0.0
0.0669388,0.0,0.0
0.0687755,0.0,0.0
0.0706122,0.0,0.0
0.072449,0.0,0.0
0.0742857,0.0,0.0
0.0761224,0.0,0.0
0.0779592,0.0,0.0
0.0797959,0.0,0.0
0.0816327,0.0,0.0
0.0834694,0.0,0.0
0.0853061,0.0,0.0
0.0871429,0.0,0.0
0.0889796,0.0,0.0
0.0908163,0.0,0.0
0.0926531,0.0,0.0
0.0944898,0.0,0.0
0.0963265,0.0,0.0
0.0981633,0.0,0.0
0.1,0.0,0.0
0.102041,0.0,0.0
0.104082,0.0,0.0
0.106122,0.0,0.0
0.108163,3.74212e-16,2.62309e-19
0.110204,2.16e-14,1.74189e-17
0.112245,2.35232e-13,2.05729e-16
0.114286,1.28186e-12,1.18507e-15
0.116327,4.76358e-12,4.55374e-15
0.118367,1.38008e-11,1.3856e-14
0.120408,3.38978e-11,3.3876e-14
0.122449,7.33829e-11,7.51098e-14
0.12449,1.44399e-10,1.52829e-13
0.126531,2.64008e-10,2.62891e-13
0.128571,4.51973e-10,4.47697e-13
0.130612,7.38035e-10,7.56214e-13
0.132653,1.15422e-09,1.14968e-12
0.134694,1.74138e-09,1.8347e-12
0.136735,2.54438e-09,2.50951e-12
0.138776,3.62577e-09,3.65181e-12
0.140816,5.03283e-09,4.85138e-12
0.142857,6.84645e-09,6.63397e-12
0.144898,9.14741e-09,8.56803e-12
0.146939,1.20345e-08,1.11626e-11
0.14898,1.55414e-08,1.38769e-11
0.15102,1.9861e-08,1.80312e-11
0.153061,2.50491e-08,2.27502e-11
0.155102,3.12256e-08,2.77325e-11
0.157143,3.85443e-08,3.79318e-11
0.159184,4.706e-08,4.38971e-11
0.161224,5.69652e-08,4.82461e-11
0.163265,6.84319e-08,5.87656e-11
0.165306,8.17656e-08,7.22263e-11
0.167347,9.69645e-08,8.34471e-11
0.169388,1.13893e-07,1.00053e-10
0.171429,1.32808e-07,1.09127e-10
0.173469,1.54743e-07,1.27359e-10
0.17551,1.78675e-07,1.51659e-10
0.177551,2.05751e-07,1.74065e-10
0.179592,2.35745e-07,1.91232e-10
0.181633,2.69028e-07,2.48086e-10
0.183673,3.0562e-07,2.433e-10
0.185714,3.45494e-07,2.71153e-10
0.187755,3.89489e-07,3.07906e-10
0.189796,4.36105e-07,3.22069e-10
0.191837,4.88088e-07,3.81099e-10
0.193878,5.45643e-07,4.79326e-10
0.195918,6.0641e-07,4.762e-10
0.197959,6.72254e-07,4.96632e-10
0.2,7.43935e-07,6.43843e-10
0.202041,8.20197e-07,6.26278e-10
0.204082,9.01502e-07,6.52265e-10
0.206122,9.89654e-07,7.05983e-10
0.208163,1.08435e-06,8.37374e-10
0.210204,1.18675e-06,1.32023e-09
0.212245,1.29096e-06,8.90329e-10
0.214286,1.4067e-06,1.10646e-09
0.216327,1.52721e-06,1.12413e-09
0.218367,1.65332e-06,1.38642e-09
0.220408,1.78877e-06,1.27645e-09
0.222449,1.9342e-06,1.38103e-09
0.22449,2.0822e-06,1.51332e-09
0.226531,2.24785e-06,1.79935e-09
0.228571,2.41334e-06,1.64806e-09
0.230612,2.59089e-06,1.75858e-09
0.232653,2.77955e-06,2.06229e-09
0.234694,2.97758e-06,2.30595e-09
0.236735,3.178e-06,2.11862e-09
0.238776,3.39095e-06,2.25187e-09
0.240816,3.6179e-06,2.43729e-09
0.242857,3.85447e-06,2.91562e-09
0.244898,4.09937e-06,3.25871e-09
0.246939,4.3566e-06,3.00277e-09
0.24898,4.62453e-06,3.06538e-09
0.25102,4.90564e-06,3.30257e-09
0.253061,5.1993e-06,3.63862e-09
0.255102,5.49324e-06,3.83728e-09
0.257143,5.81159e-06,4.14201e-09
0.259184,6.13635e-06,5.37825e-09
0.261224,6.47153e-06,4.3373e-09
0.263265,6.81851e-06,4.44423e-09
0.265306,7.19329e-06,4.65887e-09
0.267347,7.56565e-06,4.60418e-09
0.269388,7.95388e-06,4.82333e-09
0.271429,8.37282e-06,8.06708e-09
0.273469,8.77529e-06,5.28588e-09
0.27551,9.205e-06,5.66207e-09
0.277551,9.65658e-06,6.94275e-09
0.279592,1.0117e-05,6.2183e-09
0.281633,1.05851e-05,6.83708e-09
0.283673,1.10818e-05,6.78072e-09
0.285714,1.15793e-05,6.97444e-09
0.287755,1.21138e-05,7.20931e-09
0.289796,1.26649e-05,7.70179e-09
0.291837,1.32118e-05,8.24739e-09
0.293878,1.37742e-05,9.17617e-09
0.295918,1.43465e-05,8.66155e-09
0.297959,1.49643e-05,8.91661e-09
0.3,1.55804e-05,9.69751e-09
0.302041,1.62135e-05,1.04611e-08
0.304082,1.68641e-05,1.00794e-08
0.306122,1.75311e-05,1.06591e-08
0.308163,1.8215e-05,1.08941e-08
0.310204,1.8938e-05,1.14137e-08
0.312245,1.96282e-05,1.22157e-08
0.314286,2.04032e-05,1.24929e-08
0.316327,2.11487e-05,1.32795e-08
0.318367,2.19169e-05,1.20154e-08
0.320408,2.27279e-05,1.41014e-08
0.322449,2.357e-05,2.72829e-08
0.32449,2.43615e-05,1.37912e-08
0.326531,2.52233e-05,1.50609e-08
0.328571,2.6076e-05,1.39974e-08
0.330612,2.69907e-05,1.69613e-08
0.332653,2.79204e-05,1.57959e-08
0.334694,2.87914e-05,1.57276e-08
0.336735,2.97617e-05,1.64083e-08
0.338776,3.07267e-05,2.1043e-08
0.340816,3.17215e-05,1.72901e-08
0.342857,3.27574e-05,1.92912e-08
0.344898,3.37598e-05,2.20736e-08
0.346939,3.48357e-05,1.90158e-08
0.34898,3.59058e-05,1.88055e-08
0.35102,3.70078e-05,1.94184e-08
0.353061,3.81194e-05,2.19298e-08
0.355102,3.92689e-05,2.1377e-08
0.357143,4.04504e-05,2.2998e-08
0.359184,4.16004e-05,3.49014e-08
0.361224,4.28132e-05,2.34399e-08
0.363265,4.4071e-05,2.8044e-08
0.365306,4.52597e-05,2.42438e-08
0.367347,4.65545e-05,2.51459e-08
0.369388,4.78526e-05,2.65509e-08
0.371429,4.91469e-05,2.79556e-08
0.373469,5.04884e-05,2.66263e-08
0.37551,5.18515e-05,2.66197e-08
0.377551,5.32085e-05,2.76317e-08
0.379592,5.46642e-05,2.95591e-08
0.381633,5.60612e-05,3.12652e-08
0.383673,5.75614e-05,3.2172e-08
0.385714,5.90497e-05,3.15633e-08
0.387755,6.05032e-05,3.55063e-08
0.389796,6.2052e-05,3.12023e-08
0.391837,6.35682e-05,3.30625e-08
0.393878,6.51656e-05,3.22646e-08
0.395918,6.67836e-05,3.43147e-08
0.397959,6.83977e-05,3.6954e-08
0.4,6.99776e-05,3.60097e-08
0.402041,7.17659e-05,3.94789e-08
0.404082,7.33891e-05,3.96777e-08
0.406122,7.51409e-05,3.99222e-08
0.408163,7.68316e-05,4.07608e-08
0.410204,7.86385e-05,4.43145e-08
0.412245,8.03877e-05,3.911e-08
0.414286,8.22076e-05,4.10241e-08
0.416327,8.41978e-05,4.42929e-08
0.418367,8.59422e-05,4.47582e-08
0.420408,8.7882e-05,4.65415e-08
0.422449,8.97528e-05,4.55974e-08
0.42449,9.17582e-05,4.94051e-08
0.426531,9.36699e-05,4.70461e-08
0.428571,9.57178e-05,5.20606e-08
0.430612,9.76601e-05,4.80958e-08
0.432653,9.98013e-05,6.37948e-08
0.434694,0.000101803,4.8944e-08
0.436735,0.000103963,5.15823e-08
0.438776,0.000106133,5.36145e-08
0.440816,0.000108289,5.50788e-08
0.442857,0.000110455,5.94805e-08
0.444898,0.000112683,5.77624e-08
0.446939,0.000115063,6.15836e-08
0.44898,0.000117128,6.02801e-08
0.45102,0.000119298,5.56978e-08
0.453061,0.000121811,6.87146e-08
0.455102,0.000124105,7.08926e-08
0.457143,0.000126387,6.03467e-08
0.459184,0.00012888,6.48148e-08
0.461224,0.000131372,6.64284e-08
0.463265,0.000133716,6.68354e-08
0.465306,0.000136094,6.34272e-08
0.467347,0.000138755,7.06564e-08
0.469388,0.000141241,7.81258e-08
0.471429,0.000143842,6.88094e-08
0.473469,0.000146472,8.0614e-08
0.47551,0.000148997,6.94578e-08
0.477551,0.000151801,8.00868e-08
0.479592,0.000154362,7.34835e-08
0.481633,0.000157006,7.90288e-08
0.483673,0.000159846,7.72837e-08
0.485714,0.000162532,7.81168e-08
0.487755,0.000165556,8.44872e-08
0.489796,0.000168141,7.70584e-08
0.491837,0.000171028,8.44852e-08
0.493878,0.000173894,8.40406e-08
0.495918,0.00017691,8.412e-08
0.497959,0.000179915,1.26013e-07
0.5,0.00018254,8.45863e-08
0.502041,0.000185576,8.92554e-08
0.504082,0.000188764,8.60637e-08
0.506122,0.000191776,8.83174e-08
0.508163,0.000194728,8.66934e-08
0.510204,0.000197941,9.3191e-08
0.512245,0.000201123,9.80502e-08
0.514286,0.000204335,9.51095e-08
0.516327,0.000207275,1.16185e-07
0.518367,0.000210542,1.20003e-07
0.520408,0.00021377,9.8657e-08
0.522449,0.000217244,1.12456e-07
0.52449,0.000220469,1.02828e-07
0.526531,0.00022384,1.03729e-07
0.528571,0.000227109,1.03915e-07
0.530612,0.000230456,1.03105e-07
0.532653,0.000233955,1.15071e-07
0.534694,0.000237626,1.07857e-07
0.536735,0.000241174,1.23756e-07
0.538776,0.000244437,1.10326e-07
0.540816,0.000247983,1.0948e-07
0.542857,0.000251681,1.27687e-07
0.544898,0.000255064,1.12147e-07
0.546939,0.000258682,1.12942e-07
0.54898,0.000262638,1.32245e-07
0.55102,0.000266281,1.24386e-07
0.553061,0.000269703,1.24284e-07
0.555102,0.000273759,1.37702e-07
0.557143,0.000277252,1.32821e-07
0.559184,0.000281267,1.2862e-07
0.561224,0.000285023,1.29436e-07
0.563265,0.000288927,1.33905e-07
0.565306,0.000292732,1.42286e-07
0.567347,0.000296731,1.41578e-07
0.569388,0.000300691,1.43872e-07
0.571429,0.000304607,1.36789e-07
0.573469,0.0003089,2.47379e-07
0.57551,0.000312659,1.42099e-07
0.577551,0.000316954,1.38955e-07
0.579592,0.000321056,1.59742e-07
0.581633,0.000324962,1.39338e-07
0.583673,0.000329409,1.65922e-07
0.585714,0.000333604,1.61224e-07
0.587755,0.00033786,1.57656e-07
0.589796,0.000341884,1.5264e-07
0.591837,0.000346523,1.53403e-07
0.593878,0.000350831,1.56926e-07
0.595918,0.000354897,1.57829e-07
0.597959,0.000359544,1.64148e-07
0.6,0.00036401,1.68225e-07
0.602041,0.000368382,1.67552e-07
0.604082,0.00037279,1.66102e-07
0.606122,0.000377273,1.71634e-07
0.608163,0.000382084,1.76453e-07
0.610204,0.000386698,2.0563e-07
0.612245,0.000391068,1.70926e-07
0.614286,0.00039557,1.74554e-07
0.616327,0.000400535,1.96667e-07
0.618367,0.000404829,1.72979e-07
0.620408,0.000409817,1.80795e-07
0.622449,0.000414313,1.90496e-07
0.62449,0.000419173,2.33765e-07
0.626531,0.000424355,2.2065e-07
0.628571,0.000428937,1.9659e-07
0.630612,0.000433658,1.94868e-07
0.632653,0.000438984,1.92117e-07
0.634694,0.000443938,1.96727e-07
0.636735,0.000448483,1.98838e-07
0.638776,0.000453586,2.08569e-07
0.640816,0.000458536,1.9081e-07
0.642857,0.000464003,2.1223e-07
0.644898,0.000468525,2.06262e-07
0.646939,0.000474012,2.29532e-07
0.64898,0.000479215,2.07289e-07
0.65102,0.000484204,2.47471e-07
0.653061,0.000489563,2.18088e-07
0.655102,0.000494719,2.26192e-07
0.657143,0.000500345,2.94882e-07
0.659184,0.000505481,2.29271e-07
0.661224,0.000511258,2.8555e-07
0.663265,0.000516502,2.6799e-07
0.665306,0.000521815,2.34664e-07
0.667347,0.000526795,2.49296e-07
0.669388,0.000532483,2.9332e-07
0.671429,0.000538158,2.55628e-07
0.673469,0.000543572,4.36417e-07
0.67551,0.000549262,2.3245e-07
0.677551,0.000554338,2.39282e-07
0.679592,0.000560426,2.55948e-07
0.681633,0.000566494,2.56295e-07
0.683673,0.000572146,2.88118e-07
0.685714,0.00057729,2.4813e-07
0.687755,0.000583165,2.57686e-07
0.689796,0.000588181,2.45134e-07
0.691837,0.000594897,2.58938e-07
0.693878,0.000601008,3.01361e-07
0.695918,0.000606443,2.5962e-07
0.697959,0.000613005,3.07883e-07
0.7,0.00061864,2.88487e-07
0.702041,0.000623683,2.74359e-07
0.704082,0.000630282,2.67978e-07
0.706122,0.000636784,3.05663e-07
0.708163,0.000642008,2.75176e-07
0.710204,0.000648562,2.74735e-07
0.712245,0.000654282,2.73147e-07
0.714286,0.000660413,2.86016e-07
0.716327,0.000667872,3.74799e-07
0.718367,0.000674057,3.23333e-07
0.720408,0.000679803,3.18662e-07
0.722449,0.000686029,2.89464e-07
0.72449,0.000691843,3.04098e-07
0.726531,0.000698049,2.95775e-07
0.728571,0.000705333,3.23781e-07
0.730612,0.000711456,3.21444e-07
0.732653,0.000718205,3.16839e-07
0.734694,0.00072369,3.32246e-07
0.736735,0.000730801,3.10954e-07
0.738776,0.000737159,3.4315e-07
0.740816,0.000743921,3.0796e-07
0.742857,0.000750413,3.66753e-07
0.744898,0.000757165,3.20103e-07
0.746939,0.00076369,3.63266e-07
0.74898,0.000770602,3.62997e-07
0.75102,0.000777244,4.09526e-07
0.753061,0.000783592,3.48952e-07
0.755102,0.000791083,3.80546e-07
0.757143,0.000797171,3.3429e-07
0.759184,0.000804965,5.19869e-07
0.761224,0.000811232,3.53684e-07
0.763265,0.000818617,3.71226e-07
0.765306,0.00082568,4.27225e-07
0.767347,0.000832138,3.69529e-07
0.769388,0.00083965,3.64527e-07
0.771429,0.000845749,3.6373e-07
0.773469,0.000853331,4.22788e-07
0.77551,0.000860233,3.70928e-07
0.777551,0.000867233,3.67757e-07
0.779592,0.000874581,3.76332e-07
0.781633,0.000881766,3.84833e-07
0.783673,0.000888698,3.99941e-07
0.785714,0.000896314,3.78066e-07
0.787755,0.000903846,4.15207e-07
0.789796,0.000911165,3.93685e-07
0.791837,0.000918577,3.81883e-07
0.793878,0.000925734,4.04009e-07
0.795918,0.000932533,3.97999e-07
0.797959,0.000939723,4.13085e-07
0.8,0.000948405,4.15151e-07
0.802041,0.000955296,4.3812e-07
0.804082,0.000962793,4.12087e-07
0.806122,0.000970264,4.29174e-07
0.808163,0.000978034,4.09966e-07
0.810204,0.000985797,4.13708e-07
0.812245,0.000993244,4.40361e-07
0.814286,0.00100223,4.91475e-07
0.816327,0.0010102,7.33938e-07
0.818367,0.00101718,4.90883e-07
0.820408,0.00102465,4.59822e-07
0.822449,0.00103308,4.66617e-07
0.82449,0.00104041,4.38493e-07
0.826531,0.00104796,4.51267e-07
0.828571,0.0010556,4.47523e-07
0.830612,0.00106379,4.59356e-07
0.832653,0.00107159,4.88441e-07
0.834694,0.00107975,4.54258e-07
0.836735,0.00108779,4.60349e-07
0.838776,0.00109573,4.58057e-07
0.840816,0.00110425,6.57722e-07
0.842857,0.00111245,5.14735e-07
0.844898,0.00112009,4.71961e-07
0.846939,0.00112817,4.72593e-07
0.84898,0.00113737,5.49457e-07
0.85102,0.00114555,5.08317e-07
0.853061,0.00115391,5.14221e-07
0.855102,0.00116139,4.74462e-07
0.857143,0.00116996,4.9545e-07
0.859184,0.0011782,4.93074e-07
0.861224,0.00118761,5.25621e-07
0.863265,0.00119511,4.86163e-07
0.865306,0.00120374,4.9779e-07
0.867347,0.00121223,5.03446e-07
0.869388,0.00122241,5.23062e-07
0.871429,0.00122988,5.14199e-07
0.873469,0.00123798,5.16746e-07
0.87551,0.00124689,5.0121e-07
0.877551,0.00125549,5.21506e-07
0.879592,0.00126429,5.50229e-07
0.881633,0.00127277,5.36386e-07
0.883673,0.00128159,5.60205e-07
0.885714,0.00128992,5.8661e-07
0.887755,0.00129931,5.58051e-07
0.889796,0.00130753,5.74423e-07
0.891837,0.0013181,5.8575e-07
0.893878,0.00132686,6.63602e-07
0.895918,0.00133351,5.37502e-07
0.897959,0.00134401,6.92116e-07
0.9,0.0013525,5.6639e-07
0.902041,0.00136151,5.6369e-07
0.904082,0.00137069,5.83864e-07
0.906122,0.00137957,5.77321e-07
0.908163,0.00138925,6.18977e-07
0.910204,0.0013977,5.83331e-07
0.912245,0.00140842,6.86238e-07
0.914286,0.00141694,6.22376e-07
0.916327,0.00142608,6.12826e-07
0.918367,0.00143527,6.00638e-07
0.920408,0.00144505,6.68577e-07
0.922449,0.00145316,6.01822e-07
0.92449,0.00146358,5.98485e-07
0.926531,0.00147278,6.29682e-07
0.928571,0.00148312,6.46186e-07
0.930612,0.00149132,6.66041e-07
0.932653,0.00150091,6.18734e-07
0.934694,0.00151253,6.45447e-07
0.936735,0.00152005,7.1223e-07
0.938776,0.00153065,6.73307e-07
0.940816,0.00153942,6.42398e-07
0.942857,0.00154898,6.60698e-07
0.944898,0.00155897,6.53646e-07
0.946939,0.00156747,6.54127e-07
0.94898,0.001577,6.61023e-07
0.95102,0.00158879,7.69018e-07
0.953061,0.00159698,6.87187e-07
0.955102,0.00160711,6.6856e-07
0.957143,0.0016173,7.6793e-07
0.959184,0.00162904,7.86314e-07
0.961224,0.00163732,7.66141e-07
0.963265,0.00164732,6.82832e-07
0.965306,0.00165782,7.20644e-07
0.967347,0.00166752,7.94153e-07
0.969388,0.00167885,7.052e-07
0.971429,0.00168775,7.09187e-07
0.973469,0.00169792,7.43583e-07
0.97551,0.00170803,7.22503e-07
0.977551,0.00171773,7.63291e-07
0.979592,0.00172841,7.26136e-07
0.981633,0.00173753,7.05485e-07
0.983673,0.00174834,7.18162e-07
0.985714,0.00175924,7.20644e-07
0.987755,0.00176952,7.85791e-07
0.989796,0.00177955,7.61509e-07
0.991837,0.00178863,7.5686e-07
0.993878,0.00180022,7.72932e-07
0.995918,0.0018111,8.19364e-07
0.997959,0.00182117,7.73866e-07
1.0,0.0018297,7.72797e-07
1.08163,0.00227626,9.55827e-07
1.16327,0.00276716,1.16241e-06
1.2449,0.0033053,1.47052e-06
1.32653,0.0038906,1.66352e-06
1.40816,0.0045163,1.86145e-06
1.4898,0.00518335,2.29668e-06
1.57143,0.00589487,2.59085e-06
1.65306,0.00664218,2.66696e-06
1.73469,0.00743544,3.15679e-06
1.81633,0.00827112,3.60673e-06
1.89796,0.00913277,4.24347e-06
1.97959,0.0100376,4.85592e-06
2.06122,0.0109762,4.7593e-06
2.14286,0.0119444,5.27142e-06
2.22449,0.012953,5.46583e-06
2.30612,0.0139786,5.92553e-06
2.38776,0.0150696,6.73841e-06
2.46939,0.0161713,7.2592e-06
2.55102,0.0172927,7.41345e-06
2.63265,0.0184833,9.10232e-06
2.71429,0.0196612,8.91645e-06
2.79592,0.0208926,9.50872e-06
2.87755,0.0221239,1.00086e-05
2.95918,0.0234229,1.11215e-05
3.04082,0.0247176,1.15149e-05
3.12245,0.0260525,1.13414e-05
3.20408,0.0274123,1.19497e-05
3.28571,0.0288138,1.75806e-05
3.36735,0.0302207,1.4723e-05
3.44898,0.031629,1.51422e-05
3.53061,0.0330934,1.42679e-05
3.61224,0.0345722,1.60588e-05
3.69388,0.0360907,1.83665e-05
3.77551,0.0376061,1.70992e-05
3.85714,0.0391842,1.84662e-05
3.93878,0.0407663,1.91025e-05
4.02041,0.0423585,2.21964e-05
4.10204,0.0439618,2.35734e-05
4.18367,0.0455778,2.2848e-05
4.26531,0.0472123,2.23549e-05
4.34694,0.0489407,2.61408e-05
4.42857,0.050616,2.40716e-05
4.5102,0.0523322,2.45544e-05
4.59184,0.0540669,2.77564e-05
4.67347,0.0558385,2.86414e-05
4.7551,0.0575814,2.65524e-05
4.83673,0.0594291,2.97149e-05
4.91837,0.0612051,2.88292e-05
5.0,0.0630517,3.2417e-05
5.10204,0.0652791,3.16819e-05
5.20408,0.0676439,3.34518e-05
5.30612,0.070064,3.49784e-05
5.40816,0.0724459,3.75721e-05
5.5102,0.0748488,3.4798e-05
5.61224,0.0773886,5.11053e-05
5.71429,0.0797528,4.06324e-05
5.81633,0.0823101,4.15338e-05
5.91837,0.0847404,4.17515e-05
6.02041,0.087388,4.72604e-05
6.12245,0.0899034,4.61815e-05
6.22449,0.0925464,5.77325e-05
6.32653,0.0951812,5.98082e-05
6.42857,0.0977283,4.68689e-05
6.53061,0.100387,5.42212e-05
6.63265,0.103233,5.60249e-05
6.73469,0.105786,5.38298e-05
6.83673,0.108586,6.1735e-05
6.93878,0.111361,6.92349e-05
7.04082,0.11395,5.58711e-05
7.14286,0.116747,5.8896e-05
7.2449,0.119675,6.24112e-05
7.34694,0.1226,0.000105871
7.44898,0.125263,6.13524e-05
7.55102,0.12824,7.15025e-05
7.65306,0.131047,6.65112e-05
7.7551,0.134052,8.37816e-05
7.85714,0.136935,7.00243e-05
7.95918,0.139859,7.66991e-05
8.06122,0.142843,7.48147e-05
8.16327,0.145852,8.33636e-05
8.26531,0.148784,7.55869e-05
8.36735,0.151846,8.24912e-05
8.46939,0.15506,9.57833e-05
8.57143,0.157972,8.0494e-05
8.67347,0.161067,8.75195e-05
8.77551,0.164099,8.76423e-05
8.87755,0.167332,9.32139e-05
8.97959,0.170517,9.04061e-05
9.08163,0.173301,8.60536e-05
9.18367,0.176761,0.000111211
9.28571,0.179889,0.000113067
9.38776,0.183111,9.71563e-05
9.4898,0.1863,9.5432e-05
9.59184,0.18961,0.000125659
9.69388,0.192831,0.00010607
9.79592,0.195976,0.000112729
9.89796,0.199074,0.000100116
10.0,0.202557,0.000119313
10.2041,0.209157,0.000116501
10.4082,0.215895,0.000140956
10.6122,0.222423,0.000123921
10.8163,0.229284,0.000129657
11.0204,0.236379,0.000145239
11.2245,0.243274,0.00014919
11.4286,0.250052,0.000131641
11.6327,0.257228,0.000167645
11.8367,0.264027,0.00013787
12.0408,0.271007,0.000139617
12.2449,0.278318,0.000169562
12.449,0.285826,0.00015931
12.6531,0.292683,0.000161497
12.8571,0.300237,0.000171334
13.0612,0.307284,0.000166447
13.2653,0.314937,0.000179562
13.4694,0.322446,0.000178973
13.6735,0.329316,0.000191148
13.8776,0.337297,0.000183893
14.0816,0.344945,0.000199787
14.2857,0.352676,0.000202409
14.4898,0.360091,0.000231627
14.6939,0.367577,0.000201632
14.898,0.376055,0.000213349
15.102,0.383624,0.000219058
15.3061,0.391926,0.000225421
15.5102,0.399305,0.000270494
15.7143,0.407286,0.000228206
15.9184,0.414886,0.000233991
16.1224,0.423387,0.000261406
16.3265,0.431708,0.00024493
16.5306,0.439583,0.000252036
16.7347,0.447502,0.000261448
16.9388,0.456207,0.000316485
17.1429,0.464141,0.000331928
17.3469,0.472189,0.000282087
17.551,0.480364,0.000276725
17.7551,0.488704,0.000289944
17.9592,0.497474,0.00033244
18.1633,0.505718,0.00032441
18.3673,0.514127,0.000332578
18.5714,0.522534,0.000309242
18.7755,0.530989,0.000389026
18.9796,0.539295,0.000303107
19.1837,0.548281,0.000375876
19.3878,0.556331,0.000324079
19.5918,0.564862,0.00032595
19.7959,0.573719,0.000335824
20.0,0.583099,0.000366453
20.4082,0.598833,0.000336262
20.8163,0.616967,0.000367215
21.2245,0.635138,0.000388704
21.6327,0.652434,0.00036667
22.0408,0.671068,0.000434194
22.449,0.689708,0.000450062
22.8571,0.70725,0.000424475
23.2653,0.725886,0.000437427
23.6735,0.744174,0.000488326
24.0816,0.762464,0.000502134
24.4898,0.780781,0.000527806
24.898,0.798814,0.000464985
25.3061,0.818493,0.000482199
25.7143,0.837443,0.000560449
26.1224,0.856182,0.000531211
26.5306,0.874545,0.000521433
26.9388,0.89451,0.000594763
27.3469,0.912409,0.000549238
27.7551,0.933901,0.000743242
28.1633,0.952916,0.00061956
28.5714,0.972246,0.000594592
28.9796,0.992558,0.000777488
29.3878,1.01157,0.00062715
29.7959,1.03055,0.000610193
30.2041,1.05218,0.000772618
30.6122,1.0712,0.000698101
31.0204,1.09145,0.000672928
31.4286,1.11167,0.000731687
31.8367,1.13253,0.000815721
32.2449,1.15193,0.00073427
32.6531,1.1715,0.000696012
33.0612,1.1934,0.000823352
33.4694,1.21338,0.000797545
33.8776,1.23378,0.000768539
34.2857,1.25422,0.000840817
34.6939,1.27651,0.000834216
35.102,1.29659,0.000797629
35.5102,1.31705,0.000821999
35.9184,1.33867,0.000819839
36.3265,1.36029,0.00101227
36.7347,1.37987,0.000887763
37.1429,1.40337,0.00106283
37.551,1.42361,0.000945732
37.9592,1.44463,0.000891145
38.3673,1.46635,0.00103447
38.7755,1.48728,0.000951172
39.1837,1.50947,0.000959211
39.5918,1.53034,0.00102528
40.0,1.55097,0.00100103
40.4082,1.57321,0.00103234
40.8163,1.59745,0.00112272
41.2245,1.6175,0.00105511
41.6327,1.6409,0.00168295
42.0408,1.66213,0.00112481
42.449,1.68393,0.00107417
42.8571,1.70585,0.00111253
43.2653,1.72732,0.00113337
43.6735,1.74842,0.00115647
44.0816,1.77401,0.00142284
44.4898,1.79386,0.0011694
44.898,1.81985,0.00140021
45.3061,1.84187,0.00139726
45.7143,1.86312,0.00131353
46.1224,1.88387,0.00118078
46.5306,1.90521,0.00116795
46.9388,1.93116,0.00130261
47.3469,1.95435,0.00138307
47.7551,1.9785,0.00143411
48.1633,1.99728,0.00140873
48.5714,2.02276,0.00137036
48.9796,2.04431,0.0013761
49.3878,2.06777,0.00150081
49.7959,2.0915,0.00132273
50.2041,2.11547,0.00149217
50.6122,2.14171,0.00176937
51.0204,2.16042,0.00149936
51.4286,2.18487,0.00167393
51.8367,2.21002,0.00152015
52.2449,2.22886,0.00149515
52.6531,2.25529,0.00182538
53.0612,2.27909,0.00193439
53.4694,2.3008,0.00145426
53.8776,2.32417,0.00149987
54.2857,2.35108,0.00180401
54.6939,2.37575,0.00244691
55.102,2.39786,0.00167421
55.5102,2.42045,0.00157836
55.9184,2.44327,0.00169503
56.3265,2.46799,0.00187126
56.7347,2.49028,0.00179856
57.1429,2.51534,0.00197858
57.551,2.53982,0.00191718
57.9592,2.56173,0.00168386
58.3673,2.58941,0.0018853
58.7755,2.60861,0.00191171
59.1837,2.63292,0.00170405
59.5918,2.65946,0.00206667
60.0,2.68565,0.00191847
60.4082,2.70722,0.00177885
60.8163,2.733,0.00184834
61.2245,2.7551,0.00181477
61.6327,2.78172,0.00190429
62.0408,2.80391,0.00187589
62.449,2.83085,0.00212053
62.8571,2.85678,0.00213966
63.2653,2.8794,0.00198288
63.6735,2.90095,0.00193701
64.0816,2.92545,0.00216846
64.4898,2.95898,0.00228923
64.898,2.97919,0.00200179
65.3061,3.00144,0.00212342
65.7143,3.02746,0.00269537
66.1224,3.0521,0.00204446
66.5306,3.07561,0.00215913
66.9388,3.10377,0.00214129
67.3469,3.129,0.00235033
67.7551,3.15467,0.00230266
68.1633,3.17303,0.00214292
68.5714,3.20403,0.00271608
68.9796,3.226,0.00224839
69.3878,3.2544,0.00221361
69.7959,3.27849,0.0022867
70.2041,3.30191,0.00259084
70.6122,3.32497,0.00217545
71.0204,3.35566,0.00319241
71.4286,3.38038,0.00247553
71.8367,3.4058,0.00250108
72.2449,3.43217,0.00249131
72.6531,3.45152,0.00228702
73.0612,3.48293,0.00255352
73.4694,3.50836,0.00244425
73.8776,3.53711,0.00285931
74.2857,3.55728,0.00248681
74.6939,3.58649,0.00268319
75.102,3.60875,0.00258796
75.5102,3.63209,0.00248433
75.9184,3.66172,0.00266665
76.3265,3.68971,0.00296626
76.7347,3.71107,0.00263185
77.1429,3.73877,0.00279687
77.551,3.76563,0.00267679
77.9592,3.78713,0.00261146
78.3673,3.81848,0.00304744
78.7755,3.8395,0.00270704
79.1837,3.87006,0.00350528
79.5918,3.89167,0.00268086
80.0,3.92036,0.00287199
80.4082,3.945,0.0027611
80.8163,3.97298,0.00313052
81.2245,3.99884,0.00281159
81.6327,4.02681,0.00310207
82.0408,4.0456,0.00276364
82.449,4.07807,0.00276522
82.8571,4.10401,0.00315859
83.2653,4.13437,0.00283192
83.6735,4.15826,0.00306887
84.0816,4.1857,0.00300971
84.4898,4.21134,0.00316756
84.898,4.23669,0.00290161
85.3061,4.26322,0.0031367
85.7143,4.29338,0.00319512
86.1224,4.32112,0.00338302
86.5306,4.3439,0.00315763
86.9388,4.3662,0.00320218
87.3469,4.39701,0.00299655
87.7551,4.42133,0.00302021
88.1633,4.45402,0.00335468
88.5714,4.47902,0.00450195
88.9796,4.50264,0.00337996
89.3878,4.5344,0.00314821
89.7959,4.55492,0.00309333
90.2041,4.58472,0.00356695
90.6122,4.61825,0.00388815
91.0204,4.63458,0.00336393
91.4286,4.66746,0.00338649
91.8367,4.68762,0.00339305
92.2449,4.72129,0.00346448
92.6531,4.74427,0.00346375
93.0612,4.77547,0.00353986
93.4694,4.80727,0.00382025
93.8776,4.82193,0.00351667
94.2857,4.85383,0.00335606
94.6939,4.88102,0.00354327
95.102,4.90929,0.00363874
95.5102,4.93318,0.00443795
95.9184,4.96528,0.00358036
96.3265,4.98455,0.00349743
96.7347,5.01653,0.00394101
97.1429,5.05415,0.004858
97.551,5.07356,0.00493324
97.9592,5.10381,0.0040456
98.3673,5.12986,0.00363396
98.7755,5.15639,0.00436017
99.1837,5.1803,0.00361598
99.5918,5.20331,0.0038293
100.0,5.23781,0.00428376
100.816,5.29608,0.00466856
101.633,5.35246,0.00453933
102.449,5.40154,0.00406858
103.265,5.46055,0.00414402
104.082,5.51587,0.00398891
104.898,5.56866,0.0041176
105.714,5.62634,0.00394903
106.531,5.68344,0.0046527
107.347,5.73442,0.0049317
108.163,5.79068,0.00418585
108.98,5.85321,0.00656463
109.796,5.90495,0.00447545
110.612,5.96173,0.00539118
111.429,6.01008,0.00446472
112.245,6.07198,0.00444509
113.061,6.13721,0.0058015
113.878,6.18436,0.00454866
114.694,6.24949,0.00526555
115.51,6.30827,0.00535914
116.327,6.35831,0.00483714
117.143,6.41576,0.00489589
117.959,6.47494,0.00524522
118.776,6.52665,0.00475913
119.592,6.5865,0.00547586
120.408,6.64615,0.00563757
121.224,6.68916,0.00495856
122.041,6.75426,0.00492082
122.857,6.82379,0.00571173
123.673,6.88046,0.00530973
124.49,6.93101,0.00501263
125.306,6.99247,0.00540597
126.122,7.05178,0.00543497
126.939,7.10922,0.00514595
127.755,7.15945,0.00511188
128.571,7.21749,0.00553088
129.388,7.28532,0.0055478
130.204,7.34249,0.0057991
131.02,7.38394,0.00535537
131.837,7.46046,0.0074536
132.653,7.52181,0.00667445
133.469,7.57383,0.00592865
134.286,7.63367,0.00601095
135.102,7.69622,0.00590614
135.918,7.76072,0.00609886
136.735,7.8025,0.00562145
137.551,7.86263,0.00575331
138.367,7.9307,0.005929
139.184,7.99306,0.0091337
140.0,8.05098,0.00588992
140.816,8.10498,0.00622787
141.633,8.16602,0.00689445
142.449,8.21263,0.00627869
143.265,8.29006,0.00628781
144.082,8.33428,0.00604601
144.898,8.40561,0.00648213
145.714,8.46164,0.00668542
146.531,8.52491,0.00691472
147.347,8.58816,0.00689545
148.163,8.6373,0.00661684
148.98,8.70606,0.00800071
149.796,8.76736,0.00695031
150.612,8.82492,0.00658638
151.429,8.87454,0.00664355
152.245,8.93598,0.00663518
153.061,9.00558,0.00703486
153.878,9.07113,0.00698238
154.694,9.12457,0.00678058
155.51,9.19366,0.00770917
156.327,9.25557,0.00701506
157.143,9.31479,0.00693705
157.959,9.36482,0.0070704
158.776,9.43943,0.00752155
159.592,9.49765,0.00714667
160.408,9.55496,0.0100484
161.224,9.61571,0.00745005
162.041,9.68615,0.00788591
162.857,9.75341,0.00950584
163.673,9.79577,0.00975091
164.49,9.85076,0.00745173
165.306,9.92689,0.00782769
166.122,9.97009,0.00758866
166.939,10.0432,0.00802432
167.755,10.1038,0.00784565
168.571,10.1802,0.0084585
169.388,10.2313,0.00830768
170.204,10.3157,0.0138472
171.02,10.3431,0.00777808
171.837,10.4079,0.00817605
172.653,10.4815,0.00892303
173.469,10.5424,0.00845663
174.286,10.6122,0.016358
175.102,10.6691,0.00881317
175.918,10.7156,0.00801881
176.735,10.7815,0.00818714
177.551,10.8387,0.00802787
178.367,10.8987,0.00837881
179.184,10.9831,0.00880103
180.0,11.023,0.00838072
180.816,11.1025,0.00904304
181.633,11.1604,0.00947146
182.449,11.2309,0.0103586
183.265,11.3055,0.00925585
184.082,11.3529,0.0088896
184.898,11.4182,0.00896352
185.714,11.4617,0.0086095
186.531,11.5265,0.00830533
187.347,11.6167,0.0115477
188.163,11.666,0.00890521
188.98,11.7263,0.00891388
189.796,11.7937,0.00947969
190.612,11.8508,0.0108487
191.429,11.9132,0.0101412
192.245,11.9783,0.00900387
193.061,12.0682,0.00975235
193.878,12.1346,0.00967828
194.694,12.1817,0.0102286
195.51,12.2468,0.0109715
196.327,12.3025,0.00988119
197.143,12.353,0.00935559
197.959,12.4259,0.00945059
198.776,12.4878,0.0103067
199.592,12.5571,0.0100555
200.408,12.6157,0.0113622
201.224,12.6783,0.0101329
202.041,12.7413,0.0116333
202.857,12.8001,0.00953667
203.673,12.8741,0.0100236
204.49,12.9513,0.0112166
205.306,12.9955,0.0105358
206.122,13.0636,0.0102757
206.939,13.1347,0.0125316
207.755,13.1903,0.0107866
208.571,13.2642,0.0132896
209.388,13.3317,0.0145017
210.204,13.3855,0.0106069
211.02,13.448,0.0109101
211.837,13.5133,0.0105348
212.653,13.6004,0.0103291
213.469,13.6574,0.0116325
214.286,13.7011,0.0106268
215.102,13.7818,0.0109446
215.918,13.8384,0.0109958
216.735,13.9114,0.0111708
217.551,13.9868,0.012787
218.367,14.0462,0.0108392
219.184,14.0934,0.0114939
220.0,14.1806,0.0145479
221.633,14.2952,0.0110157
223.265,14.4431,0.0111306
224.898,14.569,0.0124169
226.531,14.6917,0.0117007
228.163,14.8204,0.0138163
229.796,14.9618,0.024227
231.429,15.0809,0.0126531
233.061,15.2044,0.0123496
234.694,15.3452,0.0123982
236.327,15.4641,0.0126384
237.959,15.6026,0.0159899
239.592,15.7443,0.0145357
241.224,15.8727,0.0129846
242.857,16.0312,0.0147543
244.49,16.1456,0.0143379
246.122,16.2771,0.0133527
247.755,16.4245,0.0138612
249.388,16.5447,0.013178
251.02,16.6729,0.0140439
252.653,16.7978,0.0137228
254.286,16.964,0.0144731
255.918,17.085,0.0139947
257.551,17.1988,0.0137952
259.184,17.3606,0.016157
260.816,17.4972,0.0168664
262.449,17.6396,0.0194219
264.082,17.7458,0.0161974
265.714,17.8946,0.0142289
267.347,18.0057,0.0141798
268.98,18.1297,0.0136787
270.612,18.3102,0.0163554
272.245,18.4265,0.015856
273.878,18.5803,0.0171678
275.51,18.6901,0.0148189
277.143,18.839,0.0153768
278.776,18.9435,0.0141144
280.408,19.1012,0.0146544
282.041,19.222,0.0152042
283.673,19.3591,0.0152628
285.306,19.5057,0.0167062
286.939,19.6398,0.0167231
288.571,19.7782,0.0168336
290.204,19.902,0.0161291
291.837,20.0438,0.0206453
293.469,20.1958,0.0164062
295.102,20.3394,0.0162684
296.735,20.4968,0.0186124
298.367,20.6332,0.0170724
300.0,20.769,0.0185644
301.633,20.898,0.0203916
303.265,21.0551,0.0180646
304.898,21.1665,0.0171192
306.531,21.2973,0.0172353
308.163,21.4379,0.0206827
309.796,21.6019,0.0186501
311.429,21.7302,0.0171391
313.061,21.8741,0.0211543
314.694,22.0077,0.0180889
316.327,22.1641,0.0175661
317.959,22.2642,0.0176021
319.592,22.4208,0.0181454
321.224,22.6694,0.112355
322.857,22.7243,0.0190092
324.49,22.8751,0.0201501
326.122,22.995,0.0227311
327.755,23.0931,0.0193455
329.388,23.2833,0.0245789
331.02,23.3863,0.0183759
332.653,23.538,0.0206648
334.286,23.7165,0.0203374
335.918,23.8573,0.0214629
337.551,23.9679,0.020161
339.184,24.0981,0.02106
340.816,24.2504,0.0211735
342.449,24.4049,0.0201428
344.082,24.4987,0.0185822
345.714,24.6731,0.0197684
347.347,24.8324,0.0207579
348.98,25.0056,0.0257901
350.612,25.1004,0.0199288
352.245,25.2454,0.0197719
353.878,25.3757,0.021961
355.51,25.5387,0.0195719
357.143,25.6779,0.0231114
358.776,25.8115,0.0278675
360.408,25.9411,0.0205743
362.041,26.0766,0.0223463
363.673,26.2404,0.0214474
365.306,26.5075,0.100904
366.939,26.5652,0.0477285
368.571,26.6639,0.0243814
370.204,26.846,0.0228665
371.837,26.9785,0.0222085
373.469,27.1267,0.0248206
375.102,27.2409,0.0227092
376.735,27.4266,0.0279488
378.367,27.5392,0.0230234
380.0,27.6787,0.0240932
382.449,27.9389,0.0256308
384.898,28.1183,0.0270629
387.347,28.3251,0.023402
389.796,28.5792,0.0282267
392.245,28.7489,0.0230632
394.694,28.997,0.0243171
397.143,29.239,0.0263493
399.592,29.4118,0.0254592
402.041,29.6194,0.0234421
404.49,29.8131,0.0235344
406.939,30.0894,0.0276368
409.388,30.2971,0.0260176
411.837,30.4847,0.024078
414.286,30.7635,0.0246852
416.735,30.9156,0.0243638
419.184,31.2022,0.0297017
421.633,31.4415,0.0341123
424.082,31.6004,0.0271851
426.531,31.8434,0.0268248
428.98,32.1091,0.0291483
431.429,32.2664,0.0289403
433.878,32.504,0.0274381
436.327,32.7243,0.0312991
438.776,32.934,0.0274085
441.224,33.1492,0.0295062
443.673,33.379,0.0279203
446.122,33.5962,0.0337149
448.571,33.8448,0.0305348
451.02,34.0738,0.0493718
453.469,34.2916,0.0324697
455.918,34.502,0.0287287
458.367,34.681,0.0267489
460.816,34.9355,0.0298395
463.265,35.1295,0.0311082
465.714,35.384,0.0326838
468.163,35.6509,0.036892
470.612,35.8706,0.0533511
473.061,36.0918,0.0294602
475.51,36.248,0.0303995
477.959,36.4836,0.0304317
480.408,36.71,0.0326353
482.857,36.9903,0.033
485.306,37.1461,0.0319348
487.755,37.48,0.0458971
490.204,37.7028,0.0324564
492.653,37.912,0.0332157
495.102,38.0922,0.0326371
497.551,38.2985,0.0306473
500.0,38.58,0.047203
502.449,38.6984,0.0310418
504.898,39.0118,0.0322971
507.347,39.2127,0.0330676
509.796,39.5202,0.0396735
512.245,39.702,0.036441
514.694,39.9092,0.0368046
517.143,40.1581,0.0404333
519.592,40.3623,0.0331231
522.041,40.6489,0.0692387
524.49,40.8448,0.0359284
526.939,41.0487,0.0402968
529.388,41.2542,0.0360646
531.837,41.4709,0.0354277
534.286,41.7022,0.0339981
536.735,41.9677,0.0359344
539.184,42.1579,0.0407183
541.633,42.4923,0.0368584
544.082,42.6591,0.0352657
546.531,42.865,0.0374623
548.98,43.0751,0.0343529
551.429,43.4294,0.0515114
553.878,43.532,0.0424843
556.327,43.8987,0.131105
558.776,44.0966,0.050609
561.224,44.3215,0.0382575
563.673,44.5019,0.0395981
566.122,44.6862,0.037301
568.571,44.9097,0.0381824
571.02,45.2402,0.0409656
573.469,45.4986,0.0592298
575.918,45.7456,0.0417693
578.367,45.9712,0.0472995
580.816,46.1254,0.0427857
583.265,46.3654,0.0440372
585.714,46.6801,0.0395004
588.163,46.9063,0.0430082
590.612,47.1023,0.0450304
593.061,47.2989,0.0409384
595.51,47.5346,0.046496
597.959,47.7011,0.0438234
600.408,48.0747,0.054635
602.857,48.2967,0.0516313
605.306,48.5381,0.0467131
607.755,48.7156,0.0450391
610.204,48.9572,0.0470414
612.653,49.2281,0.0466562
615.102,49.3335,0.0415791
617.551,49.6754,0.0506618
620.0,49.9621,0.0618959
622.449,50.0847,0.0641894
624.898,50.3715,0.0451266
627.347,50.5204,0.0422451
629.796,50.8688,0.0555843
632.245,51.0384,0.0446973
634.694,51.3463,0.0476155
637.143,51.6365,0.0641481
639.592,51.669,0.0448102
642.041,52.0142,0.044464
644.49,52.2828,0.0509985
646.939,53.0036,0.530297
649.388,52.7243,0.0465084
651.837,52.9111,0.0478311
654.286,53.174,0.0493627
656.735,53.4088,0.0632972
659.184,53.6222,0.0481126
661.633,53.8588,0.0454898
664.082,54.131,0.0564138
666.531,54.374,0.0720417
668.98,54.6228,0.0454539
671.429,54.8022,0.0449595
673.878,55.1141,0.0499306
676.327,55.3558,0.0466949
678.776,55.5405,0.0460819
681.224,55.7999,0.0509481
683.673,55.9627,0.0470791
686.122,56.3649,0.0514878
688.571,56.5465,0.0499244
691.02,56.7323,0.0464456
693.469,57.01,0.0491348
695.918,57.2019,0.0493519
698.367,57.4849,0.0490783
700.816,57.6799,0.0485798
703.265,57.9621,0.0575324
705.714,58.1198,0.0484225
708.163,58.4404,0.063609
710.612,58.7284,0.0540871
713.061,58.9775,0.0523333
715.51,59.2128,0.0504084
717.959,59.4031,0.0499768
720.408,59.7192,0.0950199
722.857,59.8366,0.0511783
725.306,60.1823,0.0515632
727.755,60.4365,0.0562245
730.204,60.5687,0.0488204
732.653,60.8954,0.0591635
735.102,61.0995,0.0588205
737.551,61.3503,0.051278
740.0,61.5758,0.0552128
743.265,61.955,0.0557032
746.531,62.1843,0.0573971
749.796,62.6497,0.0637206
753.061,62.9371,0.0580911
756.327,63.223,0.0587502
759.592,63.5599,0.0581846
762.857,63.8661,0.0547441
766.122,64.2693,0.0591448
769.388,64.4797,0.0690649
772.653,64.7831,0.0577879
775.918,65.1993,0.058006
779.184,65.3735,0.0558058
782.449,65.7567,0.0598067
785.714,66.1674,0.0629752
788.98,66.3989,0.0608889
792.245,66.7337,0.0572429
795.51,67.1416,0.0611969
798.776,67.4172,0.0594709
802.041,67.7776,0.0614029
805.306,68.0932,0.0654526
808.571,68.4261,0.0607603
811.837,68.7144,0.0599932
815.102,69.055,0.0604283
818.367,69.3984,0.0600335
821.633,69.7306,0.0634324
824.898,70.1126,0.0656798
828.163,70.3297,0.0591817
831.429,70.7396,0.0731558
834.694,71.1908,0.0701649
837.959,71.3934,0.0655813
841.224,71.7428,0.0655337
844.49,71.9844,0.0683744
847.755,72.2934,0.0676483
851.02,72.648,0.0829738
854.286,72.9428,0.0612647
857.551,73.277,0.0754659
860.816,73.7419,0.0797701
864.082,74.0033,0.067756
867.347,74.2059,0.0639121
870.612,74.5476,0.0631957
873.878,74.9747,0.0636137
877.143,75.3968,0.0660697
880.408,75.6723,0.0741648
883.673,76.0254,0.0714526
886.939,76.2916,0.0654488
890.204,76.675,0.0743213
893.469,77.1949,0.112208
896.735,77.3988,0.0822143
900.0,77.7018,0.0797101
903.265,77.9099,0.0687185
906.531,78.2696,0.0704685
909.796,78.7695,0.0766527
913.061,78.9518,0.0764173
916.327,79.3521,0.0782465
919.592,79.6804,0.0681806
922.857,80.051,0.0878767
926.122,80.2399,0.0871714
929.388,80.6104,0.0724632
932.653,81.1371,0.0991702
935.918,81.3765,0.0721024
939.184,81.4926,0.0707485
942.449,82.0653,0.0732246
945.714,82.2336,0.0694511
948.98,82.68,0.0800908
952.245,83.0288,0.0736121
955.51,83.2923,0.077432
958.776,83.7596,0.115277
962.041,84.0241,0.0782235
965.306,84.4053,0.106281
968.571,84.746,0.0891803
971.837,84.9363,0.0748399
975.102,85.2475,0.0734513
978.367,85.7077,0.0802421
981.633,85.9734,0.0753693
984.898,86.4579,0.0928709
988.163,86.8032,0.0806576
991.429,87.0658,0.0816101
994.694,87.3889,0.0910507
997.959,87.7269,0.0805417
1001.22,88.046,0.0778106
1004.49,88.4604,0.0770074
1007.76,88.7325,0.080509
1011.02,89.0369,0.0806165
1014.29,89.4823,0.108735
1017.55,89.6859,0.0791446
1020.82,89.9865,0.0776799
1024.08,90.4794,0.0971664
1027.35,90.7314,0.0788571
1030.61,91.0235,0.0893452
1033.88,91.5657,0.0831174
1037.14,91.7668,0.0799134
1040.41,92.1982,0.0840664
1043.67,92.5353,0.108511
1046.94,92.859,0.0985396
1050.2,93.2374,0.0835556
1053.47,93.5235,0.0814104
1056.73,93.709,0.0803762
1060.0,94.1726,0.0867066
1064.9,94.7312,0.109552
1069.8,95.1567,0.0977744
1074.69,95.4564,0.086673
1079.59,96.2482,0.0998958
1084.49,96.7453,0.0911838
1089.39,97.237,0.0885469
1094.29,97.7875,0.0871051
1099.18,98.3563,0.0977731
1104.08,98.8924,0.111438
1108.98,99.2875,0.0876491
1113.88,100.046,0.125442
1118.78,100.409,0.104918
1123.67,100.863,0.0921536
1128.57,101.547,0.0927111
1133.47,101.96,0.11714
1138.37,102.289,0.0902354
1143.27,103.095,0.169295
1148.16,103.513,0.0994594
1153.06,103.872,0.0862445
1157.96,104.444,0.0970267
1162.86,104.862,0.095584
1167.76,105.491,0.0912851
1172.65,106.01,0.0942049
1177.55,106.563,0.0969085
1182.45,107.028,0.0993966
1187.35,107.588,0.0992035
1192.24,108.096,0.0984503
1197.14,108.887,0.107415
1202.04,109.09,0.101219
1206.94,109.73,0.10346
1211.84,110.126,0.110216
1216.73,110.561,0.0954731
1221.63,111.252,0.107994
1226.53,111.743,0.119284
1231.43,112.24,0.105966
1236.33,112.88,0.109737
1241.22,113.269,0.0995986
1246.12,113.732,0.105915
1251.02,114.293,0.111761
1255.92,114.768,0.108979
1260.82,115.286,0.100914
1265.71,116.122,0.106955
1270.61,116.287,0.097804
1275.51,116.979,0.106726
1280.41,117.437,0.102831
1285.31,118.005,0.120866
1290.2,118.914,0.320563
1295.1,119.121,0.108225
1300.0,119.611,0.109056
1304.9,120.147,0.111045
1309.8,120.642,0.109552
1314.69,120.903,0.119847
1319.59,121.848,0.116841
1324.49,122.149,0.109974
1329.39,122.888,0.116229
1334.29,123.162,0.107638
1339.18,123.816,0.144749
1344.08,124.346,0.110351
1348.98,124.792,0.121587
1353.88,125.21,0.109942
1358.78,125.905,0.120708
1363.67,126.664,0.112917
1368.57,127.109,0.138026
1373.47,127.837,0.115085
1378.37,128.195,0.121333
1383.27,128.785,0.117106
1388.16,129.251,0.113464
1393.06,129.653,0.116766
1397.96,130.36,0.119695
1402.86,130.812,0.124754
1407.76,130.974,0.113021
1412.65,131.708,0.133736
1417.55,132.427,0.127404
1422.45,132.731,0.117874
1427.35,133.301,0.120749
1432.24,133.873,0.11953
1437.14,134.638,0.125244
1442.04,134.944,0.14005
1446.94,135.821,0.133373
1451.84,135.998,0.124075
1456.73,136.685,0.125022
1461.63,137.049,0.145925
1466.53,137.652,0.12616
1471.43,138.332,0.136419
1476.33,138.952,0.13485
1481.22,139.49,0.157199
1486.12,139.966,0.139081
1491.02,140.512,0.15661
1495.92,140.982,0.143892
1500.82,141.469,0.131964
1505.71,141.974,0.127526
1510.61,142.444,0.12155
1515.51,143.13,0.140777
1520.41,143.726,0.138546
1525.31,144.235,0.140776
1530.2,144.657,0.141472
1535.1,145.051,0.130902
1540.0,145.689,0.139321
1547.35,146.59,0.13801
1554.69,147.544,0.147846
1562.04,148.14,0.135508
1569.39,148.992,0.153419
1576.73,150.021,0.14313
1584.08,150.379,0.136724
1591.43,151.629,0.146939
1598.78,152.117,0.128312
1606.12,152.994,0.144621
1613.47,154.03,0.184007
1620.82,154.698,0.203026
1628.16,155.437,0.142404
1635.51,156.408,0.141281
1642.86,157.104,0.144756
1650.2,158.099,0.148802
1657.55,158.711,0.139993
1664.9,159.57,0.143816
1672.24,160.831,0.153024
1679.59,161.051,0.140276
1686.94,162.132,0.154682
1694.29,163.067,0.158687
1701.63,163.996,0.210635
1708.98,164.843,0.215826
1716.33,165.733,0.22376
1723.67,166.506,0.16438
1731.02,166.879,0.171565
1738.37,167.727,0.152487
1745.71,168.455,0.154817
1753.06,169.646,0.163665
1760.41,170.387,0.173427
1767.76,170.901,0.149353
1775.1,172.085,0.222683
1782.45,172.849,0.160602
1789.8,173.451,0.156927
1797.14,174.262,0.188094
1804.49,175.279,0.203523
1811.84,176.607,0.237134
1819.18,176.98,0.1904
1826.53,177.779,0.161429
1833.88,178.368,0.16939
1841.22,179.328,0.188967
1848.57,180.202,0.162163
1855.92,180.87,0.159655
1863.27,182.166,0.169348
1870.61,182.813,0.185743
1877.96,183.663,0.182701
1885.31,185.16,0.883232
1892.65,184.875,0.182577
1900.0,186.817,0.284807
1907.35,187.223,0.188289
1914.69,188.119,0.189539
1922.04,188.655,0.17882
1929.39,189.495,0.178129
1936.73,190.181,0.174384
1944.08,191.055,0.165685
1951.43,191.828,0.173087
1958.78,192.428,0.170346
1966.12,193.981,0.208783
1973.47,194.7,0.201789
1980.82,195.04,0.173143
1988.16,196.04,0.183225
1995.51,197.18,0.195088
2002.86,197.952,0.219178
2010.2,198.743,0.199686
2017.55,199.906,0.189572
2024.9,200.351,0.185956
2032.24,201.413,0.302393
2039.59,202.025,0.198429
2046.94,202.884,0.202136
2054.29,203.433,0.183577
2061.63,204.84,0.194387
2068.98,205.514,0.264884
2076.33,206.524,0.219596
2083.67,207.333,0.19326
2091.02,208.34,0.270587
2098.37,208.954,0.259491
2105.71,209.422,0.215032
2113.06,210.457,0.197958
2120.41,211.712,0.2935
2127.76,212.706,0.240587
2135.1,213.014,0.232138
2142.45,213.729,0.190482
2149.8,215.111,0.242575
2157.14,215.869,0.221189
2164.49,216.614,0.204958
2171.84,217.62,0.267364
2179.18,218.118,0.210613
2186.53,219.025,0.222498
2193.88,219.816,0.205014
2201.22,220.525,0.21201
2208.57,221.761,0.275568
2215.92,222.444,0.258215
2223.27,222.986,0.217068
2230.61,224.414,0.209047
2237.96,224.785,0.248841
2245.31,225.871,0.233386
2252.65,227.023,0.259285
2260.0,227.609,0.227612
2271.02,228.278,0.202675
2282.04,230.278,0.268913
2293.06,231.27,0.223075
2304.08,233.194,0.317564
2315.1,233.623,0.231299
2326.12,235.406,0.266743
2337.14,237.061,0.294748
2348.16,238.112,0.241944
2359.18,239.069,0.223429
2370.2,240.22,0.232627
2381.22,241.564,0.228721
2392.24,242.783,0.234709
2403.27,244.386,0.336239
2414.29,245.444,0.23375
2425.31,246.668,0.271321
2436.33,248.822,0.345282
2447.35,249.475,0.261423
2458.37,251.068,0.25232
2469.39,251.872,0.227293
2480.41,253.894,0.346701
2491.43,254.781,0.257071
2502.45,255.852,0.23227
2513.47,257.57,0.261833
2524.49,258.682,0.337347
2535.51,259.946,0.256512
2546.53,261.407,0.258493
2557.55,262.017,0.250502
2568.57,263.265,0.237081
2579.59,265.131,0.245625
2590.61,266.074,0.286158
2601.63,267.652,0.242702
2612.65,268.506,0.273554
2623.67,270.25,0.284794
2634.69,271.648,0.251762
2645.71,272.915,0.290654
2656.73,274.327,0.343441
2667.76,275.561,0.311801
2678.78,276.923,0.304407
2689.8,277.935,0.300908
2700.82,279.491,0.274939
2711.84,280.807,0.421518
2722.86,282.36,0.324073
2733.88,283.7,0.263238
2744.9,284.403,0.295444
2755.92,286.194,0.292827
2766.94,286.987,0.278687
2777.96,288.57,0.303613
2788.98,290.379,0.272658
2800.0,290.809,0.268517
2814.29,293.007,0.308571
2828.57,295.242,0.312094
2842.86,296.484,0.278267
2857.14,298.124,0.276277
2871.43,299.662,0.285777
2885.71,301.922,0.297481
2900.0,303.812,0.38272
2914.29,305.167,0.2916
2928.57,306.52,0.309893
2942.86,308.602,0.322554
2957.14,310.334,0.294464
2971.43,312.059,0.303686
2985.71,313.886,0.31307
3000.0,315.35,0.303195
3014.29,316.712,0.285401
3028.57,318.737,0.318728
3042.86,320.298,0.340795
3057.14,322.387,0.32335
3071.43,324.104,0.319839
3085.71,326.096,0.320253
3100.0,327.809,0.326911
3114.29,328.883,0.320598
3128.57,330.721,0.299278
3142.86,333.055,0.347191
3157.14,334.766,0.342851
3171.43,336.306,0.336266
3185.71,338.028,0.337732
3200.0,339.29,0.31431
3214.29,341.217,0.323695
3228.57,344.145,0.582399
3242.86,345.262,0.339653
3257.14,347.238,0.381891
3271.43,348.164,0.337184
3285.71,350.432,0.385636
3300.0,352.18,0.45002
3314.29,353.14,0.335958
3328.57,355.627,0.350854
3342.86,357.299,0.397189
3357.14,358.522,0.333662
3371.43,360.651,0.381086
3385.71,362.183,0.340524
3400.0,364.601,0.435545
3414.29,365.763,0.506144
3428.57,367.627,0.355235
3442.86,369.751,0.38647
3457.14,371.608,0.389427
3471.43,372.416,0.340089
3485.71,374.959,0.424886
3500.0,380.314,3.64323
3520.41,379.06,0.385176
3540.82,381.682,0.374502
3561.22,384.644,0.389613
3581.63,387.162,0.389914
3602.04,389.595,0.524406
3622.45,392.06,0.511744
3642.86,394.258,0.452145
3663.27,397.352,0.40016
3683.67,399.367,0.397578
3704.08,402.025,0.5577
3724.49,403.632,0.397185
3744.9,406.871,0.393711
3765.31,409.371,0.529666
3785.71,412.564,0.46949
3806.12,414.987,0.452081
3826.53,416.767,0.419163
3846.94,419.449,0.425169
3867.35,423.062,0.481475
3887.76,424.595,0.460993
3908.16,426.797,0.394321
3928.57,429.833,0.43343
3948.98,432.059,0.408416
3969.39,434.613,0.459363
3989.8,437.164,0.462103
4010.2,439.905,0.419751
4030.61,442.905,0.518187
4051.02,445.404,0.466999
4071.43,448.408,0.46457
4091.84,450.423,0.523761
4112.24,453.228,0.522312
4132.65,455.621,0.521058
4153.06,457.084,0.431267
4173.47,460.027,0.496756
4193.88,462.661,0.436213
4214.29,465.437,0.459634
4234.69,468.349,0.494168
4255.1,470.809,0.596999
4275.51,474.024,0.575924
4295.92,475.656,0.459827
4316.33,478.278,0.519611
4336.73,480.554,0.493365
4357.14,483.488,0.493599
4377.55,487.136,0.903119
4397.96,488.119,0.472819
4418.37,491.194,0.482291
4438.78,493.71,0.495273
4459.18,495.86,0.487814
4479.59,501.429,1.88647
4500.0,501.991,0.538539
4530.61,505.832,0.515006
4561.22,510.065,0.54713
4591.84,513.015,0.538995
4622.45,516.795,0.541232
4653.06,521.489,0.523789
4683.67,525.683,0.686215
4714.29,529.053,0.585533
4744.9,532.153,0.563887
4775.51,536.055,0.513827
4806.12,540.045,0.525304
4836.73,544.413,0.624326
4867.35,548.742,0.582175
4897.96,552.917,0.599713
4928.57,558.302,1.16879
4959.18,561.032,0.608037
4989.8,565.444,0.580002
5020.41,568.629,0.736728
5051.02,572.235,0.568299
5081.63,576.013,0.559624
5112.24,580.573,0.710609
5142.86,584.671,0.615949
5173.47,587.733,0.549845
5204.08,592.307,0.64067
5234.69,595.672,0.570155
5265.31,599.112,0.601244
5295.92,604.083,0.590343
5326.53,607.874,0.617072
5357.14,612.369,0.623593
5387.76,615.376,0.630828
5418.37,620.136,0.667087
5448.98,625.134,0.722991
5479.59,629.707,1.46907
5510.2,632.612,0.731783
5540.82,634.911,0.63164
5571.43,640.906,0.62636
5602.04,642.849,0.626885
5632.65,648.128,0.806776
5663.27,652.015,0.822288
5693.88,656.196,0.679984
5724.49,660.534,0.979423
5755.1,663.686,0.702554
5785.71,667.8,0.623863
5816.33,672.028,0.720783
5846.94,675.945,0.659842
5877.55,680.435,0.690253
5908.16,684.308,1.19663
5938.78,687.772,0.702776
5969.39,691.308,0.739279
6000.0,695.782,0.713307
6040.82,702.717,1.64937
6081.63,706.403,0.785356
6122.45,712.945,0.71755
6163.27,717.834,0.748496
6204.08,722.295,0.733574
6244.9,729.443,0.766344
6285.71,733.699,0.766322
6326.53,739.762,0.958771
6367.35,743.934,0.810421
6408.16,751.036,0.74993
6448.98,755.743,0.806407
6489.8,760.398,0.798063
6530.61,766.966,0.933787
6571.43,773.839,0.826157
6612.24,778.058,0.837911
6653.06,782.444,0.774313
6693.88,789.062,0.93537
6734.69,793.573,0.778559
6775.51,799.673,0.779377
6816.33,803.882,0.824346
6857.14,809.725,0.829045
6897.96,815.376,0.898158
6938.78,822.228,0.858123
6979.59,826.336,0.849201
7020.41,831.969,0.898038
7061.22,839.624,1.56627
7102.04,844.08,0.911065
7142.86,848.216,0.846904
7183.67,853.77,0.824534
7224.49,860.21,0.920848
7265.31,863.413,0.851208
7306.12,870.706,0.914151
7346.94,876.181,0.957605
7387.76,881.744,0.905943
7428.57,886.092,0.900233
7469.39,892.471,0.924821
7510.2,898.359,1.07368
7551.02,902.968,0.889888
7591.84,908.98,0.930822
7632.65,914.311,0.99934
7673.47,921.547,1.03789
7714.29,924.667,1.04263
7755.1,929.947,0.94689
7795.92,936.132,0.989386
7836.73,942.103,0.951167
7877.55,950.007,1.65706
7918.37,953.75,0.955765
7959.18,957.559,1.02365
8000.0,965.085,1.12337
8040.82,968.377,0.988943
8081.63,976.838,1.0161
8122.45,981.327,1.02553
8163.27,987.987,1.18831
8204.08,991.21,1.02248
8244.9,997.874,1.07451
8285.71,1001.88,1.02598
8326.53,1009.45,1.15725
8367.35,1013.64,1.13782
8408.16,1021.09,1.15168
8448.98,1024.56,0.97145
8489.8,1029.27,1.05533
8530.61,1036.35,1.01406
8571.43,1041.57,1.06342
8612.24,1052.54,1.70839
8653.06,1053.07,1.10866
8693.88,1059.7,1.04731
8734.69,1064.23,1.02028
8775.51,1073.68,1.48936
8816.33,1075.13,1.08766
8857.14,1083.57,1.3094
8897.96,1087.21,1.24724
8938.78,1091.51,1.35131
8979.59,1099.45,1.41366
9020.41,1105.31,1.22599
9061.22,1110.67,1.25506
9102.04,1116.9,1.38375
9142.86,1122.07,1.23978
9183.67,1124.39,1.11677
9224.49,1132.63,1.21198
9265.31,1138.82,1.57149
9306.12,1142.69,1.12304
9346.94,1150.39,1.20674
9387.76,1154.82,1.17663
9428.57,1159.7,1.20417
9469.39,1163.57,1.10652
9510.2,1174.27,1.21782
9551.02,1177.54,1.13911
9591.84,1182.93,1.62561
9632.65,1188.59,1.17881
9673.47,1195.15,1.67363
9714.29,1201.73,1.17199
9755.1,1207.22,1.33612
9795.92,1209.82,1.32755
9836.73,1217.72,1.41148
9877.55,1225.08,1.27442
9918.37,1228.01,1.27227
9959.18,1236.14,2.04223
10000.0,1241.5,1.35854
