0.0,0.0,0.0
0.000204082,0.0,0.0
0.000408163,0.0,0.0
0.000612245,0.0,0.0
0.000816327,0.0,0.0
0.00102041,0.0,0.0
0.00122449,0.0,0.0
0.00142857,0.0,0.0
0.00163265,0.0,0.0
0.00183673,0.0,0.0
0.00204082,0.0,0.0
0.0022449,0.0,0.0
0.00244898,0.0,0.0
0.00265306,0.0,0.0
0.00285714,0.0,0.0
0.00306122,0.0,0.0
0.00326531,0.0,0.0
0.00346939,0.0,0.0
0.00367347,0.0,0.0
0.00387755,0.0,0.0
0.00408163,0.0,0.0
0.00428571,0.0,0.0
0.0044898,0.0,0.0
0.00469388,0.0,0.0
0.00489796,0.0,0.0
0.00510204,0.0,0.0
0.00530612,0.0,0.0
0.0055102,0.0,0.0
0.00571429,0.0,0.0
0.00591837,0.0,0.0
0.00612245,0.0,0.0
0.00632653,0.0,0.0
0.00653061,0.0,0.0
0.00673469,0.0,0.0
0.00693878,0.0,0.0
0.00714286,0.0,0.0
0.00734694,0.0,0.0
0.00755102,0.0,0.0
0.0077551,0.0,0.0
0.00795918,0.0,0.0
0.00816327,0.0,0.0
0.00836735,0.0,0.0
0.00857143,0.0,0.0
0.00877551,0.0,0.0
0.00897959,0.0,0.0
0.00918367,0.0,0.0
0.00938776,0.0,0.0
0.00959184,0.0,0.0
0.00979592,0.0,0.0
0.01,0.0,0.0
0.0118367,0.0,0.0
0.0136735,0.0,0.0
0.0155102,0.0,0.0
0.0173469,0.0,0.0
0.0191837,0.0,0.0
0.0210204,0.0,0.0
0.0228571,0.0,0.0
0.0246939,0.0,0.0
0.0265306,0.0,0.0
0.0283673,0.0,0.0
0.0302041,0.0,0.0
0.0320408,0.0,0.0
0.0338776,0.0,0.0
0.0357143,0.0,0.0
0.037551,0.0,0.0
0.0393878,0.0,0.0
0.0412245,0.0,0.0
0.0430612,0.0,0.0
0.044898,0.0,0.0
0.0467347,0.0,0.0
0.0485714,0.0,0.0
0.0504082,0.0,0.0
0.0522449,0.0,0.0
0.0540816,0.0,0.0
0.0559184,0.0,0.0
0.0577551,0.0,0.0
0.0595918,0.0,0.0
0.0614286,0.0,0.0
0.0632653,0.0,0.0
0.065102,0.0,0.0
0.0669388,0.0,0.0
0.0687755,0.0,0.0
0.0706122,0.0,0.0
0.072449,0.0,0.0
0.0742857,0.0,0.0
0.0761224,0.0,0.0
0.0779592,0.0,0.0
0.0797959,0.0,0.0
0.0816327,0.0,0.0
0.0834694,0.0,0.0
0.0853061,0.0,0.0
0.0871429,0.0,0.0
0.0889796,0.0,0.0
0.0908163,0.0,0.0
0.0926531,0.0,0.0
0.0944898,0.0,0.0
0.0963265,0.0,0.0
0.0981633,0.0,0.0
0.1,0.0,0.0
0.102041,0.0,0.0
0.104082,0.0,0.0
0.106122,0.0,0.0
0.108163,4.52412e-16,3.13117e-19
0.110204,2.59037e-14,2.04444e-17
0.112245,2.8057e-13,2.40156e-16
0.114286,1.51762e-12,1.38041e-15
0.116327,5.58543e-12,5.24102e-15
0.118367,1.61459e-11,1.5405e-14
0.120408,3.93267e-11,3.80404e-14
0.122449,8.4586e-11,8.23688e-14
0.12449,1.66113e-10,1.63981e-13
0.126531,3.01115e-10,2.98839e-13
0.128571,5.16015e-10,5.14446e-13
0.130612,8.36645e-10,8.05385e-13
0.132653,1.30743e-09,1.3095e-12
0.134694,1.96711e-09,1.90825e-12
0.136735,2.86777e-09,2.72505e-12
0.138776,4.0664e-09,3.80789e-12
0.140816,5.63824e-09,5.4986e-12
0.142857,7.65082e-09,7.08608e-12
0.144898,1.02155e-08,9.86241e-12
0.146939,1.33833e-08,1.21054e-11
0.14898,1.73125e-08,1.64053e-11
0.15102,2.20507e-08,2.10664e-11
0.153061,2.77422e-08,2.39443e-11
0.155102,3.45388e-08,3.15049e-11
0.157143,4.24774e-08,3.64508e-11
0.159184,5.1867e-08,4.81873e-11
0.161224,6.27174e-08,5.34244e-11
0.163265,7.52856e-08,7.35577e-11
0.165306,8.96347e-08,7.43693e-11
0.167347,1.06168e-07,9.12239e-11
0.169388,1.24785e-07,1.20916e-10
0.171429,1.45423e-07,1.32233e-10
0.173469,1.69106e-07,1.3936e-10
0.17551,1.95302e-07,1.54152e-10
0.177551,2.24746e-07,1.83764e-10
0.179592,2.56851e-07,2.04279e-10
0.181633,2.92602e-07,2.64412e-10
0.183673,3.32461e-07,2.66231e-10
0.185714,3.75709e-07,2.99258e-10
0.187755,4.22843e-07,3.27888e-10
0.189796,4.74518e-07,3.70028e-10
0.191837,5.30404e-07,4.95027e-10
0.193878,5.91147e-07,4.80528e-10
0.195918,6.57358e-07,5.1868e-10
0.197959,7.27919e-07,6.57215e-10
0.2,8.04762e-07,6.24894e-10
0.202041,8.86133e-07,6.60471e-10
0.204082,9.74646e-07,7.80873e-10
0.206122,1.06917e-06,7.69019e-10
0.208163,1.17091e-06,9.47377e-10
0.210204,1.27747e-06,9.58471e-10
0.212245,1.39323e-06,1.00692e-09
0.214286,1.51541e-06,1.09278e-09
0.216327,1.64395e-06,1.2875e-09
0.218367,1.77922e-06,1.23259e-09
0.220408,1.92664e-06,1.45124e-09
0.222449,2.07721e-06,1.42931e-09
0.22449,2.24154e-06,1.63814e-09
0.226531,2.41094e-06,1.63661e-09
0.228571,2.58925e-06,1.71023e-09
0.230612,2.78198e-06,1.82434e-09
0.232653,2.98165e-06,2.3399e-09
0.234694,3.19077e-06,2.20383e-09
0.236735,3.40421e-06,2.35414e-09
0.238776,3.6329e-06,2.37318e-09
0.240816,3.87709e-06,2.61929e-09
0.242857,4.12245e-06,2.72992e-09
0.244898,4.38642e-06,3.2282e-09
0.246939,4.65552e-06,2.94532e-09
0.24898,4.93771e-06,3.20303e-09
0.25102,5.23639e-06,3.22616e-09
0.253061,5.55502e-06,4.31045e-09
0.255102,5.86678e-06,3.85312e-09
0.257143,6.19423e-06,3.91237e-09
0.259184,6.54955e-06,4.05111e-09
0.261224,6.90215e-06,4.20844e-09
0.263265,7.27033e-06,4.54849e-09
0.265306,7.67278e-06,5.00516e-09
0.267347,8.06202e-06,5.83671e-09
0.269388,8.48398e-06,5.93957e-09
0.271429,8.90728e-06,5.78476e-09
0.273469,9.35847e-06,7.74213e-09
0.27551,9.80651e-06,6.98468e-09
0.277551,1.02863e-05,6.09926e-09
0.279592,1.0755e-05,6.79092e-09
0.281633,1.12777e-05,9.02324e-09
0.283673,1.17851e-05,7.06205e-09
0.285714,1.23373e-05,9.67462e-09
0.287755,1.28815e-05,7.39944e-09
0.289796,1.34458e-05,8.17114e-09
0.291837,1.40221e-05,8.28921e-09
0.293878,1.46307e-05,9.04844e-09
0.295918,1.52618e-05,9.63258e-09
0.297959,1.58841e-05,8.93393e-09
0.3,1.65558e-05,1.00658e-08
0.302041,1.7193e-05,9.98107e-09
0.304082,1.7883e-05,1.0211e-08
0.306122,1.86081e-05,1.32933e-08
0.308163,1.9326e-05,1.12092e-08
0.310204,2.00687e-05,1.16503e-08
0.312245,2.08232e-05,1.13085e-08
0.314286,2.16177e-05,1.23166e-08
0.316327,2.23929e-05,1.31623e-08
0.318367,2.32514e-05,1.90261e-08
0.320408,2.40703e-05,1.41681e-08
0.322449,2.49327e-05,1.49765e-08
0.32449,2.57876e-05,1.47603e-08
0.326531,2.66827e-05,1.43957e-08
0.328571,2.76222e-05,1.49204e-08
0.330612,2.85572e-05,1.72892e-08
0.332653,2.94955e-05,1.55418e-08
0.334694,3.0511e-05,1.8978e-08
0.336735,3.15027e-05,1.79443e-08
0.338776,3.24961e-05,1.81165e-08
0.340816,3.35308e-05,1.88832e-08
0.342857,3.46055e-05,1.82606e-08
0.344898,3.57057e-05,1.97267e-08
0.346939,3.68218e-05,1.88787e-08
0.34898,3.79529e-05,2.0137e-08
0.35102,3.91171e-05,2.84734e-08
0.353061,4.02716e-05,2.2885e-08
0.355102,4.14209e-05,2.30598e-08
0.357143,4.26237e-05,2.21983e-08
0.359184,4.39367e-05,2.32589e-08
0.361224,4.51855e-05,2.93837e-08
0.363265,4.64933e-05,2.59968e-08
0.365306,4.77628e-05,2.44452e-08
0.367347,4.90916e-05,2.67475e-08
0.369388,5.04533e-05,2.73458e-08
0.371429,5.18315e-05,2.74695e-08
0.373469,5.32414e-05,2.76881e-08
0.37551,5.46103e-05,2.71034e-08
0.377551,5.61331e-05,2.89888e-08
0.379592,5.75812e-05,2.98313e-08
0.381633,5.90414e-05,3.1989e-08
0.383673,6.0619e-05,3.11517e-08
0.385714,6.21522e-05,3.25138e-08
0.387755,6.37089e-05,3.18999e-08
0.389796,6.53704e-05,3.25751e-08
0.391837,6.69311e-05,3.34184e-08
0.393878,6.85599e-05,3.36453e-08
0.395918,7.03382e-05,4.54451e-08
0.397959,7.2055e-05,3.89938e-08
0.4,7.37216e-05,3.8489e-08
0.402041,7.54554e-05,3.77053e-08
0.404082,7.72715e-05,3.85968e-08
0.406122,7.89566e-05,4.02903e-08
0.408163,8.08643e-05,4.20015e-08
0.410204,8.26723e-05,4.24296e-08
0.412245,8.45427e-05,4.40347e-08
0.414286,8.6413e-05,4.30725e-08
0.416327,8.83873e-05,4.47225e-08
0.418367,9.03896e-05,4.46796e-08
0.420408,9.23792e-05,4.72543e-08
0.422449,9.44284e-05,4.91905e-08
0.42449,9.63338e-05,4.72175e-08
0.426531,9.84013e-05,4.63655e-08
0.428571,0.000100566,4.88608e-08
0.430612,0.000102745,5.50423e-08
0.432653,0.000104824,5.67716e-08
0.434694,0.000107006,5.30951e-08
0.436735,0.000109209,5.51782e-08
0.438776,0.000111415,5.75718e-08
0.440816,0.00011369,5.48423e-08
0.442857,0.000116036,5.96332e-08
0.444898,0.000118372,5.78484e-08
0.446939,0.000120582,5.68688e-08
0.44898,0.000123023,5.74932e-08
0.45102,0.000125279,5.8611e-08
0.453061,0.000127721,6.1359e-08
0.455102,0.000130228,6.25421e-08
0.457143,0.00013278,6.25178e-08
0.459184,0.000135185,6.59983e-08
0.461224,0.000137738,6.80556e-08
0.463265,0.000140204,6.39408e-08
0.465306,0.00014294,7.1094e-08
0.467347,0.000145512,7.45012e-08
0.469388,0.000148268,6.80632e-08
0.471429,0.000150787,7.12028e-08
0.473469,0.00015358,7.12904e-08
0.47551,0.000156266,8.27634e-08
0.477551,0.000159068,7.93763e-08
0.479592,0.000161909,7.93151e-08
0.481633,0.000164551,7.55899e-08
0.483673,0.000167511,8.29701e-08
0.485714,0.000170465,8.12939e-08
0.487755,0.000173319,8.65713e-08
0.489796,0.000176262,8.36565e-08
0.491837,0.000179107,8.3129e-08
0.493878,0.000182213,8.26057e-08
0.495918,0.000185333,8.73802e-08
0.497959,0.000188184,9.49515e-08
0.5,0.000191392,9.21558e-08
0.502041,0.000194512,8.96133e-08
0.504082,0.000197763,9.16916e-08
0.506122,0.000200887,9.34095e-08
0.508163,0.000203994,9.50198e-08
0.510204,0.000207293,1.01421e-07
0.512245,0.000210472,9.89225e-08
0.514286,0.000213627,9.91985e-08
0.516327,0.000217176,1.0106e-07
0.518367,0.000220274,1.03006e-07
0.520408,0.000223965,1.07582e-07
0.522449,0.000227341,1.4714e-07
0.52449,0.000230681,1.16046e-07
0.526531,0.000234238,1.1125e-07
0.528571,0.000237746,1.12688e-07
0.530612,0.000241273,1.08889e-07
0.532653,0.000244831,1.12982e-07
0.534694,0.000248501,1.11267e-07
0.536735,0.000251855,1.1177e-07
0.538776,0.000255509,1.18448e-07
0.540816,0.000259489,1.28165e-07
0.542857,0.00026304,1.24955e-07
0.544898,0.000267028,1.36407e-07
0.546939,0.000270534,1.26673e-07
0.54898,0.000274548,1.27025e-07
0.55102,0.000278487,1.3158e-07
0.553061,0.00028206,1.29047e-07
0.555102,0.000285839,1.28655e-07
0.557143,0.00029014,1.3645e-07
0.559184,0.000293907,1.34829e-07
0.561224,0.000297969,1.36518e-07
0.563265,0.000302416,2.63335e-07
0.565306,0.000306119,1.43072e-07
0.567347,0.000310239,1.55952e-07
0.569388,0.000314519,1.55843e-07
0.571429,0.000318469,1.43068e-07
0.573469,0.000322438,1.55484e-07
0.57551,0.000326618,1.44703e-07
0.577551,0.000331408,1.61606e-07
0.579592,0.000335322,1.51508e-07
0.581633,0.00033967,1.5156e-07
0.583673,0.000343918,1.50544e-07
0.585714,0.00034837,1.62031e-07
0.587755,0.000353236,1.6793e-07
0.589796,0.000357476,1.61957e-07
0.591837,0.000361338,1.62962e-07
0.593878,0.000366127,1.71803e-07
0.595918,0.000370846,1.67235e-07
0.597959,0.000375154,1.72495e-07
0.6,0.000380056,1.98695e-07
0.602041,0.00038499,1.93257e-07
0.604082,0.000389107,2.04622e-07
0.606122,0.000393959,1.90793e-07
0.608163,0.000398666,1.75845e-07
0.610204,0.000403232,1.75673e-07
0.612245,0.000408247,1.84715e-07
0.614286,0.000412926,2.03956e-07
0.616327,0.000417829,2.04516e-07
0.618367,0.000422862,1.89359e-07
0.620408,0.000427358,2.03115e-07
0.622449,0.000432568,1.94029e-07
0.62449,0.000437727,2.01619e-07
0.626531,0.00044239,1.96208e-07
0.628571,0.000447652,1.96864e-07
0.630612,0.000452339,1.97866e-07
0.632653,0.000457899,2.00814e-07
0.634694,0.000462841,2.15786e-07
0.636735,0.000467979,2.00215e-07
0.638776,0.000473391,2.53082e-07
0.640816,0.000478652,2.26853e-07
0.642857,0.000483766,2.09886e-07
0.644898,0.000489246,2.15483e-07
0.646939,0.000494457,2.25483e-07
0.64898,0.000499618,2.23922e-07
0.65102,0.000505429,2.2097e-07
0.653061,0.000510188,2.15718e-07
0.655102,0.000516166,2.33273e-07
0.657143,0.000521332,2.22807e-07
0.659184,0.000527087,2.45392e-07
0.661224,0.000532275,2.23204e-07
0.663265,0.000537665,2.30117e-07
0.665306,0.000543774,2.31799e-07
0.667347,0.000549601,2.44818e-07
0.669388,0.000555372,2.58079e-07
0.671429,0.000560837,2.38752e-07
0.673469,0.000567152,2.6075e-07
0.67551,0.000572381,2.54979e-07
0.677551,0.000577868,2.49881e-07
0.679592,0.000583772,2.59594e-07
0.681633,0.000590039,2.63452e-07
0.683673,0.000596261,2.94891e-07
0.685714,0.000602083,2.79655e-07
0.687755,0.000608274,2.68974e-07
0.689796,0.000613703,2.69602e-07
0.691837,0.000619475,2.67372e-07
0.693878,0.000626214,2.93895e-07
0.695918,0.000632029,2.73209e-07
0.697959,0.000637611,2.61535e-07
0.7,0.000644015,2.9584e-07
0.702041,0.000650277,2.97869e-07
0.704082,0.000656371,2.8546e-07
0.706122,0.000662757,2.89476e-07
0.708163,0.000669025,3.43017e-07
0.710204,0.000675518,2.9395e-07
0.712245,0.000681622,2.98242e-07
0.714286,0.000688256,3.06682e-07
0.716327,0.000694577,3.00206e-07
0.718367,0.000701716,3.55329e-07
0.720408,0.000707807,3.15381e-07
0.722449,0.0007144,2.99855e-07
0.72449,0.000720425,3.232e-07
0.726531,0.000727328,3.07008e-07
0.728571,0.000733947,3.16442e-07
0.730612,0.000740184,3.44743e-07
0.732653,0.000747487,3.30829e-07
0.734694,0.000753558,3.22283e-07
0.736735,0.000761148,3.40313e-07
0.738776,0.00076794,3.3096e-07
0.740816,0.000774498,3.67079e-07
0.742857,0.000780908,3.58096e-07
0.744898,0.000787891,3.30046e-07
0.746939,0.000795108,3.71598e-07
0.74898,0.000801497,3.3636e-07
0.75102,0.000808687,3.62348e-07
0.753061,0.000815441,3.43245e-07
0.755102,0.00082273,3.55885e-07
0.757143,0.000829401,3.63268e-07
0.759184,0.000837126,3.44176e-07
0.761224,0.000844918,3.66657e-07
0.763265,0.000851465,3.65199e-07
0.765306,0.00085859,4.03918e-07
0.767347,0.000865115,3.76019e-07
0.769388,0.000872889,4.01026e-07
0.771429,0.00088082,3.89515e-07
0.773469,0.000887438,3.73348e-07
0.77551,0.000894346,3.66177e-07
0.777551,0.000902463,3.88732e-07
0.779592,0.000910386,4.12628e-07
0.781633,0.000917173,4.14252e-07
0.783673,0.000925317,4.32792e-07
0.785714,0.000931678,3.93453e-07
0.787755,0.000939911,4.14431e-07
0.789796,0.000947638,4.01142e-07
0.791837,0.000955303,4.16685e-07
0.793878,0.000963073,4.36633e-07
0.795918,0.00097046,4.02772e-07
0.797959,0.000978395,4.54071e-07
0.8,0.000986583,4.5631e-07
0.802041,0.000993861,4.07549e-07
0.804082,0.00100151,4.48025e-07
0.806122,0.00100983,4.44395e-07
0.808163,0.00101686,4.34469e-07
0.810204,0.00102517,4.41524e-07
0.812245,0.00103288,4.3425e-07
0.814286,0.00104086,4.33555e-07
0.816327,0.00104895,4.37994e-07
0.818367,0.0010564,4.94051e-07
0.820408,0.00106543,4.45017e-07
0.822449,0.00107284,4.67292e-07
0.82449,0.00108149,4.44029e-07
0.826531,0.00108927,4.6548e-07
0.828571,0.00109809,4.73601e-07
0.830612,0.00110581,4.5027e-07
0.832653,0.00111469,4.70001e-07
0.834694,0.0011232,5.79009e-07
0.836735,0.00113175,5.2931e-07
0.838776,0.00113862,4.99066e-07
0.840816,0.00114714,4.77277e-07
0.842857,0.00115672,5.27642e-07
0.844898,0.00116508,4.78819e-07
0.846939,0.00117377,4.9462e-07
0.84898,0.00118246,6.10278e-07
0.85102,0.00118972,4.83878e-07
0.853061,0.0011996,5.11417e-07
0.855102,0.00120669,5.60996e-07
0.857143,0.00121642,7.25967e-07
0.859184,0.00122523,5.78852e-07
0.861224,0.00123402,5.41151e-07
0.863265,0.00124194,5.30977e-07
0.865306,0.00125181,5.64912e-07
0.867347,0.00125898,5.23702e-07
0.869388,0.00126855,5.78803e-07
0.871429,0.00127699,5.30598e-07
0.873469,0.00128657,5.49829e-07
0.87551,0.00129453,5.35177e-07
0.877551,0.00130429,5.77338e-07
0.879592,0.00131285,5.47849e-07
0.881633,0.00132258,6.13804e-07
0.883673,0.00132998,5.37795e-07
0.885714,0.00134097,6.44436e-07
0.887755,0.00134761,5.79176e-07
0.889796,0.00135862,5.77648e-07
0.891837,0.00136587,5.48585e-07
0.893878,0.00137699,6.58019e-07
0.895918,0.00138617,5.88621e-07
0.897959,0.00139476,6.01468e-07
0.9,0.00140453,5.71873e-07
0.902041,0.00141366,6.26136e-07
0.904082,0.00142274,5.81463e-07
0.906122,0.00143362,6.75027e-07
0.908163,0.00144196,6.00068e-07
0.910204,0.00145127,6.06168e-07
0.912245,0.00146149,6.37629e-07
0.914286,0.0014696,6.05945e-07
0.916327,0.00148076,6.07889e-07
0.918367,0.00149007,7.30803e-07
0.920408,0.00149962,6.19646e-07
0.922449,0.0015083,6.09829e-07
0.92449,0.00151749,6.13269e-07
0.926531,0.0015281,6.46251e-07
0.928571,0.00153837,7.98074e-07
0.930612,0.00154831,6.88729e-07
0.932653,0.00155881,6.85315e-07
0.934694,0.00156986,6.95177e-07
0.936735,0.00157776,6.70129e-07
0.938776,0.00158744,6.93181e-07
0.940816,0.00159674,6.83578e-07
0.942857,0.00160745,6.60059e-07
0.944898,0.00161824,6.78165e-07
0.946939,0.00162797,6.9091e-07
0.94898,0.00163734,6.87202e-07
0.95102,0.00164794,7.18942e-07
0.953061,0.00165879,7.85861e-07
0.955102,0.00166869,7.62642e-07
0.957143,0.00167909,7.09246e-07
0.959184,0.00168856,7.43463e-07
0.961224,0.00169903,7.23053e-07
0.963265,0.00170917,7.10551e-07
0.965306,0.00171923,7.22418e-07
0.967347,0.00173131,7.91718e-07
0.969388,0.00173877,7.38807e-07
0.971429,0.00175151,7.3529e-07
0.973469,0.00176134,7.50191e-07
0.97551,0.00177233,7.64358e-07
0.977551,0.00178188,7.36858e-07
0.979592,0.00179263,7.79702e-07
0.981633,0.00180291,1.07469e-06
0.983673,0.00181603,8.5683e-07
0.985714,0.00182453,7.98821e-07
0.987755,0.00183541,7.92025e-07
0.989796,0.00184707,9.15306e-07
0.991837,0.00185616,7.68097e-07
0.993878,0.0018681,8.20134e-07
0.995918,0.00187822,7.77022e-07
0.997959,0.00188911,7.77811e-07
1.0,0.00189931,7.70816e-07
1.08163,0.00235932,9.6101e-07
1.16327,0.00286706,1.20828e-06
1.2449,0.00342416,1.46493e-06
1.32653,0.00402509,2.02054e-06
1.40816,0.00466993,1.99145e-06
1.4898,0.00535464,2.15274e-06
1.57143,0.00609669,3.30255e-06
1.65306,0.00686676,4.01595e-06
1.73469,0.00768679,4.75451e-06
1.81633,0.00853735,3.76661e-06
1.89796,0.00941928,3.93277e-06
1.97959,0.0103588,4.44864e-06
2.06122,0.0113135,4.95728e-06
2.14286,0.0123078,5.24803e-06
2.22449,0.0133558,5.89054e-06
2.30612,0.0144296,7.16965e-06
2.38776,0.0155205,6.66645e-06
2.46939,0.016668,7.82185e-06
2.55102,0.0178133,7.41824e-06
2.63265,0.0190275,9.20437e-06
2.71429,0.0202611,9.78802e-06
2.79592,0.0215181,9.53486e-06
2.87755,0.0227973,1.0418e-05
2.95918,0.0241174,1.22341e-05
3.04082,0.025463,1.76283e-05
3.12245,0.026796,1.17944e-05
3.20408,0.0282035,1.29017e-05
3.28571,0.0296172,1.37082e-05
3.36735,0.0310543,1.36095e-05
3.44898,0.0325452,1.44883e-05
3.53061,0.0340612,1.69439e-05
3.61224,0.0355623,1.58476e-05
3.69388,0.0371312,1.74285e-05
3.77551,0.038698,1.88969e-05
3.85714,0.0402703,1.89549e-05
3.93878,0.0418881,2.29349e-05
4.02041,0.0434795,2.11525e-05
4.10204,0.0451675,2.62338e-05
4.18367,0.0468297,2.67864e-05
4.26531,0.0485548,2.24689e-05
4.34694,0.050247,2.35792e-05
4.42857,0.0520218,2.35784e-05
4.5102,0.0537382,2.48465e-05
4.59184,0.0555818,3.10162e-05
4.67347,0.057377,2.6851e-05
4.7551,0.0591722,2.82262e-05
4.83673,0.061048,3.02571e-05
4.91837,0.0628591,3.2733e-05
5.0,0.0647144,3.01656e-05
5.10204,0.0670978,3.195e-05
5.20408,0.0695814,3.93194e-05
5.30612,0.0719958,3.574e-05
5.40816,0.0744014,4.11941e-05
5.5102,0.0768515,3.85279e-05
5.61224,0.0794028,4.08882e-05
5.71429,0.0819422,4.59089e-05
5.81633,0.0845946,4.2242e-05
5.91837,0.0871151,4.99695e-05
6.02041,0.0897264,4.91268e-05
6.12245,0.0923882,5.11609e-05
6.22449,0.0949647,5.04627e-05
6.32653,0.0977111,4.9473e-05
6.42857,0.100308,4.81474e-05
6.53061,0.102998,5.07109e-05
6.63265,0.105693,5.21497e-05
6.73469,0.108571,5.43812e-05
6.83673,0.111499,5.77592e-05
6.93878,0.114197,5.6572e-05
7.04082,0.117057,7.25914e-05
7.14286,0.119831,5.7226e-05
7.2449,0.122812,6.52412e-05
7.34694,0.125715,6.96509e-05
7.44898,0.128733,7.03234e-05
7.55102,0.131431,6.45196e-05
7.65306,0.134411,6.7932e-05
7.7551,0.137548,6.85247e-05
7.85714,0.14059,9.63956e-05
7.95918,0.143392,7.35453e-05
8.06122,0.146534,7.45271e-05
8.16327,0.149606,9.19417e-05
8.26531,0.152909,9.36548e-05
8.36735,0.155913,9.23462e-05
8.46939,0.158837,8.42154e-05
8.57143,0.161978,8.54839e-05
8.67347,0.165079,9.48435e-05
8.77551,0.168374,8.9976e-05
8.87755,0.171399,8.75665e-05
8.97959,0.174718,9.41538e-05
9.08163,0.177998,0.000114813
9.18367,0.181351,0.000137289
9.28571,0.184277,9.87551e-05
9.38776,0.187843,0.000110377
9.4898,0.190879,0.000101559
9.59184,0.19431,0.000111475
9.69388,0.197716,0.00010604
9.79592,0.200993,0.000115196
9.89796,0.204505,0.000118167
10.0,0.207787,0.000124659
10.2041,0.214348,0.000116422
10.4082,0.221475,0.000126789
10.6122,0.228352,0.000142353
10.8163,0.235116,0.000137978
11.0204,0.242148,0.00012992
11.2245,0.249321,0.000134017
11.4286,0.25606,0.000160949
11.6327,0.263586,0.000159927
11.8367,0.270721,0.000154196
12.0408,0.277939,0.000149204
12.2449,0.285393,0.000156031
12.449,0.293057,0.000218567
12.6531,0.300415,0.000175611
12.8571,0.307462,0.000162938
13.0612,0.314875,0.000165768
13.2653,0.322857,0.000206983
13.4694,0.330637,0.000188226
13.6735,0.33803,0.000190582
13.8776,0.346275,0.000204016
14.0816,0.353457,0.000199246
14.2857,0.361163,0.000226794
14.4898,0.369653,0.000266557
14.6939,0.377093,0.000225275
14.898,0.385174,0.00021597
15.102,0.393271,0.000232989
15.3061,0.401431,0.000237233
15.5102,0.409434,0.000249709
15.7143,0.417225,0.000245726
15.9184,0.425798,0.000403517
16.1224,0.433374,0.000244987
16.3265,0.441648,0.000317316
16.5306,0.450264,0.000330674
16.7347,0.458487,0.00026044
16.9388,0.466454,0.000267882
17.1429,0.475365,0.000304173
17.3469,0.483567,0.000300883
17.551,0.491974,0.000303836
17.7551,0.500392,0.000286486
17.9592,0.508929,0.000297873
18.1633,0.51765,0.000462792
18.3673,0.5269,0.000329512
18.5714,0.534792,0.000317549
18.7755,0.544616,0.000368794
18.9796,0.552655,0.000322066
19.1837,0.561054,0.000416293
19.3878,0.569938,0.000333463
19.5918,0.578495,0.000369579
19.7959,0.587885,0.000363933
20.0,0.596796,0.000378423
20.4082,0.614248,0.000461607
20.8163,0.633254,0.000394552
21.2245,0.650309,0.000433692
21.6327,0.66938,0.000393754
22.0408,0.687785,0.000819036
22.449,0.705429,0.000453344
22.8571,0.723991,0.000435152
23.2653,0.742856,0.000436599
23.6735,0.760184,0.000446392
24.0816,0.781436,0.000555145
24.4898,0.800563,0.00057163
24.898,0.818682,0.0004951
25.3061,0.838183,0.000555705
25.7143,0.856763,0.00050617
26.1224,0.876468,0.000526501
26.5306,0.895631,0.000523915
26.9388,0.915736,0.000610298
27.3469,0.936333,0.000636999
27.7551,0.954935,0.000578701
28.1633,0.975011,0.000723295
28.5714,0.994454,0.000623771
28.9796,1.01533,0.000610874
29.3878,1.0347,0.000649711
29.7959,1.0554,0.000641098
30.2041,1.07641,0.00071875
30.6122,1.09671,0.000683511
31.0204,1.11673,0.000697206
31.4286,1.13766,0.000775316
31.8367,1.15938,0.00078877
32.2449,1.17792,0.000738125
32.6531,1.20013,0.000780143
33.0612,1.22147,0.000796468
33.4694,1.24334,0.000868365
33.8776,1.26203,0.000770809
34.2857,1.28347,0.00080612
34.6939,1.30562,0.000796942
35.102,1.32638,0.000959135
35.5102,1.3472,0.000821756
35.9184,1.36933,0.000844801
36.3265,1.39112,0.000913832
36.7347,1.41221,0.000886518
37.1429,1.43609,0.00124446
37.551,1.45578,0.000970873
37.9592,1.47901,0.00107107
38.3673,1.50077,0.00108793
38.7755,1.5203,0.000985251
39.1837,1.54508,0.00101083
39.5918,1.56664,0.00099252
40.0,1.58829,0.00143564
40.4082,1.60923,0.0011641
40.8163,1.63747,0.00368545
41.2245,1.65497,0.00111423
41.6327,1.67702,0.00125746
42.0408,1.7001,0.00106179
42.449,1.72405,0.00119575
42.8571,1.74828,0.00128731
43.2653,1.76766,0.00115031
43.6735,1.79089,0.00116623
44.0816,1.81166,0.00118832
44.4898,1.83603,0.00128595
44.898,1.85933,0.00172033
45.3061,1.88411,0.00204852
45.7143,1.90402,0.00124673
46.1224,1.92947,0.00131676
46.5306,1.95297,0.00130547
46.9388,1.97734,0.00156858
47.3469,1.99781,0.00149109
47.7551,2.02444,0.00156446
48.1633,2.04409,0.001368
48.5714,2.06785,0.00167599
48.9796,2.09276,0.00172264
49.3878,2.11626,0.00148084
49.7959,2.14294,0.00218966
50.2041,2.16279,0.00174644
50.6122,2.18462,0.00142506
51.0204,2.21302,0.00164703
51.4286,2.23369,0.00161927
51.8367,2.25959,0.00154444
52.2449,2.27953,0.00150767
52.6531,2.30635,0.00192288
53.0612,2.33121,0.00186757
53.4694,2.35616,0.00163897
53.8776,2.37967,0.00182538
54.2857,2.40255,0.00170595
54.6939,2.42643,0.00168408
55.102,2.45171,0.00207479
55.5102,2.47276,0.00166926
55.9184,2.50192,0.00193314
56.3265,2.5257,0.00172255
56.7347,2.54497,0.00167224
57.1429,2.57465,0.0020096
57.551,2.60029,0.00197874
57.9592,2.61938,0.00186975
58.3673,2.64667,0.00193533
58.7755,2.66923,0.0018044
59.1837,2.69531,0.00197513
59.5918,2.72133,0.00202193
60.0,2.74636,0.00219775
60.4082,2.76709,0.00187813
60.8163,2.80008,0.00309154
61.2245,2.82039,0.00233554
61.6327,2.84304,0.00199312
62.0408,2.86955,0.0022237
62.449,2.89801,0.0020408
62.8571,2.91897,0.00206279
63.2653,2.94517,0.0021327
63.6735,2.9671,0.00196523
64.0816,2.99599,0.00207737
64.4898,3.0212,0.00218858
64.898,3.04649,0.00237699
65.3061,3.07103,0.00227849
65.7143,3.09557,0.00214596
66.1224,3.12057,0.00216846
66.5306,3.14509,0.00210842
66.9388,3.17633,0.00247414
67.3469,3.19929,0.00230416
67.7551,3.2251,0.00232501
68.1633,3.24844,0.00218918
68.5714,3.27579,0.00225035
68.9796,3.30331,0.00287362
69.3878,3.32736,0.00240999
69.7959,3.35266,0.00282631
70.2041,3.38096,0.00267719
70.6122,3.40615,0.00305378
71.0204,3.42887,0.0023375
71.4286,3.45073,0.00224495
71.8367,3.48095,0.0025717
72.2449,3.50922,0.00262211
72.6531,3.53472,0.00248064
73.0612,3.55962,0.00249256
73.4694,3.58373,0.00244987
73.8776,3.61217,0.00295846
74.2857,3.64134,0.00352023
74.6939,3.6643,0.00243818
75.102,3.68758,0.00262278
75.5102,3.71599,0.00252561
75.9184,3.74038,0.00270329
76.3265,3.77036,0.00264962
76.7347,3.79862,0.00291393
77.1429,3.82655,0.00347321
77.551,3.84756,0.00271787
77.9592,3.87787,0.00276381
78.3673,3.90311,0.00298722
78.7755,3.93009,0.00283668
79.1837,3.95526,0.00285298
79.5918,3.98064,0.00275807
80.0,4.0083,0.00276101
80.4082,4.04045,0.00304588
80.8163,4.06555,0.00300511
81.2245,4.08759,0.00276742
81.6327,4.11482,0.00285598
82.0408,4.14041,0.00302775
82.449,4.16753,0.00289566
82.8571,4.18986,0.00275815
83.2653,4.22867,0.00347758
83.6735,4.25376,0.00289174
84.0816,4.27821,0.0030101
84.4898,4.30322,0.0032829
84.898,4.32392,0.00281642
85.3061,4.35883,0.00325938
85.7143,4.37798,0.00298163
86.1224,4.40993,0.00301866
86.5306,4.44086,0.00312415
86.9388,4.47343,0.00373929
87.3469,4.49476,0.00312512
87.7551,4.523,0.0033877
88.1633,4.5491,0.00321848
88.5714,4.57644,0.00395929
88.9796,4.61082,0.00506981
89.3878,4.63131,0.00327965
89.7959,4.65762,0.00336987
90.2041,4.68645,0.00344696
90.6122,4.70823,0.00365542
91.0204,4.74404,0.00353934
91.4286,4.77086,0.00363129
91.8367,4.79083,0.00325404
92.2449,4.8192,0.00343352
92.6531,4.85201,0.00349671
93.0612,4.87925,0.00395841
93.4694,4.90529,0.00373755
93.8776,4.92911,0.00340719
94.2857,4.963,0.00399062
94.6939,4.98901,0.00396374
95.102,5.00829,0.00353934
95.5102,5.0411,0.00374234
95.9184,5.06664,0.00389559
96.3265,5.10405,0.003684
96.7347,5.13871,0.00528255
97.1429,5.16282,0.00427983
97.551,5.18369,0.00365523
97.9592,5.20859,0.00362822
98.3673,5.23516,0.00375328
98.7755,5.26429,0.00427263
99.1837,5.29742,0.00368213
99.5918,5.33168,0.00416619
100.0,5.35855,0.00460663
100.816,5.40511,0.00403997
101.633,5.46318,0.00384924
102.449,5.52619,0.0042466
103.265,5.57861,0.00418576
104.082,5.6398,0.00417137
104.898,5.70054,0.00455486
105.714,5.75382,0.00413676
106.531,5.80799,0.00444529
107.347,5.86877,0.00421195
108.163,5.92242,0.00449973
108.98,5.98564,0.0051423
109.796,6.03476,0.00427722
110.612,6.09508,0.00442011
111.429,6.1465,0.00448261
112.245,6.21706,0.00681106
113.061,6.26963,0.005622
113.878,6.31853,0.00441271
114.694,6.38033,0.00467498
115.51,6.43674,0.00477355
116.327,6.51103,0.00602809
117.143,6.55802,0.0076721
117.959,6.61361,0.00630792
118.776,6.66222,0.00486461
119.592,6.73177,0.00503414
120.408,6.79617,0.00492469
121.224,6.8485,0.0049712
122.041,6.90507,0.00509559
122.857,6.97537,0.00577159
123.673,7.02259,0.00533302
124.49,7.08484,0.00534488
125.306,7.14431,0.0065909
126.122,7.20855,0.00553243
126.939,7.25245,0.00539291
127.755,7.31976,0.00555092
128.571,7.38704,0.00565669
129.388,7.44916,0.00542923
130.204,7.50075,0.00654261
131.02,7.5764,0.0065048
131.837,7.61494,0.00653385
132.653,7.68955,0.00604655
133.469,7.74371,0.00790663
134.286,7.80011,0.00585667
135.102,7.85992,0.00778163
135.918,7.91448,0.00591513
136.735,7.99277,0.00624837
137.551,8.04474,0.00572201
138.367,8.09749,0.00582554
139.184,8.16356,0.00617418
140.0,8.2194,0.00624238
140.816,8.29196,0.00636564
141.633,8.33982,0.00594338
142.449,8.40676,0.00644091
143.265,8.46406,0.00659487
144.082,8.53363,0.00901724
144.898,8.58235,0.00743657
145.714,8.65593,0.00687868
146.531,8.72467,0.00957503
147.347,8.77301,0.00658631
148.163,8.83125,0.00688686
148.98,8.89949,0.00749447
149.796,8.95119,0.00685208
150.612,9.02412,0.00807807
151.429,9.07639,0.00738965
152.245,9.14074,0.00843937
153.061,9.20798,0.00679919
153.878,9.25824,0.00742204
154.694,9.34105,0.00972229
155.51,9.40962,0.0136563
156.327,9.45427,0.00795588
157.143,9.51079,0.00779909
157.959,9.57936,0.00811725
158.776,9.63347,0.00720395
159.592,9.7126,0.00970539
160.408,9.76122,0.00774739
161.224,9.84648,0.0139389
162.041,9.87218,0.00721818
162.857,9.9425,0.00759882
163.673,10.0199,0.00878727
164.49,10.0867,0.0118156
165.306,10.1378,0.00833932
166.122,10.2057,0.0132959
166.939,10.2663,0.00838741
167.755,10.3323,0.00927468
168.571,10.3902,0.00853103
169.388,10.4477,0.00797634
170.204,10.5075,0.00779121
171.02,10.5843,0.0101632
171.837,10.6363,0.00790008
172.653,10.7145,0.00903101
173.469,10.7782,0.00869287
174.286,10.8324,0.00803961
175.102,10.91,0.00862294
175.918,10.9522,0.00807585
176.735,11.0295,0.0100486
177.551,11.0871,0.00903191
178.367,11.1463,0.00855659
179.184,11.2031,0.00837633
180.0,11.273,0.00876438
180.816,11.3274,0.00861613
181.633,11.3965,0.00919717
182.449,11.4944,0.0199471
183.265,11.5276,0.00892602
184.082,11.5908,0.00916871
184.898,11.6611,0.00890441
185.714,11.7197,0.0090958
186.531,11.7875,0.00860553
187.347,11.8675,0.00871738
188.163,11.9253,0.0095747
188.98,11.9828,0.010464
189.796,12.0559,0.0105245
190.612,12.1268,0.00932873
191.429,12.1724,0.00928507
192.245,12.2369,0.00928315
193.061,12.3162,0.0101843
193.878,12.3707,0.00988674
194.694,12.4437,0.0117423
195.51,12.5061,0.0100072
196.327,12.5715,0.0095038
197.143,12.651,0.0103391
197.959,12.7196,0.0124006
198.776,12.7851,0.00983268
199.592,12.835,0.0112199
200.408,12.8884,0.0112921
201.224,12.9493,0.0101749
202.041,13.0105,0.0114521
202.857,13.0794,0.00993492
203.673,13.1528,0.0103668
204.49,13.2163,0.010043
205.306,13.3024,0.0108267
206.122,13.3431,0.0106582
206.939,13.4135,0.0104927
207.755,13.5089,0.0244557
208.571,13.5533,0.0109033
209.388,13.6174,0.0105929
210.204,13.6942,0.014886
211.02,13.7753,0.0129614
211.837,13.8123,0.0107704
212.653,13.8793,0.0108629
213.469,13.9423,0.0108463
214.286,14.0313,0.0116873
215.102,14.0785,0.0112836
215.918,14.1615,0.0114945
216.735,14.2252,0.0122133
217.551,14.283,0.0122601
218.367,14.3455,0.0126612
219.184,14.4284,0.0125745
220.0,14.4804,0.0168188
221.633,14.617,0.0131456
223.265,14.7479,0.0128765
224.898,14.8512,0.0113389
226.531,15.0101,0.0121963
228.163,15.159,0.0127096
229.796,15.288,0.0141324
231.429,15.4193,0.0124481
233.061,15.5431,0.0185484
234.694,15.6681,0.0119729
236.327,15.8098,0.0127684
237.959,15.9577,0.0130436
239.592,16.0693,0.0118201
241.224,16.2256,0.0122685
242.857,16.361,0.015433
244.49,16.4715,0.0123655
246.122,16.6917,0.0654113
247.755,16.755,0.0136978
249.388,16.9064,0.0158114
251.02,17.0523,0.0143262
252.653,17.184,0.0145737
254.286,17.2936,0.0133204
255.918,17.4726,0.0154301
257.551,17.6068,0.0186898
259.184,17.7475,0.0152867
260.816,17.8777,0.0149587
262.449,17.9948,0.017309
264.082,18.1461,0.0179076
265.714,18.2973,0.0190309
267.347,18.4412,0.0156924
268.98,18.5546,0.0152754
270.612,18.736,0.0275121
272.245,18.8266,0.015665
273.878,18.9759,0.016016
275.51,19.1045,0.0154794
277.143,19.2547,0.0197056
278.776,19.3612,0.0151507
280.408,19.5254,0.0181247
282.041,19.6767,0.0170803
283.673,19.8364,0.0206576
285.306,19.9128,0.0153756
286.939,20.0748,0.0271404
288.571,20.2113,0.0179762
290.204,20.3959,0.0174923
291.837,20.5034,0.0182309
293.469,20.6692,0.0166962
295.102,20.7637,0.015929
296.735,20.9094,0.0171213
298.367,21.0365,0.0177
300.0,21.1641,0.0166762
301.633,21.3579,0.0178215
303.265,21.4982,0.0186065
304.898,21.6471,0.0184207
306.531,21.8018,0.018989
308.163,21.9111,0.0170288
309.796,22.0674,0.022517
311.429,22.2243,0.0316167
313.061,22.3746,0.0199473
314.694,22.5208,0.0205556
316.327,22.6184,0.0189877
317.959,22.7876,0.0250957
319.592,22.9082,0.0176099
321.224,23.0425,0.0190687
322.857,23.1979,0.0191556
324.49,23.3178,0.020558
326.122,23.4719,0.0198237
327.755,23.615,0.020051
329.388,23.7505,0.0201559
331.02,23.8947,0.0192087
332.653,24.0817,0.021339
334.286,24.2117,0.0210645
335.918,24.3276,0.0197111
337.551,24.4721,0.021298
339.184,24.6541,0.0209342
340.816,24.7683,0.0207876
342.449,24.9358,0.0245753
344.082,25.0404,0.020006
345.714,25.2042,0.0199822
347.347,25.3578,0.0254478
348.98,25.5615,0.0250307
350.612,25.6226,0.020819
352.245,25.7809,0.0219411
353.878,25.9079,0.0228007
355.51,26.0858,0.0216113
357.143,26.2209,0.0211987
358.776,26.3813,0.0214216
360.408,26.5347,0.0228019
362.041,26.6505,0.0210091
363.673,26.8075,0.0246502
365.306,26.9453,0.0229807
366.939,27.0986,0.0258544
368.571,27.2111,0.0230457
370.204,27.4137,0.0284333
371.837,27.5761,0.0235511
373.469,27.7011,0.0254582
375.102,27.8315,0.0220169
376.735,28.0252,0.0239158
378.367,28.1338,0.0279663
380.0,28.2912,0.0231827
382.449,28.4969,0.0234223
384.898,28.7523,0.0250525
387.347,28.9674,0.024877
389.796,29.1427,0.0260943
392.245,29.3518,0.0248968
394.694,29.6113,0.0243128
397.143,29.8976,0.0261161
399.592,29.9801,0.0243567
402.041,30.2409,0.0262898
404.49,30.5091,0.0256226
406.939,30.7385,0.0299806
409.388,31.0229,0.0333562
411.837,31.1778,0.0289262
414.286,31.4149,0.0265895
416.735,31.6388,0.0324828
419.184,31.8468,0.0289325
421.633,32.0893,0.027138
424.082,32.2848,0.0281404
426.531,32.5078,0.0286947
428.98,32.7631,0.029192
431.429,33.0401,0.0373259
433.878,33.1483,0.0278437
436.327,33.4289,0.028909
438.776,33.6311,0.0262524
441.224,33.9491,0.0383577
443.673,34.0874,0.0289295
446.122,34.3485,0.0318776
448.571,34.6195,0.0341489
451.02,34.7291,0.0266711
453.469,35.015,0.0303541
455.918,35.2385,0.0328544
458.367,35.4442,0.0312779
460.816,35.6534,0.0302189
463.265,35.9294,0.0341525
465.714,36.1663,0.030867
468.163,36.4355,0.0316268
470.612,36.5906,0.0308915
473.061,36.8693,0.0324888
475.51,37.0605,0.0319175
477.959,37.282,0.0316583
480.408,37.5621,0.0346381
482.857,37.7409,0.0326908
485.306,37.9692,0.0315038
487.755,38.2276,0.0346341
490.204,38.4989,0.0340749
492.653,38.7021,0.0362521
495.102,38.9034,0.0359793
497.551,39.1227,0.0328034
500.0,39.3584,0.0320121
502.449,39.6678,0.0414589
504.898,39.7757,0.03195
507.347,40.105,0.0471273
509.796,40.2577,0.0323016
512.245,40.5321,0.0356408
514.694,40.7635,0.0336263
517.143,41.0004,0.0347537
519.592,41.2935,0.0375278
522.041,41.4583,0.0465212
524.49,41.7236,0.0389236
526.939,41.9936,0.0424733
529.388,42.1644,0.0348822
531.837,42.423,0.0403955
534.286,42.615,0.0338779
536.735,42.8607,0.0368104
539.184,43.0271,0.0345025
541.633,43.3567,0.0363809
544.082,43.6397,0.0373607
546.531,43.7651,0.0391316
548.98,44.0376,0.0365229
551.429,44.253,0.0360764
553.878,44.4599,0.0354596
556.327,44.7965,0.0408718
558.776,44.9629,0.0421106
561.224,45.3502,0.0399647
563.673,45.5226,0.0431939
566.122,45.7487,0.0522328
568.571,45.9602,0.0410277
571.02,46.1787,0.0401826
573.469,46.4408,0.0399327
575.918,46.6692,0.0402792
578.367,46.9164,0.0403545
580.816,47.1612,0.0402258
583.265,47.382,0.0397776
585.714,47.6301,0.0430538
588.163,47.7706,0.0418983
590.612,48.0861,0.044122
593.061,48.3269,0.0465011
595.51,48.646,0.0424429
597.959,48.744,0.0400521
600.408,49.0621,0.044105
602.857,49.3005,0.0414502
605.306,49.5158,0.0517384
607.755,49.7031,0.0453744
610.204,49.988,0.0458916
612.653,50.2825,0.0423247
615.102,50.57,0.0486132
617.551,50.7382,0.0456174
620.0,50.8782,0.0422225
622.449,51.2687,0.0567952
624.898,51.3889,0.0418459
627.347,51.6664,0.0550187
629.796,51.8426,0.0426636
632.245,52.1615,0.0540736
634.694,52.3729,0.0445566
637.143,52.6647,0.0509613
639.592,52.8995,0.050497
642.041,53.1059,0.0460588
644.49,53.368,0.0461038
646.939,53.5789,0.0449749
649.388,53.7762,0.0455498
651.837,54.0528,0.050886
654.286,54.4145,0.0540618
656.735,54.5412,0.0462554
659.184,54.8154,0.0491755
661.633,55.0774,0.0479828
664.082,55.4241,0.0661665
666.531,55.5029,0.0484419
668.98,55.8633,0.0503291
671.429,56.0865,0.0544722
673.878,56.3509,0.0554856
676.327,56.5522,0.0504224
678.776,56.7727,0.0527452
681.224,56.9778,0.0505505
683.673,57.3086,0.0507627
686.122,57.4486,0.0499819
688.571,57.7619,0.0686611
691.02,57.9446,0.0476741
693.469,58.217,0.0509478
695.918,58.4808,0.0547688
698.367,58.7338,0.0849534
700.816,58.8436,0.0491353
703.265,59.2013,0.0525238
705.714,59.4895,0.062111
708.163,59.6654,0.0531806
710.612,59.9662,0.0849329
713.061,60.2417,0.0538867
715.51,60.3693,0.0588526
717.959,60.6044,0.0511093
720.408,60.8479,0.0499904
722.857,61.1976,0.0972803
725.306,61.4201,0.0577602
727.755,61.676,0.0547105
730.204,61.937,0.0610724
732.653,62.0906,0.056955
735.102,62.4171,0.0562726
737.551,62.7217,0.157434
740.0,62.9317,0.0601565
743.265,63.2417,0.0537455
746.531,63.4984,0.0553415
749.796,63.9203,0.0554673
753.061,64.249,0.081852
756.327,64.5486,0.0572475
759.592,64.7998,0.0706569
762.857,65.1077,0.0543668
766.122,65.5429,0.0610229
769.388,65.8738,0.0560673
772.653,66.1792,0.0567995
775.918,66.572,0.0587427
779.184,66.8509,0.0580791
782.449,67.2582,0.0801241
785.714,67.57,0.062074
788.98,67.8196,0.0691789
792.245,68.1934,0.0663671
795.51,68.546,0.0847822
798.776,68.8824,0.0582458
802.041,69.1656,0.0630212
805.306,69.4272,0.0620084
808.571,69.8159,0.0621643
811.837,70.2863,0.0633529
815.102,70.4862,0.0623779
818.367,70.8753,0.0729576
821.633,71.254,0.085266
824.898,71.4986,0.0621435
828.163,71.8747,0.0698733
831.429,72.1858,0.0648522
834.694,72.5562,0.0643924
837.959,72.8883,0.078538
841.224,73.2318,0.0648221
844.49,73.5324,0.0725008
847.755,73.8899,0.065506
851.02,74.2888,0.065743
854.286,74.7668,0.0866603
857.551,74.9044,0.0642123
860.816,75.2805,0.070834
864.082,75.6494,0.0744509
867.347,76.1044,0.0763288
870.612,76.0253,0.0644528
873.878,76.5309,0.0666108
877.143,76.8706,0.0655309
880.408,77.3309,0.071571
883.673,77.5569,0.0715252
886.939,78.1327,0.0730942
890.204,78.3655,0.0829672
893.469,78.6055,0.0673478
896.735,78.8552,0.0702299
900.0,79.2758,0.0739261
903.265,79.7364,0.0769441
906.531,80.0856,0.0999518
909.796,80.3811,0.074599
913.061,80.6913,0.0857119
916.327,80.9529,0.0720405
919.592,81.3847,0.073393
922.857,81.6234,0.070657
926.122,81.9344,0.0728193
929.388,82.3954,0.0777144
932.653,82.7412,0.076286
935.918,83.1268,0.0837821
939.184,83.2941,0.0734703
942.449,83.7912,0.0849024
945.714,84.0579,0.0743973
948.98,84.3898,0.0739248
952.245,84.8269,0.0758132
955.51,85.0828,0.0777195
958.776,85.5629,0.0812079
962.041,85.9035,0.0795836
965.306,86.1878,0.0809038
968.571,86.5261,0.0911966
971.837,86.6878,0.0706025
975.102,87.2158,0.077455
978.367,87.4454,0.072889
981.633,87.9379,0.0858464
984.898,88.2644,0.0814765
988.163,88.5936,0.0818265
991.429,88.8393,0.0886748
994.694,89.162,0.0766271
997.959,89.7067,0.0893996
1001.22,89.8637,0.075003
1004.49,90.2794,0.0999445
1007.76,90.4536,0.0817145
1011.02,90.934,0.082404
1014.29,91.5005,0.108031
1017.55,91.5004,0.0801206
1020.82,91.9668,0.0987828
1024.08,92.5333,0.111329
1027.35,92.5896,0.0794811
1030.61,92.9763,0.0790064
1033.88,94.2413,0.878333
1037.14,93.7181,0.0866642
1040.41,94.0444,0.087581
1043.67,94.5157,0.106536
1046.94,94.6414,0.0908269
1050.2,95.1091,0.0863162
1053.47,95.3758,0.0838453
1056.73,95.8425,0.0869511
1060.0,96.2574,0.137601
1064.9,96.7763,0.0933843
1069.8,97.2697,0.0901971
1074.69,97.8644,0.0977149
1079.59,98.3154,0.147591
1084.49,98.7388,0.0935618
1089.39,99.3072,0.0944193
1094.29,100.145,0.117708
1099.18,100.371,0.0965675
1104.08,100.993,0.14184
1108.98,101.424,0.0935888
1113.88,102.043,0.0923573
1118.78,102.453,0.0959403
1123.67,103.013,0.110085
1128.57,103.52,0.108737
1133.47,103.967,0.0958353
1138.37,104.561,0.105835
1143.27,104.856,0.0891084
1148.16,105.669,0.127446
1153.06,106.225,0.101948
1157.96,106.656,0.0969368
1162.86,107.17,0.0989121
1167.76,107.78,0.0967732
1172.65,108.254,0.0930159
1177.55,108.78,0.100117
1182.45,109.316,0.0981466
1187.35,110.118,0.105749
1192.24,110.437,0.109608
1197.14,110.875,0.0976104
1202.04,111.532,0.101482
1206.94,112.047,0.116301
1211.84,112.629,0.102473
1216.73,112.903,0.102657
1221.63,113.669,0.168269
1226.53,114.127,0.102947
1231.43,114.567,0.104746
1236.33,115.278,0.107998
1241.22,115.686,0.138922
1246.12,116.307,0.10284
1251.02,117.06,0.116
1255.92,117.208,0.102525
1260.82,118.128,0.13662
1265.71,118.369,0.127476
1270.61,118.86,0.107908
1275.51,119.299,0.100859
1280.41,120.08,0.106163
1285.31,120.562,0.116366
1290.2,120.924,0.106454
1295.1,121.556,0.107371
1300.0,122.081,0.111888
1304.9,122.715,0.110573
1309.8,123.257,0.1123
1314.69,123.707,0.127339
1319.59,124.17,0.111923
1324.49,124.772,0.115595
1329.39,125.144,0.108339
1334.29,126.114,0.121714
1339.18,126.402,0.109381
1344.08,126.966,0.118155
1348.98,127.67,0.131961
1353.88,128.105,0.121986
1358.78,128.675,0.123056
1363.67,129.554,0.1683
1368.57,129.51,0.116575
1373.47,130.472,0.134902
1378.37,130.984,0.353865
1383.27,131.488,0.13078
1388.16,132.085,0.147801
1393.06,132.689,0.154029
1397.96,132.981,0.136882
1402.86,133.519,0.124001
1407.76,134.234,0.155784
1412.65,134.638,0.116589
1417.55,135.002,0.119832
1422.45,135.706,0.126906
1427.35,136.243,0.148755
1432.24,136.646,0.130033
1437.14,137.322,0.12321
1442.04,137.829,0.127982
1446.94,138.571,0.126398
1451.84,139.025,0.138426
1456.73,139.731,0.134392
1461.63,140.048,0.136741
1466.53,140.895,0.147824
1471.43,141.121,0.134727
1476.33,141.712,0.128218
1481.22,142.189,0.130976
1486.12,142.82,0.128228
1491.02,143.519,0.129269
1495.92,144.161,0.142779
1500.82,144.543,0.13039
1505.71,145.184,0.138924
1510.61,145.618,0.15559
1515.51,146.143,0.133135
1520.41,146.547,0.128957
1525.31,147.361,0.164892
1530.2,147.713,0.134963
1535.1,148.28,0.136555
1540.0,148.891,0.160348
1547.35,149.787,0.155512
1554.69,150.802,0.149855
1562.04,151.443,0.16025
1569.39,152.827,0.526436
1576.73,153.069,0.1397
1584.08,154.073,0.272168
1591.43,154.845,0.176338
1598.78,155.402,0.140195
1606.12,156.482,0.227248
1613.47,157.016,0.152576
1620.82,158.259,0.153905
1628.16,158.744,0.144254
1635.51,159.539,0.149645
1642.86,160.851,0.316812
1650.2,161.403,0.159226
1657.55,161.976,0.144186
1664.9,163.12,0.170078
1672.24,163.906,0.167611
1679.59,164.603,0.154675
1686.94,165.937,0.232407
1694.29,166.645,0.154938
1701.63,167.146,0.147399
1708.98,168.142,0.156412
1716.33,169.119,0.170789
1723.67,169.876,0.156346
1731.02,170.986,0.200039
1738.37,171.718,0.191592
1745.71,172.437,0.171622
1753.06,173.152,0.16381
1760.41,173.942,0.20197
1767.76,174.797,0.160496
1775.1,175.929,0.177949
1782.45,176.419,0.16649
1789.8,177.379,0.177729
1797.14,178.081,0.164345
1804.49,178.741,0.179203
1811.84,179.825,0.184206
1819.18,180.794,0.180521
1826.53,181.701,0.192069
1833.88,182.401,0.172423
1841.22,183.501,0.191913
1848.57,184.065,0.175562
1855.92,184.812,0.170964
1863.27,185.883,0.175959
1870.61,186.861,0.175353
1877.96,187.775,0.174332
1885.31,188.178,0.208784
1892.65,189.13,0.173665
1900.0,190.016,0.184288
1907.35,190.951,0.24765
1914.69,192.04,0.188339
1922.04,192.628,0.201949
1929.39,193.467,0.187423
1936.73,194.762,0.227713
1944.08,195.139,0.176088
1951.43,195.974,0.176648
1958.78,196.733,0.192464
1966.12,197.791,0.183086
1973.47,198.519,0.179179
1980.82,199.786,0.23595
1988.16,200.097,0.185405
1995.51,201.456,0.214778
2002.86,202.237,0.187662
2010.2,203.135,0.199675
2017.55,203.855,0.188835
2024.9,204.805,0.235596
2032.24,205.791,0.224966
2039.59,206.216,0.199999
2046.94,207.476,0.188306
2054.29,208.195,0.210938
2061.63,208.913,0.204826
2068.98,210.106,0.208258
2076.33,210.735,0.201502
2083.67,211.434,0.191241
2091.02,212.546,0.216857
2098.37,213.308,0.209178
2105.71,213.96,0.219856
2113.06,215.083,0.193907
2120.41,215.941,0.211251
2127.76,216.789,0.203854
2135.1,217.74,0.226329
2142.45,218.222,0.213945
2149.8,219.36,0.23749
2157.14,219.95,0.226564
2164.49,221.264,0.219936
2171.84,222.267,0.226582
2179.18,222.919,0.225823
2186.53,223.743,0.204097
2193.88,224.95,0.216371
2201.22,225.079,0.20835
2208.57,225.973,0.213074
2215.92,227.256,0.233756
2223.27,227.914,0.212553
2230.61,228.68,0.223616
2237.96,230.201,0.342338
2245.31,230.342,0.245163
2252.65,231.443,0.326725
2260.0,232.264,0.240644
2271.02,233.989,0.249162
2282.04,234.961,0.263069
2293.06,236.432,0.233971
2304.08,237.662,0.222531
2315.1,238.879,0.235102
2326.12,240.057,0.215312
2337.14,241.236,0.22714
2348.16,242.373,0.220409
2359.18,244.347,0.239569
2370.2,245.495,0.233743
2381.22,246.64,0.25321
2392.24,248.95,0.97053
2403.27,249.543,0.24456
2414.29,250.882,0.236287
2425.31,251.965,0.263214
2436.33,253.151,0.225667
2447.35,254.913,0.256527
2458.37,256.263,0.296529
2469.39,257.204,0.247371
2480.41,258.269,0.242841
2491.43,260.997,1.19606
2502.45,261.384,0.242276
2513.47,262.62,0.274255
2524.49,264.682,0.288283
2535.51,265.185,0.240413
2546.53,266.83,0.253344
2557.55,268.062,0.251461
2568.57,269.468,0.302083
2579.59,270.534,0.269529
2590.61,272.074,0.28224
2601.63,273.166,0.289484
2612.65,274.727,0.252867
2623.67,276.271,0.285434
2634.69,277.329,0.296952
2645.71,278.48,0.254485
2656.73,279.725,0.294999
2667.76,281.689,0.392212
2678.78,283.19,0.282941
2689.8,284.602,0.495244
2700.82,285.567,0.333379
2711.84,286.898,0.283944
2722.86,288.547,0.314291
2733.88,289.295,0.27694
2744.9,290.45,0.271986
2755.92,291.632,0.265951
2766.94,294.235,0.334721
2777.96,294.798,0.310358
2788.98,296.137,0.305925
2800.0,297.793,0.318197
2814.29,299.184,0.297173
2828.57,300.942,0.292046
2842.86,302.596,0.304943
2857.14,304.618,0.333716
2871.43,306.649,0.335768
2885.71,308.079,0.294397
2900.0,309.846,0.315914
2914.29,311.907,0.418316
2928.57,313.596,0.293155
2942.86,314.753,0.294934
2957.14,316.785,0.414359
2971.43,319.466,0.365959
2985.71,320.577,0.332184
3000.0,321.899,0.325018
3014.29,323.417,0.31607
3028.57,325.432,0.367861
3042.86,326.599,0.306131
3057.14,329.023,0.319449
3071.43,331.369,0.3452
3085.71,332.715,0.316727
3100.0,334.334,0.346125
3114.29,335.784,0.334953
3128.57,338.281,0.34164
3142.86,339.059,0.334555
3157.14,341.904,0.355616
3171.43,342.818,0.32389
3185.71,345.626,0.371975
3200.0,346.497,0.319617
3214.29,348.717,0.346334
3228.57,350.719,0.369456
3242.86,352.431,0.357224
3257.14,353.769,0.411155
3271.43,355.636,0.347061
3285.71,357.968,0.464685
3300.0,359.717,0.369279
3314.29,360.61,0.375156
3328.57,363.079,0.426584
3342.86,364.858,0.407262
3357.14,366.573,0.355697
3371.43,368.213,0.42905
3385.71,370.091,0.354083
3400.0,372.144,0.38883
3414.29,373.824,0.375093
3428.57,375.043,0.346231
3442.86,376.768,0.344024
3457.14,378.802,0.411661
3471.43,381.769,0.989571
3485.71,382.635,0.374194
3500.0,383.934,0.412367
3520.41,387.446,0.541728
3540.82,389.66,0.422324
3561.22,392.182,0.38426
3581.63,394.522,0.441493
3602.04,396.68,0.380911
3622.45,399.104,0.361269
3642.86,402.176,0.379386
3663.27,404.934,0.403224
3683.67,407.087,0.414165
3704.08,409.887,0.443526
3724.49,413.043,0.407109
3744.9,415.539,0.422484
3765.31,418.26,0.431311
3785.71,420.235,0.403987
3806.12,423.47,0.458086
3826.53,426.109,0.457117
3846.94,427.937,0.393391
3867.35,430.574,0.416836
3887.76,433.608,0.451674
3908.16,435.883,0.423458
3928.57,438.238,0.408336
3948.98,440.825,0.470376
3969.39,444.477,0.608694
3989.8,447.077,0.499445
4010.2,449.026,0.429465
4030.61,451.582,0.443009
4051.02,454.257,0.512251
4071.43,457.084,0.46009
4091.84,459.854,0.562189
4112.24,462.362,0.513483
4132.65,464.869,0.469067
4153.06,466.935,0.470183
4173.47,470.675,0.563898
4193.88,473.732,0.518004
4214.29,475.137,0.455362
4234.69,478.892,0.753892
4255.1,480.452,0.487083
4275.51,483.638,0.602322
4295.92,485.394,0.557263
4316.33,488.899,0.486809
4336.73,491.503,0.552957
4357.14,493.35,0.463828
4377.55,496.321,0.49863
4397.96,499.602,0.531777
4418.37,502.114,0.522354
4438.78,503.934,0.539846
4459.18,508.347,0.559549
4479.59,509.604,0.692532
4500.0,513.436,0.752699
4530.61,516.503,0.524626
4561.22,519.588,0.577866
4591.84,524.096,0.53816
4622.45,528.492,0.619382
4653.06,531.808,0.509649
4683.67,536.343,0.516031
4714.29,540.22,0.526155
4744.9,544.201,0.558655
4775.51,548.299,0.528214
4806.12,552.602,0.659125
4836.73,556.681,0.593984
4867.35,560.663,0.742844
4897.96,564.123,0.555029
4928.57,567.767,0.55518
4959.18,572.511,0.58688
4989.8,576.741,0.578771
5020.41,580.083,0.843964
5051.02,585.191,0.753483
5081.63,588.044,0.698315
5112.24,593.293,0.646632
5142.86,595.61,0.570809
5173.47,599.675,0.580631
5204.08,604.108,0.575746
5234.69,608.688,0.652588
5265.31,613.807,0.703594
5295.92,616.348,0.590861
5326.53,622.067,0.73415
5357.14,624.964,0.599213
5387.76,628.937,0.689692
5418.37,633.406,0.692831
5448.98,636.914,0.674083
5479.59,641.209,0.640918
5510.2,645.377,0.633536
5540.82,650.748,1.0823
5571.43,652.955,0.707656
5602.04,658.299,0.778808
5632.65,661.401,0.718333
5663.27,665.433,0.76509
5693.88,668.442,0.633008
5724.49,674.743,0.83655
5755.1,677.556,0.6505
5785.71,682.306,0.703294
5816.33,685.934,0.78901
5846.94,690.05,0.809223
5877.55,695.388,0.715129
5908.16,698.49,0.791319
5938.78,702.621,0.817045
5969.39,707.271,0.7259
6000.0,710.259,0.742168
6040.82,718.052,1.09063
6081.63,721.467,0.736615
6122.45,727.817,0.739006
6163.27,733.714,0.777948
6204.08,737.261,0.727412
6244.9,742.205,0.804783
6285.71,749.819,0.847528
6326.53,753.689,0.749629
6367.35,761.411,0.794244
6408.16,764.466,0.757115
6448.98,769.894,0.730355
6489.8,777.577,1.00781
6530.61,782.9,0.863108
6571.43,786.41,0.764523
6612.24,794.262,0.972375
6653.06,798.326,0.807882
6693.88,803.565,0.781023
6734.69,808.585,0.780765
6775.51,813.363,0.805159
6816.33,819.678,0.853827
6857.14,826.235,0.851532
6897.96,831.887,0.968298
6938.78,837.779,1.03304
6979.59,843.285,0.924984
7020.41,849.233,0.862457
7061.22,853.698,0.86074
7102.04,859.496,0.885647
7142.86,865.47,0.923666
7183.67,873.229,0.968766
7224.49,877.675,0.899767
7265.31,881.416,0.95121
7306.12,887.898,0.870782
7346.94,894.246,0.898308
7387.76,900.094,0.939731
7428.57,904.587,0.915666
7469.39,909.565,0.862485
7510.2,916.527,0.969112
7551.02,922.825,1.025
7591.84,929.094,0.962485
7632.65,932.839,0.955482
7673.47,937.102,0.926291
7714.29,945.732,1.09603
7755.1,950.504,0.939905
7795.92,955.563,1.01479
7836.73,961.198,0.960637
7877.55,966.99,1.44117
7918.37,973.619,1.38371
7959.18,979.225,1.04689
8000.0,983.242,1.06542
8040.82,994.004,2.47884
8081.63,995.231,1.09845
8122.45,1001.74,1.07569
8163.27,1005.19,0.986544
8204.08,1012.03,1.10314
8244.9,1018.96,1.22054
8285.71,1024.75,1.05295
8326.53,1029.87,0.999305
8367.35,1038.39,1.27594
8408.16,1042.43,1.30221
8448.98,1047.37,1.16643
8489.8,1051.88,1.13795
8530.61,1057.35,1.09384
8571.43,1064.78,1.13483
8612.24,1070.91,1.41864
8653.06,1073.97,1.05176
8693.88,1081.97,1.17214
8734.69,1088.65,1.21144
8775.51,1094.11,1.1248
8816.33,1098.18,1.13415
8857.14,1103.85,1.07312
8897.96,1112.37,1.69704
8938.78,1117.06,1.17909
8979.59,1123.03,1.32816
9020.41,1125.77,1.08446
9061.22,1133.12,1.20866
9102.04,1140.04,1.14866
9142.86,1143.1,1.31015
9183.67,1150.53,1.26201
9224.49,1154.89,1.12343
9265.31,1164.86,3.26229
9306.12,1168.61,1.18929
9346.94,1174.07,1.31616
9387.76,1179.96,1.43417
9428.57,1183.18,1.20639
9469.39,1192.62,1.32912
9510.2,1197.31,1.51916
9551.02,1202.78,1.24239
9591.84,1205.84,1.20833
9632.65,1215.08,2.10233
9673.47,1220.27,1.55262
9714.29,1227.05,1.69784
9755.1,1230.63,1.24444
9795.92,1236.12,1.21965
9836.73,1243.85,1.34269
9877.55,1247.84,1.27243
9918.37,1254.35,1.34042
9959.18,1259.7,1.36425
10000.0,1266.3,1.54055
