0.0,0.0,0.0
0.000204082,0.0,0.0
0.000408163,0.0,0.0
0.000612245,0.0,0.0
0.000816327,0.0,0.0
0.00102041,0.0,0.0
0.00122449,0.0,0.0
0.00142857,0.0,0.0
0.00163265,0.0,0.0
0.00183673,0.0,0.0
0.00204082,0.0,0.0
0.0022449,0.0,0.0
0.00244898,0.0,0.0
0.00265306,0.0,0.0
0.00285714,0.0,0.0
0.00306122,0.0,0.0
0.00326531,0.0,0.0
0.00346939,0.0,0.0
0.00367347,0.0,0.0
0.00387755,0.0,0.0
0.00408163,0.0,0.0
0.00428571,0.0,0.0
0.0044898,0.0,0.0
0.00469388,0.0,0.0
0.00489796,0.0,0.0
0.00510204,0.0,0.0
0.00530612,0.0,0.0
0.0055102,0.0,0.0
0.00571429,0.0,0.0
0.00591837,0.0,0.0
0.00612245,0.0,0.0
0.00632653,0.0,0.0
0.00653061,0.0,0.0
0.00673469,0.0,0.0
0.00693878,0.0,0.0
0.00714286,0.0,0.0
0.00734694,0.0,0.0
0.00755102,0.0,0.0
0.0077551,0.0,0.0
0.00795918,0.0,0.0
0.00816327,0.0,0.0
0.00836735,0.0,0.0
0.00857143,0.0,0.0
0.00877551,0.0,0.0
0.00897959,0.0,0.0
0.00918367,0.0,0.0
0.00938776,0.0,0.0
0.00959184,0.0,0.0
0.00979592,0.0,0.0
0.01,0.0,0.0
0.0118367,0.0,0.0
0.0136735,0.0,0.0
0.0155102,0.0,0.0
0.0173469,0.0,0.0
0.0191837,0.0,0.0
0.0210204,0.0,0.0
0.0228571,0.0,0.0
0.0246939,0.0,0.0
0.0265306,0.0,0.0
0.0283673,0.0,0.0
0.0302041,0.0,0.0
0.0320408,0.0,0.0
0.0338776,0.0,0.0
0.0357143,0.0,0.0
0.037551,0.0,0.0
0.0393878,0.0,0.0
0.0412245,0.0,0.0
0.0430612,0.0,0.0
0.044898,0.0,0.0
0.0467347,0.0,0.0
0.0485714,0.0,0.0
0.0504082,0.0,0.0
0.0522449,0.0,0.0
0.0540816,0.0,0.0
0.0559184,0.0,0.0
0.0577551,0.0,0.0
0.0595918,0.0,0.0
0.0614286,0.0,0.0
0.0632653,0.0,0.0
0.065102,0.0,0.0
0.0669388,0.0,0.0
0.0687755,0.0,0.0
0.0706122,0.0,0.0
0.072449,0.0,0.0
0.0742857,0.0,0.0
0.0761224,0.0,0.0
0.0779592,0.0,0.0
0.0797959,0.0,0.0
0.0816327,0.0,0.0
0.0834694,0.0,0.0
0.0853061,0.0,0.0
0.0871429,0.0,0.0
0.0889796,0.0,0.0
0.0908163,0.0,0.0
0.0926531,0.0,0.0
0.0944898,0.0,0.0
0.0963265,0.0,0.0
0.0981633,0.0,0.0
0.1,0.0,0.0
0.102041,0.0,0.0
0.104082,0.0,0.0
0.106122,0.0,0.0
0.108163,9.00573e-16,5.64852e-19
0.110204,5.89262e-14,3.81876e-17
0.112245,6.48028e-13,4.20463e-16
0.114286,3.46774e-12,2.22715e-15
0.116327,1.2475e-11,7.90896e-15
0.118367,3.49563e-11,2.18249e-14
0.120408,8.23735e-11,5.05855e-14
0.122449,1.71079e-10,1.03476e-13
0.12449,3.22754e-10,1.92275e-13
0.126531,5.64345e-10,3.31207e-13
0.128571,9.30509e-10,5.3821e-13
0.130612,1.45916e-09,8.31934e-13
0.132653,2.19236e-09,1.23442e-12
0.134694,3.18124e-09,1.76901e-12
0.136735,4.48669e-09,2.46596e-12
0.138776,6.15152e-09,3.34077e-12
0.140816,8.26039e-09,4.44192e-12
0.142857,1.08582e-08,5.77868e-12
0.144898,1.40445e-08,7.40238e-12
0.146939,1.78548e-08,9.31884e-12
0.14898,2.2401e-08,1.15881e-11
0.15102,2.77292e-08,1.42248e-11
0.153061,3.39714e-08,1.72786e-11
0.155102,4.11905e-08,2.07917e-11
0.157143,4.93952e-08,2.47528e-11
0.159184,5.8806e-08,2.92349e-11
0.161224,6.9413e-08,3.42541e-11
0.163265,8.1316e-08,3.98596e-11
0.165306,9.4808e-08,4.61492e-11
0.167347,1.0966e-07,5.30054e-11
0.169388,1.25995e-07,6.05318e-11
0.171429,1.44212e-07,6.88171e-11
0.173469,1.6414e-07,7.78677e-11
0.17551,1.85855e-07,8.75643e-11
0.177551,2.0953e-07,9.81136e-11
0.179592,2.35361e-07,1.09581e-10
0.181633,2.63358e-07,1.21925e-10
0.183673,2.93201e-07,1.3498e-10
0.185714,3.26024e-07,1.4919e-10
0.187755,3.60833e-07,1.64274e-10
0.189796,3.9834e-07,1.80275e-10
0.191837,4.38535e-07,1.97445e-10
0.193878,4.80978e-07,2.1546e-10
0.195918,5.26286e-07,2.3444e-10
0.197959,5.74676e-07,2.54713e-10
0.2,6.25895e-07,2.7626e-10
0.202041,6.80602e-07,2.98677e-10
0.204082,7.37839e-07,3.22193e-10
0.206122,7.9911e-07,3.47399e-10
0.208163,8.63475e-07,3.73603e-10
0.210204,9.29772e-07,4.00425e-10
0.212245,1.00038e-06,4.28919e-10
0.214286,1.07451e-06,4.58821e-10
0.216327,1.15272e-06,4.89944e-10
0.218367,1.23319e-06,5.22016e-10
0.220408,1.31987e-06,5.56506e-10
0.222449,1.40934e-06,5.91469e-10
0.22449,1.50217e-06,6.28079e-10
0.226531,1.59907e-06,6.65816e-10
0.228571,1.70079e-06,7.05106e-10
0.230612,1.8054e-06,7.45769e-10
0.232653,1.91549e-06,7.87988e-10
0.234694,2.02665e-06,8.31062e-10
0.236735,2.14481e-06,8.76279e-10
0.238776,2.26788e-06,9.23182e-10
0.240816,2.39451e-06,9.71392e-10
0.242857,2.5259e-06,1.02052e-09
0.244898,2.66055e-06,1.072e-09
0.246939,2.80178e-06,1.12465e-09
0.24898,2.94719e-06,1.17918e-09
0.25102,3.09765e-06,1.23565e-09
0.253061,3.25124e-06,1.29227e-09
0.255102,3.41041e-06,1.35171e-09
0.257143,3.57651e-06,1.41348e-09
0.259184,3.74429e-06,1.47433e-09
0.261224,3.91846e-06,1.53861e-09
0.263265,4.09792e-06,1.60403e-09
0.265306,4.28237e-06,1.67167e-09
0.267347,4.47166e-06,1.73992e-09
0.269388,4.67017e-06,1.81267e-09
0.271429,4.86979e-06,1.88486e-09
0.273469,5.07665e-06,1.95857e-09
0.27551,5.28241e-06,2.03294e-09
0.277551,5.50346e-06,2.11185e-09
0.279592,5.72365e-06,2.1909e-09
0.281633,5.95245e-06,2.27234e-09
0.283673,6.1858e-06,2.35593e-09
0.285714,6.42693e-06,2.44113e-09
0.287755,6.66298e-06,2.52331e-09
0.289796,6.92189e-06,2.61632e-09
0.291837,7.17239e-06,2.70327e-09
0.293878,7.43957e-06,2.79682e-09
0.295918,7.70365e-06,2.88919e-09
0.297959,7.97196e-06,2.98514e-09
0.3,8.24768e-06,3.08096e-09
0.302041,8.53962e-06,3.18187e-09
0.304082,8.83031e-06,3.28169e-09
0.306122,9.12782e-06,3.38493e-09
0.308163,9.43453e-06,3.49027e-09
0.310204,9.734e-06,3.59423e-09
0.312245,1.00602e-05,3.70545e-09
0.314286,1.03724e-05,3.8156e-09
0.316327,1.07065e-05,3.92761e-09
0.318367,1.10363e-05,4.04126e-09
0.320408,1.13788e-05,4.15919e-09
0.322449,1.17205e-05,4.27508e-09
0.32449,1.20699e-05,4.39368e-09
0.326531,1.24371e-05,4.51903e-09
0.328571,1.28045e-05,4.64367e-09
0.330612,1.31726e-05,4.76808e-09
0.332653,1.3542e-05,4.89396e-09
0.334694,1.39394e-05,5.02524e-09
0.336735,1.43282e-05,5.15594e-09
0.338776,1.47216e-05,5.28905e-09
0.340816,1.5123e-05,5.42337e-09
0.342857,1.5544e-05,5.56246e-09
0.344898,1.59502e-05,5.69888e-09
0.346939,1.63732e-05,5.84132e-09
0.34898,1.68094e-05,5.98685e-09
0.35102,1.72349e-05,6.12793e-09
0.353061,1.76927e-05,6.28271e-09
0.355102,1.8138e-05,6.42529e-09
0.357143,1.85965e-05,6.57769e-09
0.359184,1.90598e-05,6.73279e-09
0.361224,1.95248e-05,6.88782e-09
0.363265,2.00099e-05,7.04284e-09
0.365306,2.0489e-05,7.20244e-09
0.367347,2.09623e-05,7.35977e-09
0.369388,2.1475e-05,7.52734e-09
0.371429,2.19782e-05,7.6906e-09
0.373469,2.24934e-05,7.85828e-09
0.37551,2.2999e-05,8.02468e-09
0.377551,2.35247e-05,8.19794e-09
0.379592,2.40673e-05,8.37486e-09
0.381633,2.45881e-05,8.54625e-09
0.383673,2.51455e-05,8.72221e-09
0.385714,2.56988e-05,8.90637e-09
0.387755,2.62356e-05,9.08003e-09
0.389796,2.68304e-05,9.27118e-09
0.391837,2.73898e-05,9.45177e-09
0.393878,2.79751e-05,9.64227e-09
0.395918,2.85423e-05,9.82489e-09
0.397959,2.91467e-05,1.00214e-08
0.4,2.97569e-05,1.02176e-08
0.402041,3.03625e-05,1.04127e-08
0.404082,3.09726e-05,1.06116e-08
0.406122,3.15828e-05,1.08065e-08
0.408163,3.22333e-05,1.1006e-08
0.410204,3.28683e-05,1.12134e-08
0.412245,3.34954e-05,1.14152e-08
0.414286,3.41442e-05,1.16243e-08
0.416327,3.48245e-05,1.18379e-08
0.418367,3.54648e-05,1.20408e-08
0.420408,3.61457e-05,1.22648e-08
0.422449,3.68234e-05,1.24775e-08
0.42449,3.74889e-05,1.26924e-08
0.426531,3.82124e-05,1.29194e-08
0.428571,3.89112e-05,1.31456e-08
0.430612,3.96208e-05,1.33664e-08
0.432653,4.0296e-05,1.35784e-08
0.434694,4.10403e-05,1.38149e-08
0.436735,4.17719e-05,1.40506e-08
0.438776,4.25237e-05,1.4286e-08
0.440816,4.3258e-05,1.45168e-08
0.442857,4.40212e-05,1.47561e-08
0.444898,4.47742e-05,1.5002e-08
0.446939,4.55275e-05,1.52359e-08
0.44898,4.63013e-05,1.54756e-08
0.45102,4.70951e-05,1.57269e-08
0.453061,4.78523e-05,1.59676e-08
0.455102,4.86733e-05,1.62251e-08
0.457143,4.94547e-05,1.64777e-08
0.459184,5.02551e-05,1.67274e-08
0.461224,5.10852e-05,1.69826e-08
0.463265,5.19152e-05,1.72466e-08
0.465306,5.2735e-05,1.74964e-08
0.467347,5.3606e-05,1.77765e-08
0.469388,5.44154e-05,1.80244e-08
0.471429,5.5268e-05,1.82872e-08
0.473469,5.60954e-05,1.85483e-08
0.47551,5.6973e-05,1.88229e-08
0.477551,5.78734e-05,1.91043e-08
0.479592,5.8773e-05,1.93718e-08
0.481633,5.96374e-05,1.96533e-08
0.483673,6.05005e-05,1.99244e-08
0.485714,6.14478e-05,2.02139e-08
0.487755,6.23395e-05,2.04935e-08
0.489796,6.32113e-05,2.07619e-08
0.491837,6.414e-05,2.1064e-08
0.493878,6.50872e-05,2.13385e-08
0.495918,6.60624e-05,2.16524e-08
0.497959,6.70105e-05,2.19432e-08
0.5,6.79228e-05,2.22266e-08
0.502041,6.89179e-05,2.25297e-08
0.504082,6.98948e-05,2.28327e-08
0.506122,7.08783e-05,2.31422e-08
0.508163,7.18497e-05,2.34383e-08
0.510204,7.28131e-05,2.37438e-08
0.512245,7.38452e-05,2.40531e-08
0.514286,7.48308e-05,2.43571e-08
0.516327,7.5853e-05,2.46721e-08
0.518367,7.68707e-05,2.49931e-08
0.520408,7.7936e-05,2.53058e-08
0.522449,7.89419e-05,2.56279e-08
0.52449,7.99273e-05,2.593e-08
0.526531,8.10263e-05,2.62639e-08
0.528571,8.20846e-05,2.65982e-08
0.530612,8.31308e-05,2.69146e-08
0.532653,8.42198e-05,2.72434e-08
0.534694,8.52741e-05,2.75878e-08
0.536735,8.63675e-05,2.79051e-08
0.538776,8.74243e-05,2.82313e-08
0.540816,8.85583e-05,2.85843e-08
0.542857,8.96511e-05,2.89189e-08
0.544898,9.07639e-05,2.92509e-08
0.546939,9.19314e-05,2.96059e-08
0.54898,9.30096e-05,2.99456e-08
0.55102,9.41375e-05,3.02904e-08
0.553061,9.52607e-05,3.06236e-08
0.555102,9.64912e-05,3.10125e-08
0.557143,9.76687e-05,3.13715e-08
0.559184,9.88096e-05,3.1708e-08
0.561224,9.99923e-05,3.20822e-08
0.563265,0.000101139,3.24308e-08
0.565306,0.000102343,3.27914e-08
0.567347,0.000103489,3.31436e-08
0.569388,0.000104671,3.3495e-08
0.571429,0.000105939,3.38986e-08
0.573469,0.000107105,3.42484e-08
0.57551,0.000108353,3.46356e-08
0.577551,0.000109593,3.50073e-08
0.579592,0.000110877,3.53914e-08
0.581633,0.000112048,3.576e-08
0.583673,0.000113354,3.61466e-08
0.585714,0.000114578,3.65278e-08
0.587755,0.000115866,3.69327e-08
0.589796,0.000117135,3.72957e-08
0.591837,0.000118392,3.76882e-08
0.593878,0.000119717,3.80687e-08
0.595918,0.000120991,3.84789e-08
0.597959,0.000122331,3.88729e-08
0.6,0.000123643,3.92826e-08
0.602041,0.000124975,3.96837e-08
0.604082,0.000126226,4.00696e-08
0.606122,0.000127521,4.04595e-08
0.608163,0.000128934,4.08846e-08
0.610204,0.000130318,4.13e-08
0.612245,0.000131681,4.17093e-08
0.614286,0.000132937,4.209e-08
0.616327,0.00013434,4.25313e-08
0.618367,0.000135716,4.29371e-08
0.620408,0.000137211,4.33761e-08
0.622449,0.000138472,4.37773e-08
0.62449,0.00013993,4.42115e-08
0.626531,0.000141339,4.46523e-08
0.628571,0.000142723,4.5056e-08
0.630612,0.000144142,4.54821e-08
0.632653,0.000145673,4.59508e-08
0.634694,0.00014705,4.63686e-08
0.636735,0.000148357,4.67655e-08
0.638776,0.000149917,4.72089e-08
0.640816,0.000151357,4.76774e-08
0.642857,0.000152859,4.80951e-08
0.644898,0.000154249,4.8564e-08
0.646939,0.000155785,4.89943e-08
0.64898,0.000157268,4.94371e-08
0.65102,0.000158673,4.98794e-08
0.653061,0.000160108,5.03075e-08
0.655102,0.000161705,5.07941e-08
0.657143,0.000163348,5.13035e-08
0.659184,0.000164746,5.17005e-08
0.661224,0.000166307,5.21831e-08
0.663265,0.000167839,5.26297e-08
0.665306,0.000169354,5.31162e-08
0.667347,0.000170873,5.35542e-08
0.669388,0.00017246,5.40225e-08
0.671429,0.000174006,5.44894e-08
0.673469,0.000175553,5.49771e-08
0.67551,0.000177202,5.54653e-08
0.677551,0.000178698,5.59009e-08
0.679592,0.000180277,5.63721e-08
0.681633,0.000181917,5.68706e-08
0.683673,0.000183516,5.7362e-08
0.685714,0.000185079,5.78519e-08
0.687755,0.000186831,5.83468e-08
0.689796,0.0001883,5.88009e-08
0.691837,0.000190085,5.93407e-08
0.693878,0.000191633,5.98074e-08
0.695918,0.000193432,6.03718e-08
0.697959,0.000194946,6.07885e-08
0.7,0.000196645,6.1328e-08
0.702041,0.000198215,6.18071e-08
0.704082,0.000200072,6.23341e-08
0.706122,0.000201703,6.2827e-08
0.708163,0.000203288,6.33112e-08
0.710204,0.000204927,6.38236e-08
0.712245,0.000206758,6.43638e-08
0.714286,0.000208302,6.48271e-08
0.716327,0.000210131,6.53575e-08
0.718367,0.000212041,6.59145e-08
0.720408,0.000213519,6.63752e-08
0.722449,0.000215316,6.69184e-08
0.72449,0.000217111,6.74632e-08
0.726531,0.000218852,6.79547e-08
0.728571,0.000220592,6.85173e-08
0.730612,0.000222358,6.90463e-08
0.732653,0.000224162,6.95554e-08
0.734694,0.000225823,7.00608e-08
0.736735,0.00022765,7.06212e-08
0.738776,0.000229435,7.11688e-08
0.740816,0.00023117,7.16812e-08
0.742857,0.000232957,7.22345e-08
0.744898,0.000234902,7.28032e-08
0.746939,0.000236742,7.33543e-08
0.74898,0.000238658,7.38987e-08
0.75102,0.000240235,7.44014e-08
0.753061,0.000242186,7.49924e-08
0.755102,0.000243843,7.54893e-08
0.757143,0.00024594,7.61012e-08
0.759184,0.000247767,7.66634e-08
0.761224,0.000249712,7.72426e-08
0.763265,0.000251488,7.77823e-08
0.765306,0.000253508,7.8335e-08
0.767347,0.000255199,7.88853e-08
0.769388,0.000257158,7.94804e-08
0.771429,0.0002591,8.00571e-08
0.773469,0.00026103,8.06282e-08
0.77551,0.000262961,8.12008e-08
0.777551,0.000264737,8.17602e-08
0.779592,0.000266783,8.23508e-08
0.781633,0.000268458,8.28491e-08
0.783673,0.000270583,8.34789e-08
0.785714,0.000272599,8.40568e-08
0.787755,0.000274458,8.46607e-08
0.789796,0.000276503,8.52948e-08
0.791837,0.000278421,8.58295e-08
0.793878,0.000280618,8.64605e-08
0.795918,0.000282371,8.70112e-08
0.797959,0.000284469,8.76558e-08
0.8,0.000286434,8.82076e-08
0.802041,0.000288476,8.88268e-08
0.804082,0.000290565,8.94493e-08
0.806122,0.000292343,9.00171e-08
0.808163,0.00029445,9.06079e-08
0.810204,0.00029633,9.12353e-08
0.812245,0.000298643,9.18896e-08
0.814286,0.000300388,9.24248e-08
0.816327,0.000302616,9.31032e-08
0.818367,0.000304508,9.36321e-08
0.820408,0.000306725,9.43389e-08
0.822449,0.000308784,9.49144e-08
0.82449,0.000310805,9.55549e-08
0.826531,0.000312949,9.6178e-08
0.828571,0.000314886,9.67966e-08
0.830612,0.000317045,9.73922e-08
0.832653,0.000319131,9.80322e-08
0.834694,0.000321377,9.8699e-08
0.836735,0.000323337,9.92993e-08
0.838776,0.000325547,9.99454e-08
0.840816,0.000327718,1.00582e-07
0.842857,0.000329822,1.01247e-07
0.844898,0.000331859,1.01835e-07
0.846939,0.000334202,1.02539e-07
0.84898,0.000336272,1.03169e-07
0.85102,0.000338397,1.03807e-07
0.853061,0.000340545,1.04441e-07
0.855102,0.000342679,1.05097e-07
0.857143,0.000344951,1.05785e-07
0.859184,0.000347073,1.06397e-07
0.861224,0.000349351,1.07075e-07
0.863265,0.00035135,1.07702e-07
0.865306,0.0003537,1.08374e-07
0.867347,0.00035603,1.09081e-07
0.869388,0.000358148,1.09746e-07
0.871429,0.000360252,1.1036e-07
0.873469,0.000362594,1.11061e-07
0.87551,0.000364876,1.11741e-07
0.877551,0.000366931,1.12375e-07
0.879592,0.000369368,1.13092e-07
0.881633,0.000371841,1.13825e-07
0.883673,0.000373827,1.14412e-07
0.885714,0.000376192,1.15134e-07
0.887755,0.000378492,1.15805e-07
0.889796,0.000380938,1.16505e-07
0.891837,0.000383037,1.1715e-07
0.893878,0.00038515,1.17859e-07
0.895918,0.000387737,1.18559e-07
0.897959,0.000389813,1.19196e-07
0.9,0.000392255,1.19951e-07
0.902041,0.00039438,1.20618e-07
0.904082,0.000396871,1.21295e-07
0.906122,0.00039902,1.21962e-07
0.908163,0.000401556,1.22723e-07
0.910204,0.000403924,1.23407e-07
0.912245,0.000406271,1.24102e-07
0.914286,0.000408547,1.24807e-07
0.916327,0.000410935,1.25524e-07
0.918367,0.000413286,1.26247e-07
0.920408,0.000415636,1.26985e-07
0.922449,0.000418236,1.27768e-07
0.92449,0.000420376,1.28344e-07
0.926531,0.00042275,1.29058e-07
0.928571,0.00042524,1.29852e-07
0.930612,0.000427739,1.3059e-07
0.932653,0.000429933,1.31259e-07
0.934694,0.000432661,1.32074e-07
0.936735,0.000435114,1.32801e-07
0.938776,0.000437447,1.33497e-07
0.940816,0.000439564,1.34116e-07
0.942857,0.000442205,1.34892e-07
0.944898,0.000444603,1.35637e-07
0.946939,0.000447105,1.36385e-07
0.94898,0.000449699,1.37179e-07
0.95102,0.000452371,1.37952e-07
0.953061,0.000454682,1.38627e-07
0.955102,0.000457369,1.39493e-07
0.957143,0.000459464,1.40063e-07
0.959184,0.000462139,1.40907e-07
0.961224,0.000464702,1.41679e-07
0.963265,0.000467038,1.42379e-07
0.965306,0.000469598,1.43168e-07
0.967347,0.000472293,1.43911e-07
0.969388,0.000474745,1.44674e-07
0.971429,0.000477123,1.45418e-07
0.973469,0.000479874,1.46263e-07
0.97551,0.000482165,1.46914e-07
0.977551,0.000484809,1.47712e-07
0.979592,0.000487582,1.48581e-07
0.981633,0.000489937,1.49298e-07
0.983673,0.00049265,1.50019e-07
0.985714,0.000495265,1.50815e-07
0.987755,0.000497606,1.51567e-07
0.989796,0.000500276,1.52362e-07
0.991837,0.000503015,1.53187e-07
0.993878,0.000505512,1.53901e-07
0.995918,0.00050792,1.54616e-07
0.997959,0.000510782,1.55474e-07
1.0,0.000513207,1.56211e-07
1.08163,0.000622711,1.89229e-07
1.16327,0.000742494,2.25351e-07
1.2449,0.000870038,2.63935e-07
1.32653,0.00100649,3.05591e-07
1.40816,0.00115219,3.50229e-07
1.4898,0.00130463,3.97303e-07
1.57143,0.00146361,4.46413e-07
1.65306,0.0016323,4.99172e-07
1.73469,0.00180741,5.5397e-07
1.81633,0.00198852,6.10967e-07
1.89796,0.00217584,6.70084e-07
1.97959,0.00237221,7.32948e-07
2.06122,0.00257235,7.9692e-07
2.14286,0.00278021,8.63613e-07
2.22449,0.00299239,9.32492e-07
2.30612,0.00321078,1.00327e-06
2.38776,0.0034352,1.07629e-06
2.46939,0.00366157,1.15063e-06
2.55102,0.00389784,1.22929e-06
2.63265,0.00413627,1.30813e-06
2.71429,0.004378,1.38885e-06
2.79592,0.00463216,1.47408e-06
2.87755,0.00488205,1.55842e-06
2.95918,0.00513992,1.64473e-06
3.04082,0.00540072,1.73376e-06
3.12245,0.00566761,1.82465e-06
3.20408,0.00593841,1.91751e-06
3.28571,0.00621126,2.01148e-06
3.36735,0.00649394,2.10803e-06
3.44898,0.00677717,2.20723e-06
3.53061,0.00706567,2.30869e-06
3.61224,0.00735261,2.40737e-06
3.69388,0.00764575,2.51117e-06
3.77551,0.00794492,2.61649e-06
3.85714,0.00823952,2.71951e-06
3.93878,0.00854771,2.82955e-06
4.02041,0.00886132,2.94154e-06
4.10204,0.00916832,3.0526e-06
4.18367,0.00948683,3.1659e-06
4.26531,0.00979855,3.27928e-06
4.34694,0.0101258,3.39603e-06
4.42857,0.0104433,3.51231e-06
4.5102,0.0107684,3.63201e-06
4.59184,0.0111021,3.75128e-06
4.67347,0.0114342,3.8722e-06
4.7551,0.0117721,3.99605e-06
4.83673,0.0121054,4.11869e-06
4.91837,0.0124543,4.24867e-06
5.0,0.0127885,4.37463e-06
5.10204,0.0132245,4.53506e-06
5.20408,0.0136692,4.70157e-06
5.30612,0.0140983,4.86252e-06
5.40816,0.0145471,5.03254e-06
5.5102,0.0149974,5.20017e-06
5.61224,0.0154457,5.36946e-06
5.71429,0.0159045,5.54161e-06
5.81633,0.0163613,5.71682e-06
5.91837,0.0168302,5.89964e-06
6.02041,0.0172946,6.07851e-06
6.12245,0.0177799,6.2625e-06
6.22449,0.0182585,6.45145e-06
6.32653,0.0187231,6.62789e-06
6.42857,0.0192113,6.81751e-06
6.53061,0.0196873,6.99865e-06
6.63265,0.0201724,7.19561e-06
6.73469,0.0206733,7.38756e-06
6.83673,0.0211611,7.57918e-06
6.93878,0.0216581,7.77535e-06
7.04082,0.0221647,7.97739e-06
7.14286,0.0226602,8.1712e-06
7.2449,0.0231659,8.37639e-06
7.34694,0.0236913,8.58044e-06
7.44898,0.0241858,8.78343e-06
7.55102,0.0246943,8.98499e-06
7.65306,0.0252204,9.1995e-06
7.7551,0.0257357,9.40545e-06
7.85714,0.0262612,9.62057e-06
7.95918,0.0267775,9.82201e-06
8.06122,0.0273057,1.00382e-05
8.16327,0.0278392,1.02552e-05
8.26531,0.0283752,1.04743e-05
8.36735,0.0288846,1.06807e-05
8.46939,0.0294597,1.09126e-05
8.57143,0.0299794,1.11313e-05
8.67347,0.030522,1.1356e-05
8.77551,0.0310569,1.15716e-05
8.87755,0.0316175,1.18026e-05
8.97959,0.0321542,1.2029e-05
9.08163,0.0327296,1.22612e-05
9.18367,0.0332875,1.25012e-05
9.28571,0.033834,1.27255e-05
9.38776,0.0343925,1.29489e-05
9.4898,0.03493,1.31924e-05
9.59184,0.0355064,1.34266e-05
9.69388,0.0360559,1.36564e-05
9.79592,0.0366358,1.39029e-05
9.89796,0.0372132,1.41457e-05
10.0,0.0377713,1.43819e-05
10.2041,0.038923,1.48675e-05
10.4082,0.0401008,1.53688e-05
10.6122,0.0412546,1.58626e-05
10.8163,0.0423884,1.63488e-05
11.0204,0.0436142,1.68749e-05
11.2245,0.044798,1.73763e-05
11.4286,0.0460194,1.79188e-05
11.6327,0.0471994,1.84239e-05
11.8367,0.0483876,1.89459e-05
12.0408,0.0496369,1.9498e-05
12.2449,0.0508286,2.00155e-05
12.449,0.0520649,2.05762e-05
12.6531,0.0533161,2.11135e-05
12.8571,0.0545402,2.16555e-05
13.0612,0.0557775,2.22176e-05
13.2653,0.0570189,2.27772e-05
13.4694,0.0583326,2.33536e-05
13.6735,0.0595325,2.38789e-05
13.8776,0.0608471,2.44504e-05
14.0816,0.0621013,2.50218e-05
14.2857,0.0634199,2.56416e-05
14.4898,0.0646855,2.62089e-05
14.6939,0.0659604,2.67749e-05
14.898,0.0672612,2.73781e-05
15.102,0.068528,2.7972e-05
15.3061,0.0698921,2.85863e-05
15.5102,0.0712013,2.91843e-05
15.7143,0.0725596,2.98184e-05
15.9184,0.0738834,3.04152e-05
16.1224,0.0752256,3.10699e-05
16.3265,0.0765363,3.1644e-05
16.5306,0.0778392,3.22503e-05
16.7347,0.079183,3.28908e-05
16.9388,0.0805282,3.35299e-05
17.1429,0.0819372,3.41696e-05
17.3469,0.0832252,3.47516e-05
17.551,0.0845562,3.53847e-05
17.7551,0.0859655,3.60464e-05
17.9592,0.0873327,3.67136e-05
18.1633,0.0887106,3.73593e-05
18.3673,0.0900801,3.8007e-05
18.5714,0.0915636,3.87093e-05
18.7755,0.092885,3.93188e-05
18.9796,0.0942802,4.00025e-05
19.1837,0.095721,4.0656e-05
19.3878,0.0970679,4.13501e-05
19.5918,0.0984489,4.20024e-05
19.7959,0.0999972,4.2747e-05
20.0,0.101348,4.33762e-05
20.4082,0.104079,4.47322e-05
20.8163,0.107045,4.61626e-05
21.2245,0.109902,4.75503e-05
21.6327,0.112727,4.88956e-05
22.0408,0.115651,5.03175e-05
22.449,0.11851,5.17103e-05
22.8571,0.121478,5.32658e-05
23.2653,0.12429,5.45902e-05
23.6735,0.127359,5.60562e-05
24.0816,0.130405,5.7648e-05
24.4898,0.133254,5.90145e-05
24.898,0.136268,6.05763e-05
25.3061,0.139322,6.20879e-05
25.7143,0.142287,6.35326e-05
26.1224,0.145294,6.51102e-05
26.5306,0.148398,6.65849e-05
26.9388,0.151407,6.82311e-05
27.3469,0.154424,6.97471e-05
27.7551,0.157528,7.13006e-05
28.1633,0.160801,7.30334e-05
28.5714,0.16391,7.46516e-05
28.9796,0.166819,7.60241e-05
29.3878,0.169958,7.77427e-05
29.7959,0.173015,7.92915e-05
30.2041,0.176266,8.09275e-05
30.6122,0.179352,8.25272e-05
31.0204,0.182525,8.42008e-05
31.4286,0.185595,8.5773e-05
31.8367,0.188774,8.74183e-05
32.2449,0.192102,8.92045e-05
32.6531,0.195147,9.08531e-05
33.0612,0.198325,9.23718e-05
33.4694,0.201626,9.42237e-05
33.8776,0.204901,9.6042e-05
34.2857,0.207988,9.76754e-05
34.6939,0.211226,9.92453e-05
35.102,0.214374,0.000101039
35.5102,0.217726,0.000102811
35.9184,0.220883,0.000104332
36.3265,0.224193,0.000106113
36.7347,0.227592,0.000107991
37.1429,0.230917,0.000109982
37.551,0.23427,0.000111653
37.9592,0.23754,0.000113514
38.3673,0.2408,0.000115187
38.7755,0.24429,0.00011717
39.1837,0.247375,0.000118709
39.5918,0.250746,0.000120445
40.0,0.254019,0.00012227
40.4082,0.257472,0.00012427
40.8163,0.260808,0.000125967
41.2245,0.264302,0.000127925
41.6327,0.267406,0.00012951
42.0408,0.270993,0.000131664
42.449,0.274242,0.00013324
42.8571,0.277934,0.000135435
43.2653,0.281067,0.000137118
43.6735,0.284542,0.000139117
44.0816,0.287949,0.000140922
44.4898,0.291468,0.000143029
44.898,0.294849,0.000144839
45.3061,0.298214,0.000146793
45.7143,0.30152,0.000148505
46.1224,0.305347,0.000150587
46.5306,0.308762,0.000152601
46.9388,0.312083,0.000154233
47.3469,0.315662,0.000156369
47.7551,0.31898,0.000158201
48.1633,0.322447,0.000160131
48.5714,0.32595,0.000162178
48.9796,0.329227,0.000163866
49.3878,0.332874,0.000166185
49.7959,0.335959,0.000167572
50.2041,0.339629,0.00016955
50.6122,0.343348,0.000171798
51.0204,0.346882,0.000173962
51.4286,0.350346,0.000175974
51.8367,0.354014,0.000177821
52.2449,0.357236,0.000179912
52.6531,0.361094,0.000182127
53.0612,0.364523,0.000183956
53.4694,0.367974,0.000185995
53.8776,0.371769,0.000188405
54.2857,0.374963,0.000190072
54.6939,0.378698,0.000192053
55.102,0.382161,0.000193726
55.5102,0.385743,0.000196133
55.9184,0.38949,0.000198008
56.3265,0.393119,0.000200216
56.7347,0.397015,0.000202728
57.1429,0.400286,0.000204329
57.551,0.40398,0.000206719
57.9592,0.407502,0.000208608
58.3673,0.411235,0.000210718
58.7755,0.41495,0.000213025
59.1837,0.418317,0.000214587
59.5918,0.422258,0.000217176
60.0,0.42593,0.000219518
60.4082,0.429513,0.000222007
60.8163,0.432541,0.000223057
61.2245,0.436462,0.000225159
61.6327,0.43998,0.000227557
62.0408,0.44393,0.000229506
62.449,0.447671,0.000232507
62.8571,0.450964,0.000233891
63.2653,0.454864,0.000236041
63.6735,0.458511,0.000238509
64.0816,0.461653,0.000239996
64.4898,0.465839,0.000242858
64.898,0.469333,0.000244595
65.3061,0.473289,0.000246917
65.7143,0.477172,0.000249511
66.1224,0.480735,0.000251376
66.5306,0.484302,0.000253901
66.9388,0.48786,0.000255426
67.3469,0.491654,0.00025784
67.7551,0.495834,0.000260644
68.1633,0.499105,0.000262192
68.5714,0.502857,0.000264363
68.9796,0.506743,0.000266397
69.3878,0.510513,0.000268924
69.7959,0.513814,0.000270491
70.2041,0.517929,0.000273323
70.6122,0.521463,0.00027532
71.0204,0.525219,0.000277663
71.4286,0.529093,0.000280256
71.8367,0.532804,0.000282147
72.2449,0.536824,0.000285093
72.6531,0.540395,0.000286897
73.0612,0.544281,0.00028936
73.4694,0.547773,0.000291044
73.8776,0.552107,0.000294033
74.2857,0.555406,0.000296349
74.6939,0.558819,0.000297572
75.102,0.563463,0.000300703
75.5102,0.567016,0.000303112
75.9184,0.570316,0.000305423
76.3265,0.574197,0.000307155
76.7347,0.578738,0.000310043
77.1429,0.581447,0.000311989
77.551,0.585778,0.000314341
77.9592,0.589618,0.000316196
78.3673,0.593262,0.000318661
78.7755,0.596858,0.000321142
79.1837,0.601048,0.000323861
79.5918,0.604767,0.000325903
80.0,0.608839,0.000328299
80.4082,0.612766,0.000330429
80.8163,0.616418,0.000333022
81.2245,0.620739,0.000335239
81.6327,0.624059,0.000337331
82.0408,0.627882,0.000339255
82.449,0.631628,0.000342209
82.8571,0.635607,0.000344659
83.2653,0.6392,0.000347065
83.6735,0.643483,0.000348782
84.0816,0.646593,0.000350517
84.4898,0.650573,0.000352932
84.898,0.655171,0.000355503
85.3061,0.658882,0.000358934
85.7143,0.662978,0.000361592
86.1224,0.665908,0.000362791
86.5306,0.670062,0.000365503
86.9388,0.673515,0.000367472
87.3469,0.678753,0.000371523
87.7551,0.682061,0.000372496
88.1633,0.685655,0.00037512
88.5714,0.689605,0.000377116
88.9796,0.693284,0.000379478
89.3878,0.697221,0.000381633
89.7959,0.701516,0.000384842
90.2041,0.704949,0.000387222
90.6122,0.709579,0.000389748
91.0204,0.712868,0.000391974
91.4286,0.71661,0.000393352
91.8367,0.720972,0.000397679
92.2449,0.725209,0.00039955
92.6531,0.7293,0.00040225
93.0612,0.732713,0.000404059
93.4694,0.736868,0.000406395
93.8776,0.740484,0.000408691
94.2857,0.7443,0.000411087
94.6939,0.748436,0.000413251
95.102,0.752187,0.000416836
95.5102,0.756504,0.000419684
95.9184,0.760589,0.000421545
96.3265,0.764752,0.000424276
96.7347,0.768801,0.000426678
97.1429,0.772924,0.000429027
97.551,0.776574,0.000431741
97.9592,0.780154,0.000433665
98.3673,0.784153,0.000436134
98.7755,0.788211,0.000438484
99.1837,0.792858,0.000442352
99.5918,0.796323,0.000444045
100.0,0.799916,0.000446097
100.816,0.808484,0.000451466
101.633,0.816182,0.000455639
102.449,0.824992,0.0004626
103.265,0.832214,0.000466513
104.082,0.840806,0.000471936
104.898,0.848395,0.000477168
105.714,0.856659,0.000482684
106.531,0.864498,0.000487362
107.347,0.872346,0.000491645
108.163,0.880323,0.000496851
108.98,0.888539,0.000501198
109.796,0.896658,0.000507473
110.612,0.905097,0.000512502
111.429,0.912048,0.000517164
112.245,0.920774,0.000523135
113.061,0.929442,0.000527499
113.878,0.937291,0.000532989
114.694,0.946141,0.00053972
115.51,0.954055,0.000543754
116.327,0.961344,0.000548965
117.143,0.969161,0.000553814
117.959,0.977764,0.000557957
118.776,0.985193,0.000563412
119.592,0.994659,0.000569511
120.408,1.00241,0.000575501
121.224,1.01149,0.000581445
122.041,1.01887,0.00058553
122.857,1.02758,0.000590811
123.673,1.03568,0.000596412
124.49,1.04399,0.000601338
125.306,1.05263,0.000608283
126.122,1.06099,0.000613166
126.939,1.07039,0.000621029
127.755,1.0776,0.000624041
128.571,1.08537,0.000628794
129.388,1.09376,0.000635231
130.204,1.10173,0.000639657
131.02,1.11053,0.000646158
131.837,1.11912,0.000649186
132.653,1.12693,0.000654976
133.469,1.13512,0.00066163
134.286,1.14374,0.000666116
135.102,1.15139,0.000672505
135.918,1.15976,0.000676774
136.735,1.16949,0.000684107
137.551,1.17721,0.000688505
138.367,1.18572,0.000695169
139.184,1.19458,0.000699964
140.0,1.20319,0.000706289
140.816,1.21063,0.000710956
141.633,1.21955,0.000716786
142.449,1.22913,0.00072372
143.265,1.2369,0.000727489
144.082,1.24377,0.000731802
144.898,1.2535,0.000739358
145.714,1.2614,0.00074499
146.531,1.27083,0.000753097
147.347,1.27883,0.000755455
148.163,1.28664,0.000759012
148.98,1.29428,0.000765624
149.796,1.30335,0.000771604
150.612,1.31386,0.000779515
151.429,1.32061,0.000782433
152.245,1.33078,0.000792719
153.061,1.33828,0.000794457
153.878,1.34731,0.000798792
154.694,1.35401,0.000805839
155.51,1.36265,0.000811049
156.327,1.37256,0.000817184
157.143,1.38216,0.000826073
157.959,1.38703,0.000826586
158.776,1.39731,0.000835884
159.592,1.4075,0.000842081
160.408,1.41543,0.000847429
161.224,1.42465,0.000854734
162.041,1.43291,0.000859824
162.857,1.44116,0.000864572
163.673,1.44843,0.000867724
164.49,1.46028,0.000877168
165.306,1.4672,0.000877678
166.122,1.47458,0.000885669
166.939,1.4833,0.000891415
167.755,1.49395,0.000900606
168.571,1.50204,0.000905975
169.388,1.51102,0.000911498
170.204,1.51921,0.000915246
171.02,1.52731,0.00092457
171.837,1.53591,0.000928434
172.653,1.5439,0.000933034
173.469,1.5539,0.000942351
174.286,1.56218,0.000942784
175.102,1.57106,0.000952356
175.918,1.57844,0.00095633
176.735,1.59,0.000966217
177.551,1.59588,0.000967941
178.367,1.60458,0.000975387
179.184,1.61171,0.000978563
180.0,1.62347,0.000987426
180.816,1.63229,0.000994818
181.633,1.63948,0.000998009
182.449,1.65053,0.00100719
183.265,1.65966,0.00101309
184.082,1.66575,0.00101829
184.898,1.67596,0.0010265
185.714,1.6833,0.00102712
186.531,1.6947,0.00103499
187.347,1.70143,0.00104166
188.163,1.71176,0.00104586
188.98,1.71968,0.00105137
189.796,1.72606,0.00105674
190.612,1.73776,0.00106488
191.429,1.7454,0.00107077
192.245,1.75575,0.00108055
193.061,1.76348,0.00108247
193.878,1.77153,0.00108654
194.694,1.78109,0.00109589
195.51,1.78941,0.00110104
196.327,1.80224,0.00110728
197.143,1.80823,0.00111553
197.959,1.81774,0.00111839
198.776,1.82593,0.00112834
199.592,1.83532,0.00113393
200.408,1.84481,0.00114145
201.224,1.85302,0.00114357
202.041,1.86105,0.00114923
202.857,1.87046,0.00115773
203.673,1.8797,0.00116401
204.49,1.88808,0.00116816
205.306,1.89856,0.00117725
206.122,1.90499,0.00117843
206.939,1.91616,0.00118975
207.755,1.92288,0.00118966
208.571,1.93269,0.00120085
209.388,1.9422,0.00120489
210.204,1.95155,0.00121273
211.02,1.95997,0.001219
211.837,1.96932,0.00122181
212.653,1.97604,0.00122842
213.469,1.98435,0.00123188
214.286,1.99563,0.00124553
215.102,2.00609,0.00124946
215.918,2.0116,0.00124985
216.735,2.02228,0.00126614
217.551,2.03216,0.00126988
218.367,2.04037,0.00127552
219.184,2.0497,0.00127994
220.0,2.05829,0.0012891
221.633,2.07569,0.00129783
223.265,2.09429,0.00131392
224.898,2.11311,0.00132606
226.531,2.13239,0.00133803
228.163,2.14957,0.00134516
229.796,2.16783,0.00136256
231.429,2.18596,0.00137986
233.061,2.20247,0.00138674
234.694,2.21982,0.00140172
236.327,2.24056,0.00141546
237.959,2.2578,0.00142606
239.592,2.27449,0.00143534
241.224,2.29613,0.00145266
242.857,2.31237,0.00146238
244.49,2.33055,0.00147971
246.122,2.34601,0.00148868
247.755,2.36545,0.00150179
249.388,2.38509,0.00151798
251.02,2.40456,0.00152913
252.653,2.42247,0.00154753
254.286,2.44009,0.00155077
255.918,2.45702,0.0015647
257.551,2.47888,0.00158618
259.184,2.49552,0.00159577
260.816,2.51186,0.00160866
262.449,2.53485,0.00162107
264.082,2.55023,0.00163618
265.714,2.56984,0.00164993
267.347,2.58729,0.00165764
268.98,2.60931,0.00167772
270.612,2.62818,0.00169102
272.245,2.64445,0.00169988
273.878,2.65994,0.00171408
275.51,2.67906,0.00172173
277.143,2.69781,0.00174252
278.776,2.71966,0.00175195
280.408,2.73904,0.00177206
282.041,2.75523,0.00177866
283.673,2.77544,0.00179638
285.306,2.79345,0.00181016
286.939,2.81018,0.00181899
288.571,2.83003,0.00183864
290.204,2.84737,0.00184465
291.837,2.86864,0.00187095
293.469,2.88564,0.00187168
295.102,2.90601,0.00188856
296.735,2.92199,0.00189996
298.367,2.94437,0.00191781
300.0,2.96508,0.00192827
301.633,2.98015,0.0019424
303.265,2.99741,0.00195522
304.898,3.01867,0.00197435
306.531,3.03451,0.00198238
308.163,3.05835,0.00199831
309.796,3.07689,0.00201356
311.429,3.09689,0.00203109
313.061,3.11501,0.00203453
314.694,3.13223,0.00205429
316.327,3.15145,0.00206806
317.959,3.17228,0.00209537
319.592,3.18708,0.00208998
321.224,3.20482,0.00210428
322.857,3.22725,0.00212593
324.49,3.24553,0.00213622
326.122,3.26173,0.00214673
327.755,3.28443,0.0021685
329.388,3.30413,0.00217671
331.02,3.32587,0.00220013
332.653,3.34507,0.00221549
334.286,3.36151,0.00222013
335.918,3.38128,0.00222625
337.551,3.39838,0.00224162
339.184,3.42122,0.00226649
340.816,3.43499,0.00227777
342.449,3.4527,0.00229559
344.082,3.4748,0.00230506
345.714,3.49588,0.00231781
347.347,3.51518,0.00232968
348.98,3.53343,0.00234568
350.612,3.55021,0.00236059
352.245,3.56752,0.00236563
353.878,3.59118,0.00239592
355.51,3.61186,0.00241021
357.143,3.62774,0.00242179
358.776,3.65062,0.00244914
360.408,3.6681,0.00244372
362.041,3.69184,0.00247329
363.673,3.707,0.00247545
365.306,3.7208,0.00247952
366.939,3.74467,0.00251221
368.571,3.75972,0.00251974
370.204,3.78003,0.00252615
371.837,3.80622,0.00256075
373.469,3.82492,0.0025725
375.102,3.84513,0.00257029
376.735,3.85867,0.00259718
378.367,3.87819,0.00260118
380.0,3.89817,0.0026112
382.449,3.92635,0.00263604
384.898,3.96039,0.00268003
387.347,3.98349,0.00268619
389.796,4.01866,0.00270965
392.245,4.04603,0.00272738
394.694,4.07324,0.00274735
397.143,4.10087,0.00277195
399.592,4.13588,0.0028019
402.041,4.16181,0.00280759
404.49,4.19887,0.0028576
406.939,4.22241,0.00286878
409.388,4.25381,0.00288606
411.837,4.27774,0.00290302
414.286,4.30759,0.00292804
416.735,4.33589,0.0029463
419.184,4.36738,0.00296754
421.633,4.39953,0.00299942
424.082,4.42177,0.00299511
426.531,4.45848,0.00303097
428.98,4.48159,0.00305607
431.429,4.52217,0.00308857
433.878,4.55099,0.00312029
436.327,4.57453,0.00312016
438.776,4.60914,0.00314988
441.224,4.63707,0.00319038
443.673,4.66761,0.00320094
446.122,4.69541,0.00321152
448.571,4.72776,0.00324812
451.02,4.75027,0.00325782
453.469,4.78597,0.00329558
455.918,4.81609,0.00330754
458.367,4.84785,0.00333486
460.816,4.87638,0.0033562
463.265,4.90087,0.00336929
465.714,4.93285,0.00338565
468.163,4.95702,0.0034151
470.612,4.99425,0.00345086
473.061,5.02374,0.00346794
475.51,5.05454,0.00350205
477.959,5.08793,0.00352068
480.408,5.10997,0.00353768
482.857,5.14394,0.00357065
485.306,5.18148,0.00359141
487.755,5.20459,0.00361793
490.204,5.23355,0.00361764
492.653,5.26519,0.00366069
495.102,5.30018,0.00369691
497.551,5.31919,0.00367406
500.0,5.35311,0.00374042
502.449,5.38532,0.00375012
504.898,5.41076,0.0037698
507.347,5.45093,0.00379278
509.796,5.47013,0.00380904
512.245,5.49843,0.00382836
514.694,5.53753,0.00385388
517.143,5.56813,0.00390392
519.592,5.60136,0.00389917
522.041,5.62539,0.00392985
524.49,5.66266,0.00395349
526.939,5.69548,0.00398522
529.388,5.72121,0.00400373
531.837,5.75359,0.00403424
534.286,5.78453,0.0040586
536.735,5.81081,0.00406983
539.184,5.84683,0.0041134
541.633,5.86028,0.00408927
544.082,5.90236,0.00415769
546.531,5.94053,0.00419833
548.98,5.96188,0.00418157
551.429,5.99482,0.00423609
553.878,6.02204,0.00422391
556.327,6.05563,0.00427651
558.776,6.08185,0.00427616
561.224,6.11259,0.00430857
563.673,6.14818,0.00432712
566.122,6.17892,0.00437329
568.571,6.20245,0.00433751
571.02,6.23257,0.00437829
573.469,6.26868,0.00443119
575.918,6.29657,0.00444958
578.367,6.32567,0.00447359
580.816,6.35847,0.00448539
583.265,6.39539,0.00452221
585.714,6.42497,0.00456246
588.163,6.45227,0.00456574
590.612,6.49154,0.00463133
593.061,6.50854,0.00461165
595.51,6.54917,0.00467119
597.959,6.57263,0.0046595
600.408,6.60646,0.00467762
602.857,6.63668,0.00468959
605.306,6.671,0.00472854
607.755,6.69445,0.00476587
610.204,6.73854,0.00480428
612.653,6.74874,0.00479866
615.102,6.79321,0.00484853
617.551,6.82152,0.00484602
620.0,6.85452,0.00487904
622.449,6.89108,0.00493871
624.898,6.9173,0.00494189
627.347,6.95367,0.00496613
629.796,6.98428,0.0049943
632.245,7.00758,0.00500686
634.694,7.04079,0.00502996
637.143,7.06822,0.00503222
639.592,7.10352,0.00507679
642.041,7.13166,0.00511898
644.49,7.16982,0.00511468
646.939,7.19516,0.00516923
649.388,7.22721,0.00518547
651.837,7.25855,0.00518906
654.286,7.28739,0.00521973
656.735,7.32134,0.00522691
659.184,7.35534,0.00528339
661.633,7.37931,0.00529771
664.082,7.41279,0.00531286
666.531,7.44725,0.00535719
668.98,7.48759,0.005387
671.429,7.51485,0.00540129
673.878,7.54888,0.00549202
676.327,7.56646,0.00543785
678.776,7.60418,0.00548566
681.224,7.63852,0.00548415
683.673,7.66598,0.00554878
686.122,7.70393,0.00555925
688.571,7.73274,0.00559202
691.02,7.76064,0.00562524
693.469,7.79277,0.00563565
695.918,7.83214,0.00568497
698.367,7.84929,0.00569203
700.816,7.87674,0.00568399
703.265,7.91502,0.00573037
705.714,7.94894,0.00578868
708.163,7.98787,0.00576099
710.612,8.00426,0.0057662
713.061,8.04896,0.00584417
715.51,8.0712,0.00581961
717.959,8.11111,0.00589488
720.408,8.14658,0.00592166
722.857,8.1785,0.00591802
725.306,8.19734,0.00596784
727.755,8.24171,0.00599444
730.204,8.26493,0.00603802
732.653,8.28906,0.00603911
735.102,8.31589,0.00600931
737.551,8.36009,0.00606374
740.0,8.3871,0.0060836
743.265,8.42527,0.00611998
746.531,8.46863,0.00615338
749.796,8.52197,0.00619443
753.061,8.55016,0.00623785
756.327,8.59749,0.00627568
759.592,8.64145,0.00629428
762.857,8.68494,0.00630222
766.122,8.72057,0.00639299
769.388,8.77153,0.00642882
772.653,8.80853,0.0063991
775.918,8.86062,0.0065241
779.184,8.89998,0.00649713
782.449,8.94203,0.00655042
785.714,8.99183,0.00658794
788.98,9.03178,0.0066373
792.245,9.07001,0.00667215
795.51,9.10184,0.00664946
798.776,9.14819,0.00672495
802.041,9.19367,0.00675783
805.306,9.23885,0.00679438
808.571,9.28381,0.00683125
811.837,9.3195,0.00682054
815.102,9.37552,0.00691095
818.367,9.39961,0.00691797
821.633,9.4567,0.00695853
824.898,9.49302,0.00699672
828.163,9.53909,0.00705945
831.429,9.58139,0.00706813
834.694,9.62183,0.00714798
837.959,9.67077,0.00717521
841.224,9.72228,0.00716908
844.49,9.75614,0.00721756
847.755,9.79627,0.00722744
851.02,9.84503,0.00730315
854.286,9.87862,0.00728804
857.551,9.91991,0.00733976
860.816,9.96778,0.00743095
864.082,10.0165,0.00745061
867.347,10.0413,0.00738716
870.612,10.111,0.0075043
873.878,10.1408,0.00752254
877.143,10.1862,0.00753188
880.408,10.2279,0.00759383
883.673,10.2624,0.00758928
886.939,10.3212,0.00767609
890.204,10.3622,0.00775097
893.469,10.3961,0.00771791
896.735,10.4452,0.00776414
900.0,10.4814,0.0077864
903.265,10.5306,0.00784834
906.531,10.5912,0.00791626
909.796,10.617,0.00789436
913.061,10.6688,0.00796367
916.327,10.7019,0.00799628
919.592,10.7425,0.00796905
922.857,10.7812,0.00804036
926.122,10.8359,0.00809418
929.388,10.8839,0.00817161
932.653,10.9225,0.00815519
935.918,10.9522,0.0081413
939.184,11.0174,0.00824283
942.449,11.0518,0.00826024
945.714,11.0951,0.00830739
948.98,11.1458,0.00832303
952.245,11.188,0.00840879
955.51,11.2227,0.00840369
958.776,11.2736,0.0084636
962.041,11.3072,0.00849996
965.306,11.3429,0.00853351
968.571,11.3926,0.00847843
971.837,11.4406,0.00860518
975.102,11.4853,0.00865344
978.367,11.5479,0.00867603
981.633,11.5656,0.00871512
984.898,11.6127,0.00870514
988.163,11.6657,0.00883131
991.429,11.7006,0.00879479
994.694,11.739,0.00884022
997.959,11.7807,0.00885267
1001.22,11.8183,0.00889844
1004.49,11.878,0.00892272
1007.76,11.9234,0.00894871
1011.02,11.9644,0.00896834
1014.29,12.0137,0.00902818
1017.55,12.0497,0.00912872
1020.82,12.0881,0.00911114
1024.08,12.1401,0.00918409
1027.35,12.1848,0.00918882
1030.61,12.2243,0.00930482
1033.88,12.2662,0.0092797
1037.14,12.3103,0.00925652
1040.41,12.3428,0.0092416
1043.67,12.4209,0.00941319
1046.94,12.4654,0.00951294
1050.2,12.5069,0.00949542
1053.47,12.5233,0.00943604
1056.73,12.5967,0.00953917
1060.0,12.6327,0.00957714
1064.9,12.693,0.00955065
1069.8,12.771,0.00970226
1074.69,12.826,0.00967747
1079.59,12.8767,0.00982432
1084.49,12.9629,0.00982154
1089.39,13.0245,0.00992868
1094.29,13.0897,0.00992474
1099.18,13.1372,0.00990986
1104.08,13.229,0.0101174
1108.98,13.2977,0.0102407
1113.88,13.3366,0.0101909
1118.78,13.4005,0.0101603
1123.67,13.4962,0.0102499
1128.57,13.5568,0.0103097
1133.47,13.6194,0.0103782
1138.37,13.6972,0.01043
1143.27,13.7455,0.0104124
1148.16,13.8064,0.0105256
1153.06,13.8815,0.010584
1157.96,13.9514,0.0107499
1162.86,14.003,0.0106889
1167.76,14.0736,0.0108845
1172.65,14.1629,0.0108394
1177.55,14.203,0.0107146
1182.45,14.3065,0.0109609
1187.35,14.3513,0.0110181
1192.24,14.4081,0.0110313
1197.14,14.4884,0.0111225
1202.04,14.5504,0.0111706
1206.94,14.6205,0.0112309
1211.84,14.6931,0.0112762
1216.73,14.7612,0.0113305
1221.63,14.8186,0.011383
1226.53,14.8756,0.0114792
1231.43,14.9499,0.0114948
1236.33,15.0361,0.0116349
1241.22,15.0994,0.0116969
1246.12,15.1595,0.0116637
1251.02,15.2093,0.0117975
1255.92,15.2912,0.0117539
1260.82,15.3609,0.0118872
1265.71,15.4303,0.0118768
1270.61,15.4945,0.0119448
1275.51,15.5542,0.0119644
1280.41,15.6041,0.0120415
1285.31,15.7018,0.0120871
1290.2,15.7553,0.0121825
1295.1,15.8127,0.0121518
1300.0,15.888,0.0121658
1304.9,15.9792,0.0124454
1309.8,16.0537,0.0124536
1314.69,16.0847,0.0124429
1319.59,16.1537,0.0125141
1324.49,16.2485,0.0125647
1329.39,16.3071,0.0127086
1334.29,16.3888,0.0127236
1339.18,16.417,0.0127672
1344.08,16.5198,0.0128778
1348.98,16.5654,0.0128977
1353.88,16.6632,0.0131448
1358.78,16.7171,0.0130723
1363.67,16.7943,0.0130808
1368.57,16.8479,0.0131235
1373.47,16.8854,0.0130774
1378.37,16.986,0.0132215
1383.27,17.0319,0.0131951
1388.16,17.1043,0.0133793
1393.06,17.1822,0.0134367
1397.96,17.2547,0.0134343
1402.86,17.319,0.0133963
1407.76,17.4153,0.0136815
1412.65,17.4474,0.01366
1417.55,17.5345,0.0137978
1422.45,17.5739,0.013666
1427.35,17.6513,0.0137809
1432.24,17.7409,0.0140177
1437.14,17.8196,0.0140827
1442.04,17.8821,0.014008
1446.94,17.9388,0.0139687
1451.84,17.9986,0.0141243
1456.73,18.0794,0.0141972
1461.63,18.1172,0.0140928
1466.53,18.2107,0.0142305
1471.43,18.2693,0.0143558
1476.33,18.3617,0.0144551
1481.22,18.4052,0.0144798
1486.12,18.503,0.0144762
1491.02,18.5286,0.0145068
1495.92,18.6064,0.014383
1500.82,18.6995,0.0147475
1505.71,18.7413,0.0147052
1510.61,18.8488,0.0148797
1515.51,18.8934,0.0148952
1520.41,18.9643,0.0149459
1525.31,19.0264,0.0149747
1530.2,19.0828,0.0149371
1535.1,19.1805,0.0149972
1540.0,19.2145,0.0151806
1547.35,19.362,0.0152963
1554.69,19.4384,0.0152964
1562.04,19.5388,0.0152219
1569.39,19.6525,0.0155378
1576.73,19.7506,0.0155043
1584.08,19.8776,0.0158412
1591.43,19.9624,0.0158412
1598.78,20.0667,0.0157394
1606.12,20.141,0.0159026
1613.47,20.2703,0.0160031
1620.82,20.3742,0.0162183
1628.16,20.4923,0.0161701
1635.51,20.5797,0.0162953
1642.86,20.6897,0.016478
1650.2,20.7806,0.0165092
1657.55,20.8959,0.0167209
1664.9,21.0233,0.0168427
1672.24,21.1063,0.0168285
1679.59,21.2178,0.0168177
1686.94,21.2894,0.0168807
1694.29,21.4133,0.0170088
1701.63,21.5389,0.0172263
1708.98,21.6232,0.0170849
1716.33,21.7411,0.01715
1723.67,21.862,0.0174244
1731.02,21.9532,0.0175588
1738.37,22.0009,0.0175048
1745.71,22.1619,0.0177184
1753.06,22.2601,0.0175874
1760.41,22.3253,0.0178375
1767.76,22.4522,0.0177733
1775.1,22.5675,0.0180654
1782.45,22.6852,0.0182089
1789.8,22.8098,0.0184015
1797.14,22.912,0.0185593
1804.49,22.9964,0.0185838
1811.84,23.069,0.0185611
1819.18,23.206,0.018703
1826.53,23.2987,0.0187849
1833.88,23.435,0.0188947
1841.22,23.5248,0.0187883
1848.57,23.621,0.0189419
1855.92,23.7249,0.0188379
1863.27,23.8102,0.018967
1870.61,23.96,0.0195108
1877.96,24.056,0.0193619
1885.31,24.1394,0.0192698
1892.65,24.2538,0.019744
1900.0,24.363,0.0195459
1907.35,24.4936,0.0197867
1914.69,24.5554,0.0195957
1922.04,24.711,0.0199484
1929.39,24.7747,0.0198806
1936.73,24.8979,0.0201013
1944.08,25.0099,0.0199883
1951.43,25.1055,0.0202798
1958.78,25.2156,0.0203763
1966.12,25.3338,0.0205796
1973.47,25.4259,0.0203329
1980.82,25.5116,0.0207804
1988.16,25.6184,0.020727
1995.51,25.7187,0.0208223
2002.86,25.8059,0.0207873
2010.2,25.9255,0.0210934
2017.55,26.0557,0.021078
2024.9,26.1284,0.0211125
2032.24,26.3087,0.0211414
2039.59,26.3869,0.021522
2046.94,26.476,0.0214706
2054.29,26.5936,0.0214381
2061.63,26.7182,0.0218533
2068.98,26.7934,0.0214987
2076.33,26.9143,0.021795
2083.67,27.0255,0.0220275
2091.02,27.1018,0.0219385
2098.37,27.2381,0.0221077
2105.71,27.3223,0.0221194
2113.06,27.4695,0.022458
2120.41,27.548,0.0221817
2127.76,27.6363,0.0223958
2135.1,27.7695,0.0225136
2142.45,27.8533,0.0225423
2149.8,27.9827,0.022833
2157.14,28.1087,0.0228261
2164.49,28.1659,0.0228472
2171.84,28.2927,0.0231705
2179.18,28.3875,0.0231895
2186.53,28.5251,0.0231872
2193.88,28.6113,0.0233117
2201.22,28.7601,0.0235864
2208.57,28.8072,0.0235572
2215.92,28.9848,0.0240493
2223.27,29.0273,0.0235463
2230.61,29.1687,0.0239744
2237.96,29.2894,0.0240115
2245.31,29.3329,0.0241397
2252.65,29.4436,0.0240939
2260.0,29.5934,0.0241928
2271.02,29.7483,0.0241357
2282.04,29.8911,0.0242991
2293.06,30.0524,0.0249644
2304.08,30.2001,0.0246044
2315.1,30.3556,0.0247678
2326.12,30.5499,0.0248097
2337.14,30.6948,0.0252188
2348.16,30.8245,0.0251791
2359.18,31.0634,0.0258057
2370.2,31.2159,0.0254233
2381.22,31.3549,0.0257782
2392.24,31.512,0.0259865
2403.27,31.6908,0.0261272
2414.29,31.8168,0.0260008
2425.31,32.0237,0.0263679
2436.33,32.1578,0.0264708
2447.35,32.3323,0.0267241
2458.37,32.5205,0.0266458
2469.39,32.6744,0.0271322
2480.41,32.7915,0.0272383
2491.43,32.9904,0.0275922
2502.45,33.1993,0.0274449
2513.47,33.2652,0.0273325
2524.49,33.4727,0.0275577
2535.51,33.6347,0.0278552
2546.53,33.8206,0.0280763
2557.55,33.9525,0.0283267
2568.57,34.1558,0.028584
2579.59,34.2751,0.0282438
2590.61,34.4597,0.0286846
2601.63,34.643,0.0286841
2612.65,34.7865,0.0288483
2623.67,34.9909,0.0291465
2634.69,35.1292,0.029065
2645.71,35.2964,0.0291868
2656.73,35.4334,0.0292037
2667.76,35.62,0.0298181
2678.78,35.7464,0.0295574
2689.8,35.9732,0.0300063
2700.82,36.1219,0.030323
2711.84,36.2547,0.0302385
2722.86,36.4748,0.0311564
2733.88,36.6397,0.0307804
2744.9,36.7984,0.0308276
2755.92,36.9652,0.0311873
2766.94,37.1078,0.0308619
2777.96,37.2436,0.0311571
2788.98,37.4506,0.0311375
2800.0,37.5869,0.0314793
2814.29,37.8165,0.0317529
2828.57,37.9972,0.0318508
2842.86,38.2472,0.0322379
2857.14,38.4552,0.0323868
2871.43,38.6513,0.0324365
2885.71,38.8315,0.0322764
2900.0,39.0409,0.0324637
2914.29,39.2969,0.0331424
2928.57,39.4883,0.0332562
2942.86,39.7414,0.0330859
2957.14,39.9522,0.0335709
2971.43,40.1111,0.0335922
2985.71,40.3379,0.0338659
3000.0,40.5932,0.0339832
3014.29,40.8095,0.0344858
3028.57,41.0389,0.0345532
3042.86,41.244,0.0348622
3057.14,41.459,0.0348924
3071.43,41.6116,0.0350032
3085.71,41.8974,0.0350423
3100.0,42.1408,0.0363549
3114.29,42.3296,0.0358505
3128.57,42.509,0.0359238
3142.86,42.8123,0.0360954
3157.14,42.9307,0.0357158
3171.43,43.1825,0.0362821
3185.71,43.3865,0.0370658
3200.0,43.6054,0.0373912
3214.29,43.8376,0.0369018
3228.57,44.0573,0.037281
3242.86,44.2195,0.0373537
3257.14,44.3724,0.0371867
3271.43,44.6827,0.0382544
3285.71,44.8585,0.0376906
3300.0,45.1439,0.0389512
3314.29,45.3831,0.0389901
3328.57,45.5012,0.0379779
3342.86,45.8544,0.0393892
3357.14,45.9916,0.0390991
3371.43,46.2713,0.039491
3385.71,46.4146,0.0396371
3400.0,46.6346,0.0390367
3414.29,46.9122,0.0398614
3428.57,47.0445,0.0397966
3442.86,47.3449,0.0407741
3457.14,47.5609,0.0407584
3471.43,47.6645,0.0404503
3485.71,47.9375,0.0408688
3500.0,48.1206,0.040634
3520.41,48.4576,0.0417446
3540.82,48.8842,0.0430959
3561.22,49.0771,0.0416925
3581.63,49.4194,0.0420668
3602.04,49.6852,0.0426446
3622.45,50.0539,0.0424221
3642.86,50.4031,0.0432581
3663.27,50.7176,0.0431776
3683.67,51.0559,0.044421
3704.08,51.2891,0.043402
3724.49,51.6692,0.0450823
3744.9,51.9631,0.0447556
3765.31,52.2011,0.0448287
3785.71,52.59,0.045981
3806.12,52.9289,0.0451837
3826.53,53.2985,0.0457977
3846.94,53.476,0.0460688
3867.35,53.896,0.0470826
3887.76,54.1864,0.0469193
3908.16,54.5304,0.048197
3928.57,54.7834,0.0468901
3948.98,54.9815,0.0465131
3969.39,55.3493,0.0470727
3989.8,55.6999,0.0483117
4010.2,56.0676,0.0483739
4030.61,56.3641,0.0482575
4051.02,56.6451,0.0483009
4071.43,57.0723,0.0493509
4091.84,57.4102,0.0506203
4112.24,57.5236,0.0491873
4132.65,57.9144,0.0506027
4153.06,58.2021,0.050028
4173.47,58.5427,0.050558
4193.88,58.8958,0.0503336
4214.29,59.2672,0.0522084
4234.69,59.4697,0.0512714
4255.1,59.8707,0.0519218
4275.51,60.0687,0.0508343
4295.92,60.5012,0.0522076
4316.33,60.8103,0.0534366
4336.73,61.0905,0.0531272
4357.14,61.3923,0.0538503
4377.55,61.7898,0.0528687
4397.96,62.0761,0.0534766
4418.37,62.445,0.0537486
4438.78,62.7337,0.0545555
4459.18,63.048,0.055392
4479.59,63.3284,0.055358
4500.0,63.8196,0.0554722
4530.61,64.2029,0.0565539
4561.22,64.5909,0.0563391
4591.84,65.0713,0.0566005
4622.45,65.6214,0.0573157
4653.06,66.0495,0.0573133
4683.67,66.4529,0.0578982
4714.29,67.0419,0.058275
4744.9,67.5713,0.0600876
4775.51,67.9757,0.0595792
4806.12,68.57,0.0595118
4836.73,69.003,0.05998
4867.35,69.5438,0.0611097
4897.96,69.8404,0.0611896
4928.57,70.3945,0.0615432
4959.18,70.941,0.0622761
4989.8,71.4206,0.0626977
5020.41,71.9226,0.0637059
5051.02,72.3599,0.0643284
5081.63,72.8112,0.0647427
5112.24,73.2269,0.0642994
5142.86,73.7096,0.065622
5173.47,74.3322,0.0658029
5204.08,74.7945,0.0658966
5234.69,75.2834,0.0662101
5265.31,75.6741,0.0665084
5295.92,76.2058,0.0667262
5326.53,76.6056,0.0668913
5357.14,77.2496,0.0678033
5387.76,77.8624,0.0693699
5418.37,78.1518,0.0698819
5448.98,78.7457,0.0693079
5479.59,79.245,0.0706243
5510.2,79.7563,0.07077
5540.82,80.2934,0.0718049
5571.43,80.572,0.0713023
5602.04,81.2393,0.0723734
5632.65,81.6501,0.0717078
5663.27,82.1936,0.0722727
5693.88,82.6898,0.0738738
5724.49,83.0135,0.072294
5755.1,83.5992,0.0742851
5785.71,84.0038,0.0739204
5816.33,84.5853,0.0750792
5846.94,85.0189,0.0751964
5877.55,85.6551,0.0770395
5908.16,86.0683,0.0776331
5938.78,86.5473,0.0783305
5969.39,86.9261,0.0771093
6000.0,87.5199,0.0795597
6040.82,88.3503,0.0793311
6081.63,88.9298,0.0795427
6122.45,89.5195,0.0810036
6163.27,90.2911,0.0818913
6204.08,90.8267,0.0817535
6244.9,91.6897,0.0848937
6285.71,92.0786,0.0814505
6326.53,92.6691,0.0821846
6367.35,93.3873,0.0832167
6408.16,94.1483,0.0867243
6448.98,94.748,0.0855724
6489.8,95.4383,0.0864505
6530.61,96.1441,0.0865806
6571.43,96.7953,0.0875101
6612.24,97.4914,0.0870996
6653.06,98.0854,0.0884127
6693.88,98.9216,0.0897991
6734.69,99.3578,0.0887002
6775.51,100.076,0.0895057
6816.33,100.678,0.0900193
6857.14,101.472,0.0921561
6897.96,101.911,0.0907544
6938.78,102.698,0.093006
6979.59,103.424,0.0940368
7020.41,104.173,0.0965207
7061.22,104.707,0.0957708
7102.04,105.455,0.0963594
7142.86,106.028,0.0959701
7183.67,106.862,0.0969809
7224.49,107.579,0.0965465
7265.31,108.174,0.0992857
7306.12,108.939,0.0994002
7346.94,109.622,0.103413
7387.76,110.195,0.101354
7428.57,110.648,0.098623
7469.39,111.167,0.0972502
7510.2,112.114,0.10093
7551.02,112.873,0.100453
7591.84,113.446,0.102753
7632.65,114.103,0.104018
7673.47,114.905,0.105598
7714.29,115.559,0.104219
7755.1,115.991,0.10742
7795.92,116.848,0.107354
7836.73,117.706,0.106858
7877.55,118.237,0.10922
7918.37,118.974,0.10725
7959.18,119.418,0.108929
8000.0,120.178,0.10831
8040.82,120.791,0.110152
8081.63,121.79,0.112963
8122.45,122.424,0.116321
8163.27,123.05,0.112279
8204.08,123.711,0.115095
8244.9,124.216,0.116481
8285.71,124.918,0.113882
8326.53,125.679,0.115491
8367.35,126.36,0.114408
8408.16,126.993,0.11947
8448.98,127.701,0.11656
8489.8,128.459,0.11973
8530.61,129.097,0.121317
8571.43,129.701,0.120646
8612.24,130.179,0.121535
8653.06,131.058,0.118649
8693.88,131.575,0.119549
8734.69,132.489,0.122223
8775.51,133.04,0.120722
8816.33,133.678,0.120664
8857.14,134.471,0.12276
8897.96,135.188,0.123438
8938.78,135.679,0.125593
8979.59,136.476,0.128304
9020.41,137.088,0.129392
9061.22,137.793,0.1279
9102.04,138.63,0.130213
9142.86,139.284,0.130393
9183.67,139.753,0.131437
9224.49,140.673,0.128368
9265.31,141.182,0.128541
9306.12,141.968,0.130777
9346.94,142.826,0.131297
9387.76,143.343,0.130762
9428.57,143.815,0.13315
9469.39,144.672,0.134341
9510.2,145.554,0.137787
9551.02,146.207,0.133946
9591.84,146.782,0.133881
9632.65,147.587,0.13785
9673.47,148.144,0.13931
9714.29,148.855,0.136466
9755.1,149.51,0.138317
9795.92,150.176,0.141858
9836.73,150.85,0.142542
9877.55,151.568,0.143584
9918.37,152.251,0.138536
9959.18,152.917,0.142084
10000.0,153.726,0.145619
