0.01,0.0,0.0
0.0118367,0.0,0.0
0.0136735,0.0,0.0
0.0155102,0.0,0.0
0.0173469,0.0,0.0
0.0191837,0.0,0.0
0.0210204,0.0,0.0
0.0228571,0.0,0.0
0.0246939,0.0,0.0
0.0265306,0.0,0.0
0.0283673,0.0,0.0
0.0302041,0.0,0.0
0.0320408,0.0,0.0
0.0338776,0.0,0.0
0.0357143,0.0,0.0
0.037551,0.0,0.0
0.0393878,0.0,0.0
0.0412245,0.0,0.0
0.0430612,0.0,0.0
0.044898,0.0,0.0
0.0467347,0.0,0.0
0.0485714,0.0,0.0
0.0504082,0.0,0.0
0.0522449,0.0,0.0
0.0540816,0.0,0.0
0.0559184,0.0,0.0
0.0577551,0.0,0.0
0.0595918,0.0,0.0
0.0614286,0.0,0.0
0.0632653,0.0,0.0
0.065102,0.0,0.0
0.0669388,0.0,0.0
0.0687755,0.0,0.0
0.0706122,0.0,0.0
0.072449,0.0,0.0
0.0742857,0.0,0.0
0.0761224,0.0,0.0
0.0779592,0.0,0.0
0.0797959,0.0,0.0
0.0816327,0.0,0.0
0.0834694,0.0,0.0
0.0853061,0.0,0.0
0.0871429,0.0,0.0
0.0889796,0.0,0.0
0.0908163,0.0,0.0
0.0926531,0.0,0.0
0.0944898,0.0,0.0
0.0963265,0.0,0.0
0.0981633,0.0,0.0
0.1,0.0,0.0
0.102041,0.0,0.0
0.104082,0.0,0.0
0.106122,0.0,0.0
0.108163,0.0,0.0
0.110204,0.0,0.0
0.112245,0.0,0.0
0.114286,0.0,0.0
0.116327,0.0,0.0
0.118367,0.0,0.0
0.120408,0.0,0.0
0.122449,0.0,0.0
0.12449,0.0,0.0
0.126531,0.0,0.0
0.128571,0.0,0.0
0.130612,0.0,0.0
0.132653,0.0,0.0
0.134694,0.0,0.0
0.136735,0.0,0.0
0.138776,0.0,0.0
0.140816,0.0,0.0
0.142857,0.0,0.0
0.144898,0.0,0.0
0.146939,0.0,0.0
0.14898,0.0,0.0
0.15102,0.0,0.0
0.153061,0.0,0.0
0.155102,0.0,0.0
0.157143,0.0,0.0
0.159184,0.0,0.0
0.161224,0.0,0.0
0.163265,0.0,0.0
0.165306,0.0,0.0
0.167347,0.0,0.0
0.169388,0.0,0.0
0.171429,0.0,0.0
0.173469,0.0,0.0
0.17551,0.0,0.0
0.177551,0.0,0.0
0.179592,0.0,0.0
0.181633,0.0,0.0
0.183673,0.0,0.0
0.185714,0.0,0.0
0.187755,0.0,0.0
0.189796,0.0,0.0
0.191837,0.0,0.0
0.193878,0.0,0.0
0.195918,0.0,0.0
0.197959,0.0,0.0
0.2,0.0,0.0
0.202041,0.0,0.0
0.204082,0.0,0.0
0.206122,0.0,0.0
0.208163,0.0,0.0
0.210204,0.0,0.0
0.212245,3.48935e-19,2.3288e-22
0.214286,2.23199e-16,1.63358e-19
0.216327,3.62354e-15,2.65203e-18
0.218367,2.19791e-14,1.56245e-17
0.220408,8.30451e-14,5.67097e-17
0.222449,2.36967e-13,1.54383e-16
0.22449,5.61195e-13,3.4853e-16
0.226531,1.1645e-12,6.89271e-16
0.228571,2.18891e-12,1.23721e-15
0.230612,3.80821e-12,2.06192e-15
0.232653,6.23753e-12,3.24409e-15
0.234694,9.70925e-12,4.87533e-15
0.236735,1.44964e-11,7.05422e-15
0.238776,2.09236e-11,9.91731e-15
0.240816,2.92954e-11,1.35832e-14
0.242857,3.99797e-11,1.82711e-14
0.244898,5.33699e-11,2.41507e-14
0.246939,6.99718e-11,3.15073e-14
0.24898,8.99775e-11,4.06067e-14
0.25102,1.14057e-10,5.17424e-14
0.253061,1.42731e-10,6.5582e-14
0.255102,1.76231e-10,8.2098e-14
0.257143,2.15277e-10,1.02371e-13
0.259184,2.60411e-10,1.26439e-13
0.261224,3.12013e-10,1.55311e-13
0.263265,3.71361e-10,1.89659e-13
0.265306,4.37621e-10,2.29401e-13
0.267347,5.12795e-10,2.77083e-13
0.269388,5.96262e-10,3.31156e-13
0.271429,6.90486e-10,3.94985e-13
0.273469,7.95021e-10,4.68317e-13
0.27551,9.09456e-10,5.50052e-13
0.277551,1.03602e-09,6.45586e-13
0.279592,1.17645e-09,7.53848e-13
0.281633,1.32799e-09,8.71598e-13
0.283673,1.49438e-09,1.00899e-12
0.285714,1.6763e-09,1.1612e-12
0.287755,1.87381e-09,1.32556e-12
0.289796,2.08678e-09,1.51464e-12
0.291837,2.31907e-09,1.72093e-12
0.293878,2.56593e-09,1.94438e-12
0.295918,2.83562e-09,2.19209e-12
0.297959,3.12468e-09,2.46466e-12
0.3,3.4354e-09,2.76307e-12
0.302041,3.76725e-09,3.07602e-12
0.304082,4.12807e-09,3.43389e-12
0.306122,4.51598e-09,3.81983e-12
0.308163,4.9132e-09,4.22348e-12
0.310204,5.33939e-09,4.6523e-12
0.312245,5.79597e-09,5.12521e-12
0.314286,6.3086e-09,5.64736e-12
0.316327,6.84501e-09,6.20611e-12
0.318367,7.38886e-09,6.77645e-12
0.320408,7.97831e-09,7.39591e-12
0.322449,8.60463e-09,8.06457e-12
0.32449,9.26894e-09,8.77434e-12
0.326531,9.95584e-09,9.49963e-12
0.328571,1.07045e-08,1.0292e-11
0.330612,1.14852e-08,1.1144e-11
0.332653,1.23479e-08,1.20637e-11
0.334694,1.32087e-08,1.29968e-11
0.336735,1.41033e-08,1.39631e-11
0.338776,1.50877e-08,1.50142e-11
0.340816,1.61089e-08,1.61267e-11
0.342857,1.71817e-08,1.72846e-11
0.344898,1.83297e-08,1.8515e-11
0.346939,1.94975e-08,1.97506e-11
0.34898,2.07547e-08,2.10968e-11
0.35102,2.20869e-08,2.25272e-11
0.353061,2.34603e-08,2.40163e-11
0.355102,2.49067e-08,2.55338e-11
0.357143,2.64118e-08,2.71152e-11
0.359184,2.7982e-08,2.87378e-11
0.361224,2.96146e-08,3.04722e-11
0.363265,3.13851e-08,3.23567e-11
0.365306,3.32539e-08,3.42741e-11
0.367347,3.51998e-08,3.62965e-11
0.369388,3.71453e-08,3.831e-11
0.371429,3.92512e-08,4.04294e-11
0.373469,4.14561e-08,4.26892e-11
0.37551,4.36025e-08,4.48471e-11
0.377551,4.6025e-08,4.7267e-11
0.379592,4.84495e-08,4.97037e-11
0.381633,5.114e-08,5.23766e-11
0.383673,5.37754e-08,5.49922e-11
0.385714,5.66549e-08,5.78186e-11
0.387755,5.95965e-08,6.05978e-11
0.389796,6.25227e-08,6.3434e-11
0.391837,6.57845e-08,6.66879e-11
0.393878,6.8983e-08,6.96287e-11
0.395918,7.24295e-08,7.29235e-11
0.397959,7.59101e-08,7.61913e-11
0.4,7.98435e-08,7.98966e-11
0.402041,8.35559e-08,8.32886e-11
0.404082,8.74727e-08,8.67955e-11
0.406122,9.17497e-08,9.06784e-11
0.408163,9.58833e-08,9.45037e-11
0.410204,1.00352e-07,9.85498e-11
0.412245,1.05045e-07,1.02807e-10
0.414286,1.09969e-07,1.06937e-10
0.416327,1.14822e-07,1.11361e-10
0.418367,1.19988e-07,1.15618e-10
0.420408,1.25513e-07,1.20511e-10
0.422449,1.31086e-07,1.25337e-10
0.42449,1.36585e-07,1.29984e-10
0.426531,1.42733e-07,1.35311e-10
0.428571,1.48806e-07,1.40422e-10
0.430612,1.54869e-07,1.45309e-10
0.432653,1.61451e-07,1.50552e-10
0.434694,1.68228e-07,1.56268e-10
0.436735,1.75561e-07,1.62142e-10
0.438776,1.82572e-07,1.67832e-10
0.440816,1.90301e-07,1.7426e-10
0.442857,1.97908e-07,1.80176e-10
0.444898,2.05738e-07,1.86113e-10
0.446939,2.13844e-07,1.92605e-10
0.44898,2.22488e-07,1.99213e-10
0.45102,2.31038e-07,2.05725e-10
0.453061,2.40484e-07,2.1298e-10
0.455102,2.48999e-07,2.19455e-10
0.457143,2.58739e-07,2.26653e-10
0.459184,2.68951e-07,2.34406e-10
0.461224,2.78853e-07,2.41795e-10
0.463265,2.89904e-07,2.49994e-10
0.465306,3.00089e-07,2.57599e-10
0.467347,3.11292e-07,2.65614e-10
0.469388,3.2238e-07,2.73219e-10
0.471429,3.3485e-07,2.8245e-10
0.473469,3.4617e-07,2.90395e-10
0.47551,3.58891e-07,2.99592e-10
0.477551,3.71612e-07,3.08312e-10
0.479592,3.84726e-07,3.17703e-10
0.481633,3.97712e-07,3.26212e-10
0.483673,4.11561e-07,3.35858e-10
0.485714,4.26115e-07,3.46012e-10
0.487755,4.40604e-07,3.56097e-10
0.489796,4.55413e-07,3.6608e-10
0.491837,4.71204e-07,3.7666e-10
0.493878,4.86291e-07,3.86051e-10
0.495918,5.02639e-07,3.96769e-10
0.497959,5.19326e-07,4.08178e-10
0.5,5.35346e-07,4.17804e-10
0.502041,5.54436e-07,4.31287e-10
0.504082,5.71732e-07,4.4203e-10
0.506122,5.90371e-07,4.53496e-10
0.508163,6.09433e-07,4.6639e-10
0.510204,6.27701e-07,4.77717e-10
0.512245,6.48194e-07,4.9093e-10
0.514286,6.66995e-07,5.02206e-10
0.516327,6.87953e-07,5.15066e-10
0.518367,7.10137e-07,5.29185e-10
0.520408,7.30981e-07,5.41315e-10
0.522449,7.54923e-07,5.57334e-10
0.52449,7.7663e-07,5.69967e-10
0.526531,7.99803e-07,5.84215e-10
0.528571,8.24089e-07,5.97978e-10
0.530612,8.48645e-07,6.13464e-10
0.532653,8.72895e-07,6.27417e-10
0.534694,8.97722e-07,6.42278e-10
0.536735,9.23264e-07,6.57288e-10
0.538776,9.5105e-07,6.73859e-10
0.540816,9.78248e-07,6.90351e-10
0.542857,1.00373e-06,7.03476e-10
0.544898,1.03287e-06,7.21327e-10
0.546939,1.06288e-06,7.37804e-10
0.54898,1.09251e-06,7.54883e-10
0.55102,1.12198e-06,7.71854e-10
0.553061,1.15277e-06,7.89733e-10
0.555102,1.18515e-06,8.07524e-10
0.557143,1.21564e-06,8.24103e-10
0.559184,1.24815e-06,8.43252e-10
0.561224,1.28151e-06,8.61976e-10
0.563265,1.31662e-06,8.80424e-10
0.565306,1.35135e-06,9.00454e-10
0.567347,1.3862e-06,9.19939e-10
0.569388,1.42058e-06,9.36447e-10
0.571429,1.45881e-06,9.57166e-10
0.573469,1.49634e-06,9.78597e-10
0.57551,1.53427e-06,9.98455e-10
0.577551,1.5743e-06,1.02051e-09
0.579592,1.61135e-06,1.03943e-09
0.581633,1.65271e-06,1.06197e-09
0.583673,1.69536e-06,1.08524e-09
0.585714,1.73495e-06,1.10468e-09
0.587755,1.7797e-06,1.12904e-09
0.589796,1.82172e-06,1.15077e-09
0.591837,1.86778e-06,1.17543e-09
0.593878,1.91192e-06,1.19786e-09
0.595918,1.95791e-06,1.22141e-09
0.597959,2.00459e-06,1.24616e-09
0.6,2.05393e-06,1.2728e-09
0.602041,2.09873e-06,1.29362e-09
0.604082,2.14728e-06,1.318e-09
0.606122,2.19711e-06,1.34385e-09
0.608163,2.25122e-06,1.37109e-09
0.610204,2.30408e-06,1.39771e-09
0.612245,2.35401e-06,1.42146e-09
0.614286,2.40873e-06,1.44984e-09
0.616327,2.46108e-06,1.47469e-09
0.618367,2.51822e-06,1.50201e-09
0.620408,2.57538e-06,1.53066e-09
0.622449,2.63019e-06,1.5584e-09
0.62449,2.68789e-06,1.58752e-09
0.626531,2.74959e-06,1.61694e-09
0.628571,2.81004e-06,1.64674e-09
0.630612,2.87058e-06,1.67628e-09
0.632653,2.9317e-06,1.7047e-09
0.634694,2.99536e-06,1.73556e-09
0.636735,3.05903e-06,1.76595e-09
0.638776,3.12475e-06,1.79844e-09
0.640816,3.19088e-06,1.83e-09
0.642857,3.25737e-06,1.8599e-09
0.644898,3.32494e-06,1.89092e-09
0.646939,3.39914e-06,1.92873e-09
0.64898,3.46446e-06,1.96052e-09
0.65102,3.53629e-06,1.98988e-09
0.653061,3.60814e-06,2.02637e-09
0.655102,3.68423e-06,2.06334e-09
0.657143,3.7556e-06,2.09264e-09
0.659184,3.83091e-06,2.12875e-09
0.661224,3.91139e-06,2.16772e-09
0.663265,3.987e-06,2.19998e-09
0.665306,4.06882e-06,2.24001e-09
0.667347,4.14634e-06,2.27515e-09
0.669388,4.22829e-06,2.31332e-09
0.671429,4.3043e-06,2.34377e-09
0.673469,4.38744e-06,2.38216e-09
0.67551,4.47926e-06,2.42533e-09
0.677551,4.56331e-06,2.46421e-09
0.679592,4.64668e-06,2.49955e-09
0.681633,4.73137e-06,2.53745e-09
0.683673,4.82227e-06,2.57828e-09
0.685714,4.91751e-06,2.62344e-09
0.687755,5.00708e-06,2.66105e-09
0.689796,5.0982e-06,2.70101e-09
0.691837,5.19756e-06,2.74734e-09
0.693878,5.29084e-06,2.7851e-09
0.695918,5.38949e-06,2.8315e-09
0.697959,5.48166e-06,2.87208e-09
0.7,5.58741e-06,2.91987e-09
0.702041,5.68496e-06,2.96094e-09
0.704082,5.78573e-06,3.00533e-09
0.706122,5.88997e-06,3.0483e-09
0.708163,5.99931e-06,3.09682e-09
0.710204,6.09756e-06,3.13936e-09
0.712245,6.21073e-06,3.18851e-09
0.714286,6.31896e-06,3.23779e-09
0.716327,6.43063e-06,3.28465e-09
0.718367,6.53893e-06,3.33084e-09
0.720408,6.65674e-06,3.38047e-09
0.722449,6.76492e-06,3.4255e-09
0.72449,6.87897e-06,3.47454e-09
0.726531,7.0022e-06,3.52905e-09
0.728571,7.12138e-06,3.57806e-09
0.730612,7.2387e-06,3.62656e-09
0.732653,7.35641e-06,3.6758e-09
0.734694,7.47425e-06,3.72419e-09
0.736735,7.60636e-06,3.78305e-09
0.738776,7.73305e-06,3.83705e-09
0.740816,7.85899e-06,3.88606e-09
0.742857,7.99404e-06,3.94349e-09
0.744898,8.11267e-06,3.99194e-09
0.746939,8.25217e-06,4.05095e-09
0.74898,8.38393e-06,4.10619e-09
0.75102,8.51146e-06,4.1571e-09
0.753061,8.64846e-06,4.21192e-09
0.755102,8.78464e-06,4.26821e-09
0.757143,8.92643e-06,4.32903e-09
0.759184,9.07263e-06,4.38486e-09
0.761224,9.21336e-06,4.44344e-09
0.763265,9.35261e-06,4.50237e-09
0.765306,9.50788e-06,4.56914e-09
0.767347,9.6416e-06,4.61543e-09
0.769388,9.79121e-06,4.67906e-09
0.771429,9.94334e-06,4.7453e-09
0.773469,1.00929e-05,4.80453e-09
0.77551,1.02567e-05,4.86884e-09
0.777551,1.04043e-05,4.92866e-09
0.779592,1.05602e-05,4.99337e-09
0.781633,1.07272e-05,5.05902e-09
0.783673,1.08809e-05,5.11807e-09
0.785714,1.10362e-05,5.17884e-09
0.787755,1.12111e-05,5.25257e-09
0.789796,1.13641e-05,5.30894e-09
0.791837,1.15432e-05,5.38926e-09
0.793878,1.17138e-05,5.45097e-09
0.795918,1.1871e-05,5.50803e-09
0.797959,1.20477e-05,5.5828e-09
0.8,1.22174e-05,5.65215e-09
0.802041,1.24011e-05,5.7259e-09
0.804082,1.25699e-05,5.78697e-09
0.806122,1.27443e-05,5.8539e-09
0.808163,1.29315e-05,5.93175e-09
0.810204,1.31226e-05,6.00754e-09
0.812245,1.32997e-05,6.07594e-09
0.814286,1.34791e-05,6.14347e-09
0.816327,1.36755e-05,6.21754e-09
0.818367,1.38565e-05,6.28793e-09
0.820408,1.40511e-05,6.36606e-09
0.822449,1.42522e-05,6.45029e-09
0.82449,1.44404e-05,6.5128e-09
0.826531,1.46398e-05,6.59542e-09
0.828571,1.48366e-05,6.66876e-09
0.830612,1.50325e-05,6.74071e-09
0.832653,1.52408e-05,6.82978e-09
0.834694,1.54645e-05,6.91696e-09
0.836735,1.56499e-05,6.97696e-09
0.838776,1.58632e-05,7.0579e-09
0.840816,1.60623e-05,7.13263e-09
0.842857,1.62707e-05,7.21149e-09
0.844898,1.64848e-05,7.29704e-09
0.846939,1.67095e-05,7.38454e-09
0.84898,1.69302e-05,7.46764e-09
0.85102,1.71587e-05,7.55697e-09
0.853061,1.73758e-05,7.63086e-09
0.855102,1.75949e-05,7.71487e-09
0.857143,1.78098e-05,7.79574e-09
0.859184,1.80421e-05,7.88654e-09
0.861224,1.8277e-05,7.97499e-09
0.863265,1.85038e-05,8.05221e-09
0.865306,1.87552e-05,8.14798e-09
0.867347,1.89783e-05,8.23512e-09
0.869388,1.92056e-05,8.32209e-09
0.871429,1.94553e-05,8.4106e-09
0.873469,1.96895e-05,8.50268e-09
0.87551,1.99346e-05,8.58992e-09
0.877551,2.0173e-05,8.68104e-09
0.879592,2.04315e-05,8.7738e-09
0.881633,2.06702e-05,8.86336e-09
0.883673,2.09264e-05,8.95786e-09
0.885714,2.11764e-05,9.04304e-09
0.887755,2.14514e-05,9.15334e-09
0.889796,2.16978e-05,9.23954e-09
0.891837,2.19445e-05,9.32987e-09
0.893878,2.22404e-05,9.43837e-09
0.895918,2.24945e-05,9.52757e-09
0.897959,2.27739e-05,9.62944e-09
0.9,2.3022e-05,9.73005e-09
0.902041,2.33026e-05,9.82751e-09
0.904082,2.3586e-05,9.9415e-09
0.906122,2.38449e-05,1.00237e-08
0.908163,2.41453e-05,1.0138e-08
0.910204,2.44101e-05,1.02318e-08
0.912245,2.46862e-05,1.03333e-08
0.914286,2.49959e-05,1.04463e-08
0.916327,2.52665e-05,1.05415e-08
0.918367,2.55569e-05,1.06385e-08
0.920408,2.58216e-05,1.07375e-08
0.922449,2.61434e-05,1.08553e-08
0.92449,2.6431e-05,1.09592e-08
0.926531,2.67306e-05,1.10621e-08
0.928571,2.70225e-05,1.11682e-08
0.930612,2.73229e-05,1.12743e-08
0.932653,2.76217e-05,1.13796e-08
0.934694,2.79291e-05,1.14912e-08
0.936735,2.82529e-05,1.16135e-08
0.938776,2.85692e-05,1.1714e-08
0.940816,2.88858e-05,1.18342e-08
0.942857,2.91882e-05,1.19333e-08
0.944898,2.95153e-05,1.20508e-08
0.946939,2.98456e-05,1.2174e-08
0.94898,3.01603e-05,1.2284e-08
0.95102,3.04818e-05,1.23992e-08
0.953061,3.0782e-05,1.25009e-08
0.955102,3.11281e-05,1.26255e-08
0.957143,3.14827e-05,1.27497e-08
0.959184,3.18145e-05,1.28655e-08
0.961224,3.21491e-05,1.29846e-08
0.963265,3.2494e-05,1.31087e-08
0.965306,3.28301e-05,1.32171e-08
0.967347,3.31834e-05,1.33546e-08
0.969388,3.35145e-05,1.34604e-08
0.971429,3.38783e-05,1.35884e-08
0.973469,3.42139e-05,1.37086e-08
0.97551,3.45657e-05,1.38314e-08
0.977551,3.49392e-05,1.39585e-08
0.979592,3.52897e-05,1.40708e-08
0.981633,3.56312e-05,1.41906e-08
0.983673,3.60044e-05,1.43283e-08
0.985714,3.6376e-05,1.44584e-08
0.987755,3.6734e-05,1.45791e-08
0.989796,3.71436e-05,1.47237e-08
0.991837,3.74754e-05,1.48264e-08
0.993878,3.78581e-05,1.49628e-08
0.995918,3.82686e-05,1.51065e-08
0.997959,3.86447e-05,1.52392e-08
1.0,3.90217e-05,1.53762e-08
1.08163,5.65564e-05,2.12617e-08
1.16327,7.85257e-05,2.8372e-08
1.2449,0.000105476,3.68395e-08
1.32653,0.000137625,4.66362e-08
1.40816,0.000175198,5.78275e-08
1.4898,0.000218653,7.04874e-08
1.57143,0.000268126,8.46538e-08
1.65306,0.000323835,1.00402e-07
1.73469,0.000385801,1.17485e-07
1.81633,0.000454212,1.36309e-07
1.89796,0.000529625,1.56635e-07
1.97959,0.000611388,1.78513e-07
2.06122,0.000700436,2.02056e-07
2.14286,0.000796193,2.27248e-07
2.22449,0.000898946,2.53953e-07
2.30612,0.00100845,2.82196e-07
2.38776,0.0011252,3.12151e-07
2.46939,0.00124917,3.43824e-07
2.55102,0.00138003,3.76925e-07
2.63265,0.00151841,4.11877e-07
2.71429,0.00166447,4.48445e-07
2.79592,0.00181539,4.86132e-07
2.87755,0.00197566,5.25898e-07
2.95918,0.00214186,5.6718e-07
3.04082,0.00231488,6.09906e-07
3.12245,0.00249637,6.54624e-07
3.20408,0.00268367,7.00366e-07
3.28571,0.00287977,7.48369e-07
3.36735,0.00308223,7.98055e-07
3.44898,0.00328999,8.48551e-07
3.53061,0.00350514,9.00932e-07
3.61224,0.0037286,9.54881e-07
3.69388,0.00395881,1.01051e-06
3.77551,0.00419352,1.06753e-06
3.85714,0.00443729,1.12579e-06
3.93878,0.00468501,1.18549e-06
4.02041,0.00494573,1.24881e-06
4.10204,0.00520894,1.31186e-06
4.18367,0.00547636,1.37565e-06
4.26531,0.00575352,1.44235e-06
4.34694,0.00603466,1.50955e-06
4.42857,0.00632889,1.58007e-06
4.5102,0.0066256,1.65057e-06
4.59184,0.00692878,1.72405e-06
4.67347,0.00723735,1.79718e-06
4.7551,0.00755321,1.87275e-06
4.83673,0.00787115,1.94889e-06
4.91837,0.0081988,2.02708e-06
5.0,0.00853514,2.10659e-06
5.10204,0.00896383,2.20961e-06
5.20408,0.00939985,2.31338e-06
5.30612,0.00984345,2.41924e-06
5.40816,0.0103062,2.52964e-06
5.5102,0.0107629,2.63837e-06
5.61224,0.0112426,2.75236e-06
5.71429,0.0117312,2.86882e-06
5.81633,0.012212,2.98282e-06
5.91837,0.0127189,3.10418e-06
6.02041,0.0132295,3.22604e-06
6.12245,0.013747,3.34883e-06
6.22449,0.0142795,3.47649e-06
6.32653,0.0148237,3.60583e-06
6.42857,0.0153679,3.73672e-06
6.53061,0.0159153,3.86686e-06
6.63265,0.0164849,4.00321e-06
6.73469,0.0170504,4.13798e-06
6.83673,0.0176344,4.27819e-06
6.93878,0.0182238,4.41959e-06
7.04082,0.0188322,4.56561e-06
7.14286,0.0194313,4.70815e-06
7.2449,0.0200448,4.85466e-06
7.34694,0.0206583,5.00342e-06
7.44898,0.0212973,5.15614e-06
7.55102,0.0219457,5.31183e-06
7.65306,0.0225829,5.46547e-06
7.7551,0.0232369,5.62187e-06
7.85714,0.023901,5.78024e-06
7.95918,0.0245701,5.94256e-06
8.06122,0.0252415,6.10367e-06
8.16327,0.0259283,6.27002e-06
8.26531,0.0266358,6.43934e-06
8.36735,0.0273251,6.60688e-06
8.46939,0.0280346,6.78047e-06
8.57143,0.0287489,6.9493e-06
8.67347,0.0294738,7.12574e-06
8.77551,0.0301951,7.29914e-06
8.87755,0.0309336,7.47837e-06
8.97959,0.0316905,7.66124e-06
9.08163,0.0324235,7.84297e-06
9.18367,0.0331978,8.02635e-06
9.28571,0.0339695,8.21269e-06
9.38776,0.0347376,8.40282e-06
9.4898,0.0355078,8.58845e-06
9.59184,0.036296,8.77889e-06
9.69388,0.0371128,8.9793e-06
9.79592,0.0378975,9.17268e-06
9.89796,0.038706,9.36894e-06
10.0,0.03953,9.56845e-06
10.2041,0.0411632,9.97023e-06
10.4082,0.0428491,1.038e-05
10.6122,0.0445626,1.08022e-05
10.8163,0.0462918,1.12255e-05
11.0204,0.048033,1.16531e-05
11.2245,0.0497995,1.20895e-05
11.4286,0.0516153,1.25358e-05
11.6327,0.0534528,1.29915e-05
11.8367,0.0553079,1.34502e-05
12.0408,0.0571758,1.39108e-05
12.2449,0.0590547,1.43794e-05
12.449,0.0610175,1.48618e-05
12.6531,0.0629467,1.5341e-05
12.8571,0.0649465,1.5846e-05
13.0612,0.0669058,1.63343e-05
13.2653,0.0689444,1.68445e-05
13.4694,0.0709371,1.73484e-05
13.6735,0.0730268,1.78691e-05
13.8776,0.0750897,1.83911e-05
14.0816,0.0772259,1.89201e-05
14.2857,0.0793442,1.94618e-05
14.4898,0.0814596,1.99886e-05
14.6939,0.0836601,2.05515e-05
14.898,0.0858092,2.10959e-05
15.102,0.0880056,2.16508e-05
15.3061,0.0902954,2.2231e-05
15.5102,0.0925274,2.2797e-05
15.7143,0.0947727,2.33688e-05
15.9184,0.0971003,2.39684e-05
16.1224,0.0993496,2.454e-05
16.3265,0.101737,2.51488e-05
16.5306,0.104045,2.57407e-05
16.7347,0.106417,2.63478e-05
16.9388,0.108815,2.69646e-05
17.1429,0.11121,2.75745e-05
17.3469,0.113567,2.81904e-05
17.551,0.116003,2.88176e-05
17.7551,0.118507,2.94599e-05
17.9592,0.120986,3.01008e-05
18.1633,0.123448,3.0733e-05
18.3673,0.126013,3.14012e-05
18.5714,0.128537,3.20584e-05
18.7755,0.131063,3.27026e-05
18.9796,0.133625,3.33803e-05
19.1837,0.136203,3.40496e-05
19.3878,0.138822,3.47282e-05
19.5918,0.141419,3.54162e-05
19.7959,0.143966,3.60779e-05
20.0,0.146706,3.67861e-05
20.4082,0.151901,3.81519e-05
20.8163,0.157459,3.96014e-05
21.2245,0.16279,4.10292e-05
21.6327,0.168392,4.25055e-05
22.0408,0.173937,4.39746e-05
22.449,0.179606,4.54735e-05
22.8571,0.185211,4.69746e-05
23.2653,0.191089,4.85416e-05
23.6735,0.196778,5.00654e-05
24.0816,0.202701,5.16465e-05
24.4898,0.208667,5.32511e-05
24.898,0.214666,5.48501e-05
25.3061,0.220664,5.64823e-05
25.7143,0.226845,5.81415e-05
26.1224,0.233008,5.98168e-05
26.5306,0.239137,6.14709e-05
26.9388,0.245414,6.31884e-05
27.3469,0.251615,6.4875e-05
27.7551,0.258018,6.66179e-05
28.1633,0.264553,6.83911e-05
28.5714,0.270921,7.01572e-05
28.9796,0.277333,7.19355e-05
29.3878,0.284009,7.37061e-05
29.7959,0.290644,7.55941e-05
30.2041,0.297056,7.73478e-05
30.6122,0.303894,7.92471e-05
31.0204,0.310467,8.10344e-05
31.4286,0.317198,8.2925e-05
31.8367,0.324109,8.48676e-05
32.2449,0.330949,8.67494e-05
32.6531,0.337861,8.86864e-05
33.0612,0.345014,9.07016e-05
33.4694,0.351949,9.25985e-05
33.8776,0.358989,9.45818e-05
34.2857,0.366046,9.65571e-05
34.6939,0.372964,9.85097e-05
35.102,0.380429,0.000100614
35.5102,0.387481,0.000102619
35.9184,0.394705,0.000104663
36.3265,0.401979,0.000106734
36.7347,0.409368,0.000108777
37.1429,0.416574,0.000110882
37.551,0.424046,0.000112964
37.9592,0.431547,0.000115144
38.3673,0.438996,0.000117229
38.7755,0.446361,0.00011939
39.1837,0.454137,0.000121574
39.5918,0.461459,0.000123685
40.0,0.469277,0.000125918
40.4082,0.476903,0.000128108
40.8163,0.484528,0.000130347
41.2245,0.492376,0.000132598
41.6327,0.499885,0.0001347
42.0408,0.507986,0.00013714
42.449,0.515761,0.000139328
42.8571,0.52362,0.000141618
43.2653,0.53167,0.000143967
43.6735,0.539484,0.000146243
44.0816,0.547415,0.000148545
44.4898,0.555257,0.000150858
44.898,0.563089,0.000153097
45.3061,0.571564,0.000155633
45.7143,0.579445,0.000157892
46.1224,0.587707,0.000160295
46.5306,0.595892,0.00016275
46.9388,0.603804,0.000165031
47.3469,0.612495,0.000167551
47.7551,0.620563,0.000169948
48.1633,0.628723,0.00017239
48.5714,0.637,0.000174887
48.9796,0.645186,0.000177254
49.3878,0.653809,0.000179819
49.7959,0.662396,0.00018237
50.2041,0.67068,0.000184792
50.6122,0.679321,0.000187372
51.0204,0.68795,0.000189907
51.4286,0.696113,0.000192337
51.8367,0.704707,0.000194945
52.2449,0.713384,0.000197479
52.6531,0.722174,0.000200154
53.0612,0.730428,0.000202493
53.4694,0.739098,0.00020518
53.8776,0.748194,0.000207842
54.2857,0.756463,0.000210477
54.6939,0.765061,0.000212987
55.102,0.774339,0.000215768
55.5102,0.7828,0.000218235
55.9184,0.791731,0.000221056
56.3265,0.800557,0.000223601
56.7347,0.809497,0.000226429
57.1429,0.817909,0.00022887
57.551,0.827445,0.000231747
57.9592,0.836408,0.000234619
58.3673,0.845219,0.00023714
58.7755,0.854212,0.000239839
59.1837,0.863451,0.000242659
59.5918,0.872474,0.000245553
60.0,0.881092,0.000248118
60.4082,0.890234,0.000250914
60.8163,0.899849,0.000253742
61.2245,0.908537,0.000256513
61.6327,0.91822,0.000259431
62.0408,0.926943,0.000262121
62.449,0.936477,0.000264928
62.8571,0.945468,0.000267839
63.2653,0.954916,0.000270671
63.6735,0.964634,0.000273611
64.0816,0.973404,0.000276451
64.4898,0.982884,0.000279219
64.898,0.992339,0.000282048
65.3061,1.00267,0.000285308
65.7143,1.01137,0.000288152
66.1224,1.02052,0.000290812
66.5306,1.02963,0.000293496
66.9388,1.03986,0.00029699
67.3469,1.04883,0.000299718
67.7551,1.0586,0.000302722
68.1633,1.06813,0.000305707
68.5714,1.07782,0.00030868
68.9796,1.08712,0.000311528
69.3878,1.09666,0.000314512
69.7959,1.10673,0.000317592
70.2041,1.11568,0.000320461
70.6122,1.12629,0.0003238
71.0204,1.13552,0.00032657
71.4286,1.14523,0.000329639
71.8367,1.15485,0.0003326
72.2449,1.16462,0.00033572
72.6531,1.17455,0.000338879
73.0612,1.18491,0.000342093
73.4694,1.19441,0.000345002
73.8776,1.20425,0.000348332
74.2857,1.21419,0.000351286
74.6939,1.22363,0.000354158
75.102,1.23296,0.000357154
75.5102,1.24356,0.000360566
75.9184,1.25356,0.000363653
76.3265,1.26387,0.000366859
76.7347,1.2741,0.000370184
77.1429,1.28394,0.000373282
77.551,1.29361,0.000376332
77.9592,1.30422,0.000379622
78.3673,1.31392,0.000382804
78.7755,1.32424,0.000386046
79.1837,1.33385,0.00038912
79.5918,1.34422,0.000392482
80.0,1.35449,0.000395668
80.4082,1.36387,0.000398462
80.8163,1.3747,0.000401853
81.2245,1.38417,0.000405097
81.6327,1.39431,0.000408295
82.0408,1.40559,0.000411663
82.449,1.41551,0.000415288
82.8571,1.42538,0.000418094
83.2653,1.4366,0.00042173
83.6735,1.44662,0.000425016
84.0816,1.4568,0.000428181
84.4898,1.46625,0.000431336
84.898,1.47701,0.000434826
85.3061,1.48855,0.000438567
85.7143,1.49848,0.00044174
86.1224,1.50796,0.00044446
86.5306,1.51841,0.000448047
86.9388,1.52845,0.000451122
87.3469,1.54018,0.000454794
87.7551,1.55089,0.000458377
88.1633,1.56157,0.000461855
88.5714,1.57168,0.000465074
88.9796,1.58217,0.00046886
89.3878,1.59335,0.000472119
89.7959,1.60238,0.000475166
90.2041,1.61404,0.000478631
90.6122,1.6241,0.000482317
91.0204,1.6348,0.000485512
91.4286,1.64586,0.0004889
91.8367,1.65632,0.000492605
92.2449,1.66724,0.000495924
92.6531,1.67796,0.000499607
93.0612,1.68818,0.000503038
93.4694,1.69902,0.000506436
93.8776,1.71074,0.000510159
94.2857,1.72036,0.000513259
94.6939,1.73187,0.000517096
95.102,1.74154,0.000520208
95.5102,1.75237,0.000523849
95.9184,1.76376,0.000527752
96.3265,1.77435,0.0005309
96.7347,1.78633,0.000534729
97.1429,1.79638,0.000538145
97.551,1.80776,0.000541868
97.9592,1.8185,0.000545543
98.3673,1.82844,0.000548712
98.7755,1.84053,0.000552674
99.1837,1.85052,0.000555955
99.5918,1.86186,0.000559444
100.0,1.87288,0.000563374
100.816,1.89628,0.000570789
101.633,1.91674,0.000577418
102.449,1.93952,0.000585423
103.265,1.96112,0.000592386
104.082,1.98271,0.000599638
104.898,2.0066,0.000607334
105.714,2.02867,0.000614624
106.531,2.05074,0.000622294
107.347,2.0732,0.000629348
108.163,2.09597,0.000637157
108.98,2.11841,0.000644598
109.796,2.14062,0.00065173
110.612,2.16533,0.000659949
111.429,2.18638,0.000667067
112.245,2.20991,0.000674749
113.061,2.23341,0.000682621
113.878,2.25435,0.000689516
114.694,2.27753,0.000697581
115.51,2.30155,0.000705432
116.327,2.3242,0.000713641
117.143,2.34743,0.000721317
117.959,2.37037,0.000728679
118.776,2.39363,0.000736274
119.592,2.41725,0.000744512
120.408,2.4414,0.000752479
121.224,2.46417,0.000760404
122.041,2.48723,0.000768172
122.857,2.51197,0.000776758
123.673,2.53444,0.000784037
124.49,2.55902,0.000792739
125.306,2.58383,0.000800925
126.122,2.6059,0.000808405
126.939,2.62879,0.00081607
127.755,2.65308,0.000824421
128.571,2.67666,0.00083229
129.388,2.70034,0.000840793
130.204,2.72471,0.000849067
131.02,2.74926,0.000857591
131.837,2.77266,0.000865362
132.653,2.79695,0.000873635
133.469,2.82162,0.000881863
134.286,2.84578,0.000889927
135.102,2.87,0.000898132
135.918,2.89408,0.000906995
136.735,2.92065,0.000915842
137.551,2.94311,0.000923757
138.367,2.96695,0.000932206
139.184,2.99348,0.000941526
140.0,3.01623,0.000948995
140.816,3.04041,0.000957886
141.633,3.06538,0.000965895
142.449,3.08915,0.000974165
143.265,3.11508,0.000983399
144.082,3.13896,0.000991717
144.898,3.1627,0.000998769
145.714,3.18862,0.00100884
146.531,3.2128,0.00101702
147.347,3.23874,0.00102615
148.163,3.26168,0.00103411
148.98,3.28804,0.00104287
149.796,3.31353,0.00105253
150.612,3.33894,0.00106125
151.429,3.36265,0.00106928
152.245,3.38762,0.00107826
153.061,3.41412,0.00108715
153.878,3.43738,0.00109518
154.694,3.46342,0.00110471
155.51,3.48777,0.00111338
156.327,3.51335,0.00112222
157.143,3.54127,0.00113223
157.959,3.56723,0.00114176
158.776,3.5916,0.00114963
159.592,3.61633,0.00115834
160.408,3.64307,0.00116825
161.224,3.66503,0.00117601
162.041,3.69183,0.0011849
162.857,3.71789,0.00119447
163.673,3.7432,0.00120304
164.49,3.77103,0.00121328
165.306,3.79476,0.00122085
166.122,3.82256,0.00123147
166.939,3.84737,0.0012398
167.755,3.87316,0.00124877
168.571,3.89982,0.00125827
169.388,3.92537,0.00126761
170.204,3.95129,0.00127671
171.02,3.97647,0.00128553
171.837,4.00313,0.00129501
172.653,4.03219,0.00130497
173.469,4.05633,0.00131402
174.286,4.08049,0.00132218
175.102,4.11073,0.00133347
175.918,4.13529,0.00134244
176.735,4.16209,0.00135218
177.551,4.18945,0.00136154
178.367,4.21557,0.00137094
179.184,4.23759,0.00137892
180.0,4.26676,0.00138961
180.816,4.2952,0.00139901
181.633,4.32045,0.00140803
182.449,4.34491,0.00141824
183.265,4.36935,0.00142627
184.082,4.39878,0.00143681
184.898,4.42612,0.00144663
185.714,4.45122,0.00145633
186.531,4.47807,0.0014651
187.347,4.50353,0.00147431
188.163,4.53286,0.00148436
188.98,4.56241,0.00149645
189.796,4.5818,0.00150242
190.612,4.61483,0.00151382
191.429,4.63846,0.00152262
192.245,4.66828,0.0015343
193.061,4.69425,0.00154361
193.878,4.72349,0.00155404
194.694,4.7469,0.00156186
195.51,4.77587,0.0015724
196.327,4.80574,0.00158352
197.143,4.83323,0.00159402
197.959,4.8584,0.00160285
198.776,4.88362,0.00161121
199.592,4.90846,0.0016216
200.408,4.93996,0.00163201
201.224,4.96867,0.00164412
202.041,4.99509,0.00165377
202.857,5.01855,0.00166079
203.673,5.04396,0.0016699
204.49,5.07474,0.00168175
205.306,5.09987,0.00169115
206.122,5.12976,0.00170132
206.939,5.15834,0.00171302
207.755,5.1836,0.00172132
208.571,5.21005,0.0017319
209.388,5.23814,0.00174092
210.204,5.26831,0.00175249
211.02,5.2942,0.00176184
211.837,5.32134,0.00177212
212.653,5.35414,0.00178537
213.469,5.37905,0.00179349
214.286,5.40731,0.00180278
215.102,5.43579,0.00181347
215.918,5.46283,0.00182423
216.735,5.48874,0.00183378
217.551,5.51742,0.00184406
218.367,5.54396,0.00185391
219.184,5.57415,0.00186517
220.0,5.59752,0.00187439
221.633,5.6584,0.00189605
223.265,5.71641,0.00191784
224.898,5.77251,0.00193964
226.531,5.82214,0.0019574
228.163,5.88259,0.0019797
229.796,5.93944,0.00200126
231.429,5.9984,0.00202163
233.061,6.05382,0.0020444
234.694,6.11198,0.00206451
236.327,6.16413,0.00208319
237.959,6.21976,0.00210543
239.592,6.28268,0.00212686
241.224,6.33828,0.00214773
242.857,6.39448,0.00216955
244.49,6.45357,0.00219155
246.122,6.51154,0.00221485
247.755,6.56647,0.00223454
249.388,6.62668,0.00225451
251.02,6.6871,0.0022801
252.653,6.74488,0.0023022
254.286,6.80689,0.00232384
255.918,6.85971,0.00234405
257.551,6.91899,0.00236655
259.184,6.97707,0.00239026
260.816,7.03241,0.00241072
262.449,7.0914,0.00243212
264.082,7.14907,0.00245349
265.714,7.20816,0.0024766
267.347,7.26876,0.00249825
268.98,7.33098,0.00252458
270.612,7.38741,0.00254412
272.245,7.44587,0.00256803
273.878,7.50457,0.0025873
275.51,7.56328,0.00261169
277.143,7.62473,0.00263522
278.776,7.68449,0.00265643
280.408,7.74575,0.00267929
282.041,7.80446,0.00270464
283.673,7.86372,0.00272569
285.306,7.92667,0.00275171
286.939,7.98092,0.00277171
288.571,8.04033,0.00279377
290.204,8.10459,0.00281718
291.837,8.16521,0.00284272
293.469,8.22598,0.00286385
295.102,8.2877,0.00288874
296.735,8.34149,0.00291015
298.367,8.40578,0.00293217
300.0,8.46415,0.00295978
301.633,8.52927,0.00298136
303.265,8.59167,0.00300578
304.898,8.64935,0.00302771
306.531,8.70979,0.00305259
308.163,8.76856,0.00307589
309.796,8.83269,0.00309919
311.429,8.89088,0.00312305
313.061,8.96116,0.00315049
314.694,9.01735,0.00316824
316.327,9.07717,0.00319396
317.959,9.14407,0.00321827
319.592,9.19663,0.00324002
321.224,9.26599,0.00326891
322.857,9.31993,0.00328933
324.49,9.38432,0.00331657
326.122,9.44746,0.00333888
327.755,9.51262,0.00336699
329.388,9.56941,0.00338498
331.02,9.63387,0.00341112
332.653,9.69729,0.00343622
334.286,9.75925,0.00346148
335.918,9.82327,0.00348742
337.551,9.88118,0.00350867
339.184,9.9462,0.0035368
340.816,10.0128,0.00355868
342.449,10.0683,0.00358121
344.082,10.1336,0.00360699
345.714,10.2041,0.00363335
347.347,10.266,0.00366046
348.98,10.3247,0.00368328
350.612,10.3962,0.00371232
352.245,10.4521,0.00373228
353.878,10.5098,0.00375939
355.51,10.5739,0.00378084
357.143,10.6438,0.00380952
358.776,10.7013,0.003832
360.408,10.7597,0.00385745
362.041,10.8314,0.00388521
363.673,10.8886,0.00390589
365.306,10.9611,0.00393534
366.939,11.0224,0.00395772
368.571,11.088,0.00398457
370.204,11.1477,0.00400565
371.837,11.2124,0.00403363
373.469,11.2746,0.00405927
375.102,11.3476,0.00409031
376.735,11.4011,0.00410907
378.367,11.464,0.00413405
380.0,11.5329,0.00416398
382.449,11.6345,0.00420068
384.898,11.7251,0.0042383
387.347,11.8226,0.00427843
389.796,11.9245,0.00431553
392.245,12.0244,0.00436014
394.694,12.1176,0.00439788
397.143,12.2129,0.00443578
399.592,12.3175,0.00447611
402.041,12.4075,0.00451475
404.49,12.5033,0.00455077
406.939,12.6002,0.00459199
409.388,12.7007,0.00463181
411.837,12.8017,0.00467772
414.286,12.9071,0.00471676
416.735,12.9978,0.0047509
419.184,13.0969,0.00479377
421.633,13.1957,0.00483244
424.082,13.2984,0.00487112
426.531,13.3931,0.0049075
428.98,13.4967,0.00495221
431.429,13.5943,0.00499223
433.878,13.6927,0.00503269
436.327,13.7954,0.00507541
438.776,13.8881,0.00511477
441.224,13.9977,0.00516038
443.673,14.0977,0.00519673
446.122,14.1901,0.00523683
448.571,14.3008,0.00528817
451.02,14.3913,0.00532093
453.469,14.4961,0.00536184
455.918,14.5951,0.00540713
458.367,14.6915,0.00543363
460.816,14.7815,0.00547473
463.265,14.889,0.00552275
465.714,14.9993,0.00556502
468.163,15.0966,0.00560339
470.612,15.2029,0.00565285
473.061,15.2987,0.0056898
475.51,15.4018,0.00573719
477.959,15.5102,0.0057776
480.408,15.6033,0.00581083
482.857,15.6999,0.00585133
485.306,15.8137,0.0058965
487.755,15.9203,0.00594422
490.204,16.0164,0.00598596
492.653,16.1172,0.0060292
495.102,16.2268,0.00607808
497.551,16.327,0.00611417
500.0,16.4184,0.0061455
502.449,16.5321,0.00619921
504.898,16.6341,0.00624843
507.347,16.7317,0.00628188
509.796,16.8352,0.00632504
512.245,16.9465,0.0063716
514.694,17.0441,0.00640909
517.143,17.1518,0.00645771
519.592,17.2573,0.00650496
522.041,17.3575,0.00654647
524.49,17.4622,0.00659612
526.939,17.5637,0.00663135
529.388,17.6753,0.00667221
531.837,17.7806,0.00671975
534.286,17.8888,0.00676464
536.735,17.9736,0.00680816
539.184,18.0866,0.00684792
541.633,18.1894,0.00688616
544.082,18.2972,0.00692917
546.531,18.4083,0.00698398
548.98,18.5019,0.00702881
551.429,18.6083,0.00706558
553.878,18.7188,0.0071107
556.327,18.8247,0.00715659
558.776,18.9177,0.00719606
561.224,19.0306,0.00724283
563.673,19.1381,0.00729426
566.122,19.2367,0.00733706
568.571,19.3593,0.00738776
571.02,19.4519,0.00741882
573.469,19.551,0.00745624
575.918,19.6613,0.00751582
578.367,19.7765,0.00756376
580.816,19.8884,0.00761441
583.265,19.9753,0.00764409
585.714,20.0984,0.00769424
588.163,20.224,0.00775564
590.612,20.3001,0.00778457
593.061,20.4125,0.00782373
595.51,20.5149,0.00786659
597.959,20.6235,0.00791631
600.408,20.7438,0.00796879
602.857,20.8355,0.00801181
605.306,20.952,0.00806256
607.755,21.0657,0.00811343
610.204,21.1647,0.00815109
612.653,21.2596,0.00818783
615.102,21.3697,0.00824394
617.551,21.4883,0.0082856
620.0,21.5788,0.00832733
622.449,21.7093,0.00838357
624.898,21.8013,0.00842787
627.347,21.9015,0.00846687
629.796,22.0299,0.00852444
632.245,22.1528,0.00856862
634.694,22.2538,0.00861505
637.143,22.37,0.00867426
639.592,22.4627,0.00872012
642.041,22.5585,0.00875335
644.49,22.6918,0.00881698
646.939,22.7969,0.00883823
649.388,22.8901,0.00889004
651.837,22.993,0.00892479
654.286,23.1128,0.00899456
656.735,23.2133,0.00903506
659.184,23.3326,0.00907576
661.633,23.443,0.00913152
664.082,23.5355,0.0091518
666.531,23.6704,0.00922342
668.98,23.764,0.00925374
671.429,23.8786,0.00932247
673.878,23.9867,0.00935971
676.327,24.1053,0.00941764
678.776,24.2013,0.00944065
681.224,24.3134,0.00949659
683.673,24.4403,0.00955676
686.122,24.5357,0.0095979
688.571,24.6404,0.00964485
691.02,24.746,0.00970271
693.469,24.868,0.00974461
695.918,24.9726,0.00978609
698.367,25.0936,0.00984318
700.816,25.2171,0.00989905
703.265,25.3234,0.00992904
705.714,25.4286,0.00997972
708.163,25.5354,0.010021
710.612,25.64,0.0100871
713.061,25.7537,0.0101357
715.51,25.8725,0.010169
717.959,25.9688,0.0102229
720.408,26.0844,0.0102754
722.857,26.2094,0.0103358
725.306,26.2865,0.0103525
727.755,26.4097,0.0104178
730.204,26.5331,0.0104642
732.653,26.6326,0.0105206
735.102,26.7681,0.0105725
737.551,26.8522,0.0106055
740.0,26.989,0.0106925
743.265,27.1133,0.0107167
746.531,27.2796,0.010799
749.796,27.4283,0.0108616
753.061,27.57,0.0109137
756.327,27.7501,0.011014
759.592,27.8708,0.011057
762.857,28.0379,0.0111318
766.122,28.1672,0.0111945
769.388,28.3218,0.0112591
772.653,28.4793,0.0113121
775.918,28.6152,0.0113868
779.184,28.757,0.0114457
782.449,28.9345,0.0115319
785.714,29.0704,0.0115765
788.98,29.2122,0.0116529
792.245,29.3746,0.011724
795.51,29.5452,0.0117846
798.776,29.6715,0.011819
802.041,29.828,0.0119137
805.306,30.0098,0.0119998
808.571,30.1417,0.0120517
811.837,30.3125,0.012138
815.102,30.4334,0.0121755
818.367,30.6094,0.0122738
821.633,30.7705,0.0123524
824.898,30.8857,0.0123823
828.163,31.0317,0.0124557
831.429,31.1906,0.0125015
834.694,31.348,0.0126051
837.959,31.5322,0.0126735
841.224,31.6609,0.0127398
844.49,31.8308,0.0128167
847.755,31.9652,0.0128835
851.02,32.1147,0.0129427
854.286,32.2807,0.0129969
857.551,32.4386,0.0130638
860.816,32.6091,0.0131632
864.082,32.7103,0.0131754
867.347,32.9063,0.0132856
870.612,33.0725,0.0133634
873.878,33.2117,0.0134416
877.143,33.3592,0.0135109
880.408,33.52,0.0135655
883.673,33.667,0.0136402
886.939,33.8358,0.0137196
890.204,33.9739,0.0137605
893.469,34.1149,0.0138152
896.735,34.3099,0.0139085
900.0,34.4553,0.0139737
903.265,34.6215,0.0140542
906.531,34.7625,0.0141029
909.796,34.927,0.0142132
913.061,35.0937,0.0142608
916.327,35.2306,0.0143363
919.592,35.3856,0.014405
922.857,35.531,0.0144493
926.122,35.6709,0.0145206
929.388,35.8427,0.0146137
932.653,35.989,0.0146738
935.918,36.1334,0.0147474
939.184,36.304,0.0148371
942.449,36.4633,0.0148759
945.714,36.6155,0.0149255
948.98,36.7713,0.0150058
952.245,36.9422,0.0151339
955.51,37.1033,0.0151892
958.776,37.2394,0.0152279
962.041,37.4146,0.0152925
965.306,37.5733,0.0154107
968.571,37.7426,0.0154745
971.837,37.894,0.0155364
975.102,38.0174,0.01557
978.367,38.2413,0.0157084
981.633,38.3349,0.0157171
984.898,38.5396,0.0158411
988.163,38.6324,0.0158793
991.429,38.8587,0.0159835
994.694,38.9845,0.0160401
997.959,39.1098,0.016094
1001.22,39.3017,0.0161685
1004.49,39.4521,0.0162302
1007.76,39.6337,0.0163277
1011.02,39.795,0.016417
1014.29,39.9594,0.0164843
1017.55,40.1126,0.0165796
1020.82,40.2817,0.0166266
1024.08,40.4362,0.0167084
1027.35,40.5673,0.0167462
1030.61,40.7147,0.0168169
1033.88,40.8985,0.0169141
1037.14,41.072,0.01699
1040.41,41.2124,0.0170651
1043.67,41.3455,0.0170917
1046.94,41.5553,0.0172246
1050.2,41.7225,0.0172859
1053.47,41.8277,0.0173267
1056.73,41.9953,0.0174202
1060.0,42.1555,0.017483
1064.9,42.421,0.0175911
1069.8,42.6716,0.0177293
1074.69,42.917,0.0178374
1079.59,43.1211,0.0179177
1084.49,43.3829,0.018036
1089.39,43.5938,0.0181323
1094.29,43.877,0.0182653
1099.18,44.1223,0.0183966
1104.08,44.3613,0.0185237
1108.98,44.6036,0.0186148
1113.88,44.8305,0.0187099
1118.78,45.0409,0.0188273
1123.67,45.3346,0.0189359
1128.57,45.5813,0.0190727
1133.47,45.8419,0.0191863
1138.37,46.0481,0.0192772
1143.27,46.3098,0.019405
1148.16,46.5736,0.0195242
1153.06,46.8272,0.0196549
1157.96,47.0246,0.0197506
1162.86,47.2421,0.0198368
1167.76,47.5183,0.0199742
1172.65,47.7709,0.0200994
1177.55,47.9884,0.0201799
1182.45,48.2353,0.0202793
1187.35,48.4981,0.0204271
1192.24,48.7402,0.0205378
1197.14,48.9881,0.0206441
1202.04,49.2448,0.0208105
1206.94,49.4661,0.020887
1211.84,49.7287,0.0209934
1216.73,49.9619,0.0211149
1221.63,50.1953,0.0211935
1226.53,50.4728,0.0213493
1231.43,50.7625,0.0214978
1236.33,50.9578,0.0215367
1241.22,51.2095,0.0217041
1246.12,51.4835,0.0218024
1251.02,51.7258,0.0218997
1255.92,51.9587,0.022031
1260.82,52.2127,0.0221618
1265.71,52.4273,0.0222656
1270.61,52.7222,0.0223725
1275.51,52.9223,0.0225205
1280.41,53.2072,0.0226368
1285.31,53.4416,0.0227598
1290.2,53.7235,0.0229128
1295.1,53.9463,0.0229477
1300.0,54.225,0.0231556
1304.9,54.4485,0.0231938
1309.8,54.6924,0.0233469
1314.69,54.9387,0.0234789
1319.59,55.2045,0.0235495
1324.49,55.4516,0.0237053
1329.39,55.7529,0.0238701
1334.29,55.9673,0.0239798
1339.18,56.1868,0.0240384
1344.08,56.418,0.0241542
1348.98,56.7404,0.0242929
1353.88,56.9988,0.0244685
1358.78,57.182,0.0245329
1363.67,57.4721,0.0246621
1368.57,57.7146,0.0248076
1373.47,57.933,0.0248877
1378.37,58.2224,0.0249982
1383.27,58.4966,0.0251631
1388.16,58.7107,0.0252204
1393.06,58.9472,0.025335
1397.96,59.2322,0.0254802
1402.86,59.4973,0.0255994
1407.76,59.7041,0.0256705
1412.65,59.987,0.0258337
1417.55,60.2471,0.0259128
1422.45,60.4783,0.0260688
1427.35,60.7502,0.0262451
1432.24,60.9869,0.0263203
1437.14,61.239,0.0264212
1442.04,61.5444,0.0265649
1446.94,61.7096,0.0266225
1451.84,62.0085,0.0268087
1456.73,62.2265,0.026932
1461.63,62.5122,0.0271244
1466.53,62.8006,0.0272172
1471.43,63.0741,0.0272889
1476.33,63.3239,0.0274783
1481.22,63.55,0.0274975
1486.12,63.7961,0.0276957
1491.02,64.0676,0.0277715
1495.92,64.3536,0.0279603
1500.82,64.5787,0.0280447
1505.71,64.8499,0.0281601
1510.61,65.1012,0.0282543
1515.51,65.2874,0.0284058
1520.41,65.537,0.0285011
1525.31,65.8602,0.0286348
1530.2,66.1315,0.028839
1535.1,66.3317,0.0289492
1540.0,66.6618,0.0291145
1547.35,67.0312,0.0292892
1554.69,67.4002,0.0294733
1562.04,67.8067,0.0296221
1569.39,68.1528,0.0298291
1576.73,68.5769,0.0300244
1584.08,68.9625,0.0301479
1591.43,69.2898,0.0302884
1598.78,69.7176,0.0305148
1606.12,70.0566,0.0306675
1613.47,70.4718,0.030903
1620.82,70.9609,0.0311806
1628.16,71.2886,0.031318
1635.51,71.6438,0.0314708
1642.86,72.1081,0.0317071
1650.2,72.4907,0.0318618
1657.55,72.839,0.0320479
1664.9,73.2061,0.0322067
1672.24,73.6415,0.0323749
1679.59,74.0261,0.0326281
1686.94,74.414,0.0328317
1694.29,74.8203,0.0329766
1701.63,75.2173,0.0332883
1708.98,75.6155,0.0333742
1716.33,75.9728,0.0336018
1723.67,76.4361,0.0338098
1731.02,76.7942,0.0339302
1738.37,77.1141,0.0341149
1745.71,77.5967,0.0344272
1753.06,78.0003,0.0346259
1760.41,78.3464,0.0346722
1767.76,78.7696,0.0349431
1775.1,79.1325,0.0350539
1782.45,79.5824,0.035344
1789.8,79.9664,0.035609
1797.14,80.427,0.0358784
1804.49,80.7492,0.0358856
1811.84,81.1248,0.0360598
1819.18,81.531,0.0363064
1826.53,81.9594,0.03653
1833.88,82.4427,0.0367355
1841.22,82.7213,0.0368284
1848.57,83.1309,0.0370613
1855.92,83.5134,0.0372869
1863.27,83.9466,0.0375244
1870.61,84.2576,0.037636
1877.96,84.759,0.0378598
1885.31,85.0853,0.038062
1892.65,85.5563,0.0383251
1900.0,85.9318,0.0385533
1907.35,86.3239,0.0387164
1914.69,86.7875,0.0389958
1922.04,87.1974,0.039189
1929.39,87.5366,0.0392013
1936.73,87.9622,0.0395601
1944.08,88.3465,0.0397272
1951.43,88.7895,0.0399441
1958.78,89.1292,0.0401446
1966.12,89.5745,0.0402274
1973.47,89.9453,0.0404757
1980.82,90.3948,0.0406788
1988.16,90.7845,0.04093
1995.51,91.2291,0.0412204
2002.86,91.5827,0.0413357
2010.2,91.9472,0.0414994
2017.55,92.3295,0.0416507
2024.9,92.7722,0.0418632
2032.24,93.1818,0.0421142
2039.59,93.5569,0.0423515
2046.94,94.0751,0.0425644
2054.29,94.4315,0.042728
2061.63,94.7599,0.0428955
2068.98,95.2756,0.0431034
2076.33,95.6198,0.0433482
2083.67,96.0027,0.0434684
2091.02,96.3767,0.0438072
2098.37,96.9299,0.0439882
2105.71,97.3258,0.0441935
2113.06,97.6404,0.0443767
2120.41,98.0869,0.0444538
2127.76,98.5153,0.0447503
2135.1,98.9819,0.0450146
2142.45,99.3458,0.0453398
2149.8,99.6988,0.0452815
2157.14,100.116,0.0456446
2164.49,100.522,0.0457768
2171.84,100.912,0.0459734
2179.18,101.46,0.0463145
2186.53,101.784,0.0464411
2193.88,102.205,0.046644
2201.22,102.523,0.0467853
2208.57,103.053,0.0470717
2215.92,103.38,0.0471551
2223.27,103.768,0.0472834
2230.61,104.149,0.0477158
2237.96,104.622,0.0478165
2245.31,105.04,0.0481073
2252.65,105.441,0.0481911
2260.0,105.958,0.0486239
2271.02,106.5,0.048975
2282.04,107.152,0.0491076
2293.06,107.797,0.0494298
2304.08,108.331,0.0498109
2315.1,108.99,0.050106
2326.12,109.586,0.0503844
2337.14,110.209,0.0506762
2348.16,110.839,0.0510032
2359.18,111.507,0.0514371
2370.2,112.152,0.0517401
2381.22,112.68,0.0519166
2392.24,113.293,0.0522705
2403.27,113.934,0.0524804
2414.29,114.589,0.0528592
2425.31,115.285,0.0533145
2436.33,115.73,0.0535797
2447.35,116.453,0.0539566
2458.37,117.114,0.0541403
2469.39,117.673,0.0545809
2480.41,118.314,0.0549057
2491.43,119.053,0.0554356
2502.45,119.658,0.0555431
2513.47,120.144,0.0556726
2524.49,120.935,0.0561991
2535.51,121.498,0.0564796
2546.53,122.112,0.0566788
2557.55,122.83,0.0573302
2568.57,123.493,0.0577039
2579.59,123.977,0.0577381
2590.61,124.73,0.0582806
2601.63,125.324,0.0584031
2612.65,125.952,0.0590019
2623.67,126.701,0.0590698
2634.69,127.15,0.0593672
2645.71,127.811,0.059756
2656.73,128.479,0.0599508
2667.76,129.069,0.0604358
2678.78,129.772,0.0605181
2689.8,130.44,0.0609896
2700.82,131.015,0.0613865
2711.84,131.677,0.0617818
2722.86,132.306,0.0620731
2733.88,133.017,0.0624967
2744.9,133.516,0.0625503
2755.92,134.27,0.0632198
2766.94,135.015,0.0636998
2777.96,135.457,0.063664
2788.98,136.025,0.0637423
2800.0,136.828,0.0645172
2814.29,137.541,0.0646418
2828.57,138.468,0.0651915
2842.86,139.413,0.0660052
2857.14,140.179,0.0663481
2871.43,140.811,0.0664322
2885.71,141.944,0.0672658
2900.0,142.594,0.0674583
2914.29,143.47,0.0678595
2928.57,144.288,0.0683306
2942.86,145.063,0.0686842
2957.14,146.042,0.0691534
2971.43,146.817,0.0695726
2985.71,147.678,0.0699656
3000.0,148.452,0.0704501
3014.29,149.305,0.0709262
3028.57,150.213,0.0712459
3042.86,151.05,0.0718773
3057.14,151.862,0.0721867
3071.43,152.688,0.0729195
3085.71,153.611,0.0730588
3100.0,154.215,0.0732947
3114.29,155.363,0.0742669
3128.57,155.978,0.0743294
3142.86,156.858,0.0750492
3157.14,157.76,0.0755232
3171.43,158.707,0.0760415
3185.71,159.482,0.0763274
3200.0,160.327,0.076887
3214.29,161.257,0.077169
3228.57,161.868,0.0773216
3242.86,162.826,0.0778559
3257.14,163.787,0.0785935
3271.43,164.487,0.0790062
3285.71,165.635,0.0796318
3300.0,166.249,0.0800345
3314.29,167.1,0.0803387
3328.57,167.851,0.0803116
3342.86,168.863,0.0813331
3357.14,169.66,0.0817661
3371.43,170.471,0.0818788
3385.71,171.537,0.0828258
3400.0,172.369,0.0832694
3414.29,173.322,0.0837584
3428.57,173.963,0.0840348
3442.86,174.826,0.0844111
3457.14,175.693,0.0851758
3471.43,176.465,0.0851401
3485.71,177.431,0.0860898
3500.0,178.255,0.0863997
3520.41,179.536,0.0867932
3540.82,180.51,0.0868998
3561.22,182.037,0.0885358
3581.63,183.281,0.088991
3602.04,184.551,0.0896062
3622.45,185.655,0.0904307
3642.86,186.922,0.0907631
3663.27,188.136,0.0913871
3683.67,189.263,0.0922072
3704.08,190.644,0.0929636
3724.49,191.897,0.0940189
3744.9,193.146,0.0945218
3765.31,194.637,0.0951228
3785.71,195.63,0.0955865
3806.12,196.955,0.0963566
3826.53,198.09,0.0969014
3846.94,199.393,0.097689
3867.35,200.563,0.0985895
3887.76,201.866,0.0989329
3908.16,203.123,0.100128
3928.57,204.434,0.100079
3948.98,205.441,0.100913
3969.39,206.986,0.10169
3989.8,207.864,0.102029
4010.2,209.444,0.103101
4030.61,210.531,0.103561
4051.02,211.912,0.104773
4071.43,212.998,0.104958
4091.84,214.32,0.105484
4112.24,215.429,0.106221
4132.65,217.162,0.107494
4153.06,218.224,0.108373
4173.47,219.291,0.108349
4193.88,220.846,0.109472
4214.29,221.913,0.109764
4234.69,223.401,0.110894
4255.1,224.535,0.111018
4275.51,225.632,0.111513
4295.92,227.012,0.112559
4316.33,228.212,0.11317
4336.73,229.633,0.114155
4357.14,230.929,0.114963
4377.55,232.022,0.116033
4397.96,233.319,0.116202
4418.37,234.594,0.116634
4438.78,236.121,0.118226
4459.18,237.305,0.118416
4479.59,238.384,0.118411
4500.0,239.686,0.119487
4530.61,241.697,0.121343
4561.22,243.462,0.121545
4591.84,245.603,0.12266
4622.45,247.368,0.123553
4653.06,249.141,0.124472
4683.67,251.384,0.125892
4714.29,253.217,0.127463
4744.9,255.255,0.128748
4775.51,257.017,0.129034
4806.12,258.857,0.130422
4836.73,260.808,0.1317
4867.35,262.839,0.1326
4897.96,264.831,0.132951
4928.57,266.849,0.13498
4959.18,268.914,0.136434
4989.8,270.37,0.13696
5020.41,272.794,0.138541
5051.02,274.796,0.139304
5081.63,276.443,0.139972
5112.24,278.53,0.141685
5142.86,280.029,0.141911
5173.47,282.471,0.143104
5204.08,284.399,0.145059
5234.69,286.178,0.145791
5265.31,288.23,0.147154
5295.92,290.18,0.148323
5326.53,292.214,0.149688
5357.14,293.956,0.149377
5387.76,296.185,0.150931
5418.37,298.066,0.153179
5448.98,300.16,0.153396
5479.59,302.145,0.15513
5510.2,303.991,0.154966
5540.82,306.048,0.156965
5571.43,308.26,0.158825
5602.04,309.707,0.1585
5632.65,311.799,0.159657
5663.27,313.98,0.1615
5693.88,315.85,0.162284
5724.49,317.91,0.16311
5755.1,319.664,0.164036
5785.71,321.753,0.165606
5816.33,324.038,0.1666
5846.94,325.684,0.168061
5877.55,327.767,0.169046
5908.16,329.702,0.170274
5938.78,331.956,0.171741
5969.39,333.82,0.172649
6000.0,335.717,0.174319
6040.82,338.487,0.174286
6081.63,341.229,0.175813
6122.45,343.603,0.178019
6163.27,346.692,0.180599
6204.08,349.006,0.181522
6244.9,351.635,0.181695
6285.71,354.407,0.1842
6326.53,357.177,0.185785
6367.35,360.069,0.187599
6408.16,362.519,0.189176
6448.98,365.171,0.189762
6489.8,367.957,0.191635
6530.61,370.842,0.193497
6571.43,373.463,0.196157
6612.24,376.615,0.197684
6653.06,378.567,0.198042
6693.88,381.315,0.199882
6734.69,384.202,0.20079
6775.51,387.011,0.203813
6816.33,390.082,0.205236
6857.14,392.337,0.20596
6897.96,395.068,0.207163
6938.78,397.614,0.209212
6979.59,400.188,0.209562
7020.41,403.494,0.211787
7061.22,405.966,0.215506
7102.04,409.023,0.216562
7142.86,411.37,0.217154
7183.67,413.925,0.218637
7224.49,416.672,0.219726
7265.31,419.845,0.222461
7306.12,422.438,0.223636
7346.94,425.222,0.224962
7387.76,428.012,0.227089
7428.57,430.127,0.228048
7469.39,433.241,0.230449
7510.2,436.007,0.232425
7551.02,438.862,0.232879
7591.84,441.966,0.23519
7632.65,444.304,0.235022
7673.47,447.613,0.238727
7714.29,450.166,0.24028
7755.1,452.032,0.240003
7795.92,455.356,0.242249
7836.73,458.0,0.245448
7877.55,460.944,0.246476
7918.37,463.976,0.249022
7959.18,466.551,0.24999
8000.0,469.217,0.25026
8040.82,471.872,0.251805
8081.63,474.512,0.255271
8122.45,477.7,0.256051
8163.27,480.762,0.25787
8204.08,483.022,0.260236
8244.9,486.052,0.259885
8285.71,488.713,0.262815
8326.53,491.919,0.265885
8367.35,493.84,0.265216
8408.16,497.315,0.26737
8448.98,500.213,0.271533
8489.8,503.007,0.271621
8530.61,505.857,0.274332
8571.43,508.779,0.274398
8612.24,511.266,0.276252
8653.06,513.259,0.27791
8693.88,516.466,0.278934
8734.69,519.677,0.281517
8775.51,522.156,0.284116
8816.33,525.014,0.284082
8857.14,527.86,0.284246
8897.96,530.849,0.289569
8938.78,533.391,0.289182
8979.59,535.961,0.29202
9020.41,539.355,0.29312
9061.22,541.718,0.293798
9102.04,544.542,0.294964
9142.86,547.373,0.295572
9183.67,550.264,0.299374
9224.49,553.691,0.302792
9265.31,555.709,0.30286
9306.12,559.168,0.304868
9346.94,561.65,0.30793
9387.76,564.479,0.308938
9428.57,567.451,0.311097
9469.39,570.223,0.310009
9510.2,573.204,0.312932
9551.02,576.289,0.315189
9591.84,578.879,0.316199
9632.65,581.322,0.31857
9673.47,585.048,0.322735
9714.29,587.315,0.323195
9755.1,590.333,0.324602
9795.92,592.842,0.324584
9836.73,596.182,0.32884
9877.55,598.972,0.328723
9918.37,602.346,0.332924
9959.18,604.889,0.333159
10000.0,607.03,0.3358
