0 1
0.025 0.998722
0.05 0.994896
0.075 0.988548
0.1 0.97972
0.125 0.968473
0.15 0.954882
0.175 0.939035
0.2 0.921039
0.225 0.901009
0.25 0.879076
0.275 0.855377
0.3 0.830062
0.325 0.803287
0.35 0.775214
0.375 0.746009
0.4 0.715841
0.425 0.684882
0.45 0.653303
0.475 0.621273
0.5 0.588958
0.525 0.55652
0.55 0.524117
0.575 0.4919
0.6 0.460011
0.625 0.428585
0.65 0.397747
0.675 0.367615
0.7 0.338294
0.725 0.309879
0.75 0.282455
0.775 0.256095
0.8 0.230864
0.825 0.206812
0.85 0.183981
0.875 0.162402
0.9 0.142097
0.925 0.123075
0.95 0.105341
0.975 0.0888876
1 0.0737007
1.025 0.0597592
1.05 0.0470348
1.075 0.0354937
1.1 0.0250966
1.125 0.0157995
1.15 0.00755455
1.175 0.000310718
1.2 -0.00598573
1.225 -0.0113905
1.25 -0.0159607
1.275 -0.0197542
1.3 -0.0228293
1.325 -0.025244
1.35 -0.0270557
1.375 -0.0283208
1.4 -0.0290943
1.425 -0.0294292
1.45 -0.0293769
1.475 -0.0289862
1.5 -0.0283037
1.525 -0.0273732
1.55 -0.0262359
1.575 -0.0249301
1.6 -0.0234913
1.625 -0.021952
1.65 -0.0203421
1.675 -0.0186882
1.7 -0.0170145
1.725 -0.0153424
1.75 -0.0136905
1.775 -0.0120752
1.8 -0.0105103
1.825 -0.00900737
1.85 -0.00757595
1.875 -0.00622359
1.9 -0.00495605
1.925 -0.00377741
1.95 -0.00269027
1.975 -0.00169588
2 -0.000794273
2.025 1.55564e-005
2.05 0.000735538
2.075 0.00136839
2.1 0.00191748
2.125 0.00238673
2.15 0.00278049
2.175 0.00310342
2.2 0.00336045
2.225 0.00355662
2.25 0.00369709
2.275 0.00378698
2.3 0.00383138
2.325 0.00383528
2.35 0.00380349
2.375 0.00374066
2.4 0.00365121
2.425 0.0035393
2.45 0.00340886
2.475 0.00326351
2.5 0.00310661
2.525 0.00294123
2.55 0.00277014
2.575 0.00259584
2.6 0.00242053
2.625 0.00224618
2.65 0.00207445
2.675 0.0019068
2.7 0.00174444
2.725 0.00158835
2.75 0.00143935
2.775 0.00129803
2.8 0.00116485
2.825 0.00104009
2.85 0.000923918
2.875 0.000816364
2.9 0.000717367
2.925 0.00062677
2.95 0.000544342
2.975 0.000469789
3 0.000402766
3.025 0.000342888
3.05 0.00028974
3.075 0.000242885
3.1 0.000201874
3.125 0.000166255
3.15 0.000135574
3.175 0.000109385
3.2 8.72532e-005
3.225 6.87581e-005
3.25 5.34985e-005
3.275 4.10935e-005
3.3 3.11852e-005
3.325 2.34396e-005
3.35 1.75477e-005
3.375 1.32259e-005
3.4 1.02159e-005
3.425 8.2843e-006
3.45 7.22231e-006
3.475 6.84461e-006
3.5 6.9884e-006
3.525 7.51221e-006
3.55 8.29455e-006
3.575 9.23255e-006
3.6 1.02404e-005
3.625 1.1248e-005
3.65 1.21995e-005
3.675 1.30514e-005
3.7 1.37719e-005
3.725 1.43387e-005
3.75 1.47383e-005
3.775 1.49644e-005
3.8 1.50169e-005
3.825 1.49007e-005
3.85 1.46249e-005
3.875 1.42017e-005
3.9 1.36457e-005
3.925 1.2973e-005
3.95 1.2201e-005
3.975 1.13475e-005
4 1.043e-005
4.025 9.46589e-006
4.05 8.47184e-006
4.075 7.46344e-006
4.1 6.45513e-006
4.125 5.46001e-006
4.15 4.48977e-006
4.175 3.55461e-006
4.2 2.66323e-006
4.225 1.82282e-006
4.25 1.03914e-006
4.275 3.16556e-007
4.3 -3.41895e-007
4.325 -9.34379e-007
4.35 -1.46018e-006
4.375 -1.9196e-006
4.4 -2.3138e-006
4.425 -2.64476e-006
4.45 -2.91509e-006
4.475 -3.12796e-006
4.5 -3.28696e-006
4.525 -3.39605e-006
4.55 -3.45941e-006
4.575 -3.48138e-006
4.6 -3.46637e-006
4.625 -3.41879e-006
4.65 -3.34299e-006
4.675 -3.24319e-006
4.7 -3.12348e-006
4.725 -2.98769e-006
4.75 -2.83946e-006
4.775 -2.68214e-006
4.8 -2.51882e-006
4.825 -2.3523e-006
4.85 -2.18507e-006
4.875 -2.01933e-006
4.9 -1.85701e-006
4.925 -1.69972e-006
4.95 -1.54882e-006
4.975 -1.4054e-006
5 -1.27031e-006
5.025 -1.14419e-006
5.05 -1.02743e-006
5.075 -9.20286e-007
5.1 -8.22799e-007
5.125 -7.34888e-007
5.15 -6.56335e-007
5.175 -5.86814e-007
5.2 -5.25909e-007
5.225 -4.7313e-007
5.25 -4.27932e-007
5.275 -3.89726e-007
5.3 -3.57897e-007
5.325 -3.31818e-007
5.35 -3.10854e-007
5.375 -2.94382e-007
5.4 -2.81792e-007
5.425 -2.72496e-007
5.45 -2.6594e-007
5.475 -2.61598e-007
5.5 -2.58987e-007
5.525 -2.57662e-007
5.55 -2.57222e-007
5.575 -2.57308e-007
5.6 -2.57606e-007
5.625 -2.57845e-007
5.65 -2.57796e-007
5.675 -2.57269e-007
5.7 -2.56114e-007
5.725 -2.54217e-007
5.75 -2.51495e-007
5.775 -2.47898e-007
5.8 -2.43402e-007
5.825 -2.38008e-007
5.85 -2.31738e-007
5.875 -2.24633e-007
5.9 -2.16748e-007
5.925 -2.08151e-007
5.95 -1.98921e-007
5.975 -1.89144e-007
6 -1.7891e-007
6.025 -1.68312e-007
6.05 -1.57445e-007
6.075 -1.46402e-007
6.1 -1.35275e-007
6.125 -1.24152e-007
6.15 -1.13115e-007
6.175 -1.02242e-007
6.2 -9.16046e-008
6.225 -8.12665e-008
6.25 -7.12852e-008
6.275 -6.17102e-008
6.3 -5.25841e-008
6.325 -4.39415e-008
6.35 -3.58102e-008
6.375 -2.82107e-008
6.4 -2.11568e-008
6.425 -1.46562e-008
6.45 -8.7104e-009
6.475 -3.31581e-009
6.5 1.5362e-009
6.525 5.85854e-009
6.55 9.66796e-009
6.575 1.29845e-008
6.6 1.58309e-008
6.625 1.82322e-008
6.65 2.02151e-008
6.675 2.18077e-008
6.7 2.30389e-008
6.725 2.3938e-008
6.75 2.45344e-008
6.775 2.48574e-008
6.8 2.49355e-008
6.825 2.47966e-008
6.85 2.44674e-008
6.875 2.39736e-008
6.9 2.33394e-008
6.925 2.25875e-008
6.95 2.17392e-008
6.975 2.08139e-008
7 1.98296e-008
7.025 1.88025e-008
7.05 1.77472e-008
7.075 1.66767e-008
7.1 1.56022e-008
7.125 1.45338e-008
7.15 1.34798e-008
7.175 1.24474e-008
7.2 1.14423e-008
7.225 1.04693e-008
7.25 9.53206e-009
7.275 8.63315e-009
7.3 7.77445e-009
7.325 6.95702e-009
7.35 6.18129e-009
7.375 5.44714e-009
7.4 4.75398e-009
7.425 4.10085e-009
7.45 3.48651e-009
7.475 2.90947e-009
7.5 2.3681e-009
7.525 1.86068e-009
7.55 1.38544e-009
7.575 9.40616e-010
7.6 5.24485e-010
7.625 1.35396e-010
7.65 -2.28203e-010
7.675 -5.67745e-010
7.7 -8.84534e-010
7.725 -1.17973e-009
7.75 -1.45436e-009
7.775 -1.70929e-009
7.8 -1.94528e-009
7.825 -2.16294e-009
7.85 -2.36278e-009
7.875 -2.54519e-009
7.9 -2.7105e-009
7.925 -2.85894e-009
7.95 -2.99073e-009
7.975 -3.10601e-009
8 -3.20494e-009
8.025 -3.28765e-009
8.05 -3.3543e-009
8.075 -3.40507e-009
8.1 -3.44021e-009
8.125 -3.45999e-009
8.15 -3.46475e-009
8.175 -3.45493e-009
8.2 -3.43102e-009
8.225 -3.39359e-009
8.25 -3.34331e-009
8.275 -3.28092e-009
8.3 -3.20723e-009
8.325 -3.12314e-009
8.35 -3.02959e-009
8.375 -2.92761e-009
8.4 -2.81825e-009
8.425 -2.7026e-009
8.45 -2.58181e-009
8.475 -2.45699e-009
8.5 -2.3293e-009
8.525 -2.19987e-009
8.55 -2.0698e-009
8.575 -1.94017e-009
8.6 -1.81202e-009
8.625 -1.6863e-009
8.65 -1.56393e-009
8.675 -1.44574e-009
8.7 -1.33247e-009
8.725 -1.2248e-009
8.75 -1.12327e-009
8.775 -1.02837e-009
8.8 -9.40467e-010
8.825 -8.59832e-010
8.85 -7.8664e-010
8.875 -7.2097e-010
8.9 -6.62805e-010
8.925 -6.12042e-010
8.95 -5.68491e-010
8.975 -5.31882e-010
9 -5.01878e-010
9.025 -4.78073e-010
9.05 -4.60009e-010
9.075 -4.47177e-010
9.1 -4.3903e-010
9.125 -4.34994e-010
9.15 -4.34469e-010
9.175 -4.36844e-010
9.2 -4.41505e-010
9.225 -4.47839e-010
9.25 -4.55246e-010
9.275 -4.63143e-010
9.3 -4.70974e-010
9.325 -4.78211e-010
9.35 -4.84367e-010
9.375 -4.88992e-010
9.4 -4.91685e-010
9.425 -4.92095e-010
9.45 -4.89922e-010
9.475 -4.84921e-010
9.5 -4.769e-010
9.525 -4.65728e-010
9.55 -4.51325e-010
9.575 -4.33668e-010
9.6 -4.12786e-010
9.625 -3.8876e-010
9.65 -3.61717e-010
9.675 -3.31831e-010
9.7 -2.99314e-010
9.725 -2.64417e-010
9.75 -2.27421e-010
9.775 -1.88634e-010
9.8 -1.48384e-010
9.825 -1.07016e-010
9.85 -6.48823e-011
9.875 -2.23384e-011
9.9 2.02629e-011
9.925 6.25779e-011
9.95 1.04278e-010
9.975 1.45054e-010
10 1.84624e-010

