0.0,0.0,0.0
0.000204082,0.0,0.0
0.000408163,0.0,0.0
0.000612245,0.0,0.0
0.000816327,0.0,0.0
0.00102041,0.0,0.0
0.00122449,4.70373e-12,2.61199e-15
0.00142857,1.00424e-10,5.65053e-14
0.00163265,5.41957e-10,3.1627e-13
0.00183673,1.69693e-09,1.03212e-12
0.00204082,3.97505e-09,2.5192e-12
0.0022449,7.76008e-09,5.12181e-12
0.00244898,1.34561e-08,9.22031e-12
0.00265306,2.14442e-08,1.5257e-11
0.00285714,3.19606e-08,2.35495e-11
0.00306122,4.53426e-08,3.45899e-11
0.00326531,6.18606e-08,4.87011e-11
0.00346939,8.1665e-08,6.63328e-11
0.00367347,1.04747e-07,8.76944e-11
0.00387755,1.31938e-07,1.13663e-10
0.00408163,1.62768e-07,1.441e-10
0.00428571,1.97828e-07,1.79993e-10
0.0044898,2.37559e-07,2.2148e-10
0.00469388,2.80968e-07,2.68927e-10
0.00489796,3.28559e-07,3.21969e-10
0.00510204,3.80549e-07,3.80854e-10
0.00530612,4.38418e-07,4.48899e-10
0.0055102,4.99429e-07,5.21517e-10
0.00571429,5.66212e-07,6.04236e-10
0.00591837,6.38355e-07,6.93695e-10
0.00612245,7.13451e-07,7.89807e-10
0.00632653,7.95285e-07,8.98463e-10
0.00653061,8.7986e-07,1.01019e-09
0.00673469,9.72427e-07,1.1352e-09
0.00693878,1.07067e-06,1.27269e-09
0.00714286,1.17321e-06,1.41503e-09
0.00734694,1.27873e-06,1.56772e-09
0.00755102,1.38799e-06,1.72796e-09
0.0077551,1.50486e-06,1.90168e-09
0.00795918,1.63101e-06,2.08975e-09
0.00816327,1.75738e-06,2.28566e-09
0.00836735,1.88996e-06,2.49295e-09
0.00857143,2.02841e-06,2.70974e-09
0.00877551,2.17986e-06,2.94662e-09
0.00897959,2.32828e-06,3.19616e-09
0.00918367,2.48425e-06,3.44266e-09
0.00938776,2.64276e-06,3.71008e-09
0.00959184,2.81086e-06,3.99093e-09
0.00979592,2.98845e-06,4.2962e-09
0.01,3.16189e-06,4.59501e-09
0.0118367,5.01178e-06,7.96743e-09
0.0136735,7.33564e-06,1.25844e-08
0.0155102,1.0096e-05,1.83449e-08
0.0173469,1.33879e-05,2.56326e-08
0.0191837,1.71616e-05,3.44246e-08
0.0210204,2.1325e-05,4.44646e-08
0.0228571,2.5963e-05,5.57813e-08
0.0246939,3.10666e-05,6.86427e-08
0.0265306,3.6583e-05,8.19609e-08
0.0283673,4.29595e-05,9.89894e-08
0.0302041,4.93077e-05,1.14177e-07
0.0320408,5.63909e-05,1.32477e-07
0.0338776,6.39611e-05,1.51184e-07
0.0357143,7.14949e-05,1.69822e-07
0.037551,7.99087e-05,1.90287e-07
0.0393878,8.85967e-05,2.11832e-07
0.0412245,9.74317e-05,2.30734e-07
0.0430612,0.000106872,2.5241e-07
0.044898,0.000117233,2.75019e-07
0.0467347,0.000127604,2.96473e-07
0.0485714,0.000138172,3.17777e-07
0.0504082,0.000149733,3.47258e-07
0.0522449,0.000160916,3.66132e-07
0.0540816,0.000171785,3.88549e-07
0.0559184,0.0001851,4.133e-07
0.0577551,0.000197649,4.35574e-07
0.0595918,0.000210962,4.6248e-07
0.0614286,0.000223662,4.87537e-07
0.0632653,0.000237644,5.10648e-07
0.065102,0.000251883,5.40294e-07
0.0669388,0.000265929,5.63299e-07
0.0687755,0.00028027,5.8089e-07
0.0706122,0.000295818,6.09973e-07
0.072449,0.000310697,6.38221e-07
0.0742857,0.00032555,6.60729e-07
0.0761224,0.000341657,6.85877e-07
0.0779592,0.000357603,7.15618e-07
0.0797959,0.000375139,7.495e-07
0.0816327,0.00039255,7.83328e-07
0.0834694,0.00040809,8.02454e-07
0.0853061,0.000426765,8.26743e-07
0.0871429,0.000444067,8.65522e-07
0.0889796,0.000462363,8.89741e-07
0.0908163,0.000479928,9.18462e-07
0.0926531,0.000498725,9.48065e-07
0.0944898,0.000518146,9.96343e-07
0.0963265,0.000538064,1.0362e-06
0.0981633,0.000556636,1.05854e-06
0.1,0.000576798,1.09789e-06
0.102041,0.000599379,1.12354e-06
0.104082,0.000621433,1.14147e-06
0.106122,0.000643507,1.1944e-06
0.108163,0.000666735,1.2338e-06
0.110204,0.000688747,1.2715e-06
0.112245,0.000711913,1.29585e-06
0.114286,0.00073651,1.3265e-06
0.116327,0.000759742,1.34624e-06
0.118367,0.000783595,1.40572e-06
0.120408,0.000808296,1.43765e-06
0.122449,0.000831484,1.4602e-06
0.12449,0.000862692,1.52714e-06
0.126531,0.000887322,1.56756e-06
0.128571,0.000913574,1.6095e-06
0.130612,0.000937836,1.64434e-06
0.132653,0.000963846,1.67321e-06
0.134694,0.000987909,1.69797e-06
0.136735,0.00101572,1.75068e-06
0.138776,0.00104586,1.8164e-06
0.140816,0.00107076,1.85333e-06
0.142857,0.00109608,1.84657e-06
0.144898,0.00112415,1.873e-06
0.146939,0.00115302,1.9284e-06
0.14898,0.00118004,2.00132e-06
0.15102,0.00121023,2.03283e-06
0.153061,0.00124445,2.10476e-06
0.155102,0.00126647,2.11618e-06
0.157143,0.00130165,2.16378e-06
0.159184,0.00132829,2.20719e-06
0.161224,0.00135907,2.24581e-06
0.163265,0.00138592,2.27709e-06
0.165306,0.00141711,2.35605e-06
0.167347,0.00145006,2.37241e-06
0.169388,0.00148123,2.44131e-06
0.171429,0.00150626,2.46494e-06
0.173469,0.00153685,2.49006e-06
0.17551,0.00156986,2.54408e-06
0.177551,0.00160421,2.59541e-06
0.179592,0.00163417,2.61938e-06
0.181633,0.00166606,2.67746e-06
0.183673,0.00170107,2.82842e-06
0.185714,0.00172863,2.73009e-06
0.187755,0.00176342,2.83152e-06
0.189796,0.00180143,2.90787e-06
0.191837,0.00182605,2.92798e-06
0.193878,0.00186369,2.98582e-06
0.195918,0.00189173,2.98369e-06
0.197959,0.00193098,3.14365e-06
0.2,0.00195592,3.1057e-06
0.202041,0.0019924,3.1186e-06
0.204082,0.00202311,3.22555e-06
0.206122,0.00205978,3.20979e-06
0.208163,0.00210163,3.34795e-06
0.210204,0.00212439,3.28887e-06
0.212245,0.00216231,3.32511e-06
0.214286,0.00219821,3.41922e-06
0.216327,0.00222917,3.46903e-06
0.218367,0.0022684,3.53912e-06
0.220408,0.00229839,3.53505e-06
0.222449,0.0023382,3.61875e-06
0.22449,0.00237299,3.68402e-06
0.226531,0.0024063,3.6946e-06
0.228571,0.00245344,3.81312e-06
0.230612,0.00249082,3.99597e-06
0.232653,0.00252248,3.90283e-06
0.234694,0.00256052,4.04875e-06
0.236735,0.00259445,3.99603e-06
0.238776,0.00263359,4.0574e-06
0.240816,0.00267706,4.16872e-06
0.242857,0.0027041,4.15189e-06
0.244898,0.00273286,4.09967e-06
0.246939,0.0027708,4.15422e-06
0.24898,0.00280564,4.21372e-06
0.25102,0.00285563,4.36254e-06
0.253061,0.00289063,4.40131e-06
0.255102,0.00292617,4.41487e-06
0.257143,0.00296361,4.4197e-06
0.259184,0.00300086,4.63787e-06
0.261224,0.0030435,4.59575e-06
0.263265,0.00308194,4.81842e-06
0.265306,0.00312637,4.71975e-06
0.267347,0.00315776,4.67982e-06
0.269388,0.00319206,4.72156e-06
0.271429,0.00322821,4.83415e-06
0.273469,0.00327327,4.81837e-06
0.27551,0.00331113,4.92275e-06
0.277551,0.00335771,5.11935e-06
0.279592,0.00339738,5.12956e-06
0.281633,0.00344209,5.18796e-06
0.283673,0.00347248,5.30972e-06
0.285714,0.00351945,5.27209e-06
0.287755,0.00355698,5.3463e-06
0.289796,0.00358588,5.26149e-06
0.291837,0.00363404,5.34056e-06
0.293878,0.00367628,5.43337e-06
0.295918,0.00372581,5.62364e-06
0.297959,0.00375549,5.51462e-06
0.3,0.00380295,5.65922e-06
0.302041,0.00384097,5.62925e-06
0.304082,0.00387434,5.66229e-06
0.306122,0.00391607,5.66944e-06
0.308163,0.00395096,5.68939e-06
0.310204,0.00400758,5.89292e-06
0.312245,0.00404162,5.85305e-06
0.314286,0.004088,5.99073e-06
0.316327,0.0041372,6.1731e-06
0.318367,0.00417227,6.07011e-06
0.320408,0.00422409,6.24922e-06
0.322449,0.00427104,6.18279e-06
0.32449,0.00430144,6.26216e-06
0.326531,0.00434887,6.32228e-06
0.328571,0.00437848,6.41419e-06
0.330612,0.00443033,6.44231e-06
0.332653,0.00448713,6.48792e-06
0.334694,0.00451894,6.61674e-06
0.336735,0.00457157,6.71164e-06
0.338776,0.00458908,6.55684e-06
0.340816,0.00463664,6.61602e-06
0.342857,0.00469378,6.73289e-06
0.344898,0.00473961,6.8612e-06
0.346939,0.00478787,6.87022e-06
0.34898,0.00482552,6.85151e-06
0.35102,0.00486945,7.03039e-06
0.353061,0.00491359,7.09804e-06
0.355102,0.00496613,7.16399e-06
0.357143,0.00500428,7.19955e-06
0.359184,0.00505142,7.34932e-06
0.361224,0.00509404,7.43258e-06
0.363265,0.00513255,7.50332e-06
0.365306,0.00517661,7.4166e-06
0.367347,0.00521753,7.51946e-06
0.369388,0.00527537,7.60497e-06
0.371429,0.00529557,7.43127e-06
0.373469,0.00535373,7.57649e-06
0.37551,0.00540361,7.8216e-06
0.377551,0.00544963,7.89311e-06
0.379592,0.0054944,7.79845e-06
0.381633,0.00553319,7.8624e-06
0.383673,0.0055776,7.97849e-06
0.385714,0.00561701,7.86478e-06
0.387755,0.00568361,8.1342e-06
0.389796,0.00572554,8.15212e-06
0.391837,0.005758,8.14519e-06
0.393878,0.00582444,8.10576e-06
0.395918,0.0058607,8.52562e-06
0.397959,0.00590835,8.46794e-06
0.4,0.00595486,8.46918e-06
0.402041,0.00600859,8.6986e-06
0.404082,0.00605773,8.58479e-06
0.406122,0.00610324,8.60988e-06
0.408163,0.00614683,8.66767e-06
0.410204,0.00618099,8.60507e-06
0.412245,0.0062239,8.67465e-06
0.414286,0.00628369,8.69368e-06
0.416327,0.00632144,8.9846e-06
0.418367,0.00639489,9.1307e-06
0.420408,0.00642565,9.12547e-06
0.422449,0.00647307,9.01902e-06
0.42449,0.0065187,9.13054e-06
0.426531,0.00658663,9.21504e-06
0.428571,0.00661604,9.19807e-06
0.430612,0.00667631,9.46639e-06
0.432653,0.00670491,9.7349e-06
0.434694,0.00677899,9.67419e-06
0.436735,0.00680954,9.57447e-06
0.438776,0.00685257,9.4103e-06
0.440816,0.0069064,9.67175e-06
0.442857,0.00694737,9.6284e-06
0.444898,0.00701363,9.84376e-06
0.446939,0.00704043,9.78093e-06
0.44898,0.00709994,9.8736e-06
0.45102,0.00716141,1.01597e-05
0.453061,0.00720929,1.02069e-05
0.455102,0.00726644,1.00748e-05
0.457143,0.00730075,1.02851e-05
0.459184,0.00734028,1.01871e-05
0.461224,0.00739726,1.02444e-05
0.463265,0.00743929,1.03357e-05
0.465306,0.00751998,1.08017e-05
0.467347,0.00753047,1.03316e-05
0.469388,0.00759338,1.05172e-05
0.471429,0.00767049,1.08513e-05
0.473469,0.00769872,1.07045e-05
0.47551,0.00774043,1.07793e-05
0.477551,0.00779697,1.07978e-05
0.479592,0.00783572,1.07689e-05
0.481633,0.00788074,1.09772e-05
0.483673,0.00794072,1.11578e-05
0.485714,0.00802618,1.14214e-05
0.487755,0.0080504,1.12085e-05
0.489796,0.00809331,1.10448e-05
0.491837,0.00814379,1.12987e-05
0.493878,0.00820778,1.14502e-05
0.495918,0.00824855,1.1307e-05
0.497959,0.00831396,1.1645e-05
0.5,0.00836563,1.16194e-05
0.502041,0.00839317,1.1625e-05
0.504082,0.00844528,1.15038e-05
0.506122,0.00850577,1.16688e-05
0.508163,0.00854879,1.18346e-05
0.510204,0.00863397,1.17632e-05
0.512245,0.00867614,1.19661e-05
0.514286,0.00872566,1.21476e-05
0.516327,0.00879127,1.25382e-05
0.518367,0.00880327,1.18547e-05
0.520408,0.00888336,1.25199e-05
0.522449,0.00892321,1.23358e-05
0.52449,0.00897884,1.24999e-05
0.526531,0.0090359,1.24552e-05
0.528571,0.00908431,1.24842e-05
0.530612,0.00913231,1.29436e-05
0.532653,0.00917503,1.24221e-05
0.534694,0.00923475,1.26265e-05
0.536735,0.00928545,1.26781e-05
0.538776,0.00933564,1.26383e-05
0.540816,0.00937391,1.27966e-05
0.542857,0.00942717,1.25966e-05
0.544898,0.00950045,1.30022e-05
0.546939,0.00955258,1.32175e-05
0.54898,0.00959313,1.29942e-05
0.55102,0.0096513,1.29958e-05
0.553061,0.00970356,1.31054e-05
0.555102,0.00972456,1.32148e-05
0.557143,0.00983035,1.33512e-05
0.559184,0.00987608,1.34374e-05
0.561224,0.00991475,1.36653e-05
0.563265,0.00998359,1.40798e-05
0.565306,0.0100276,1.34343e-05
0.567347,0.0100543,1.36251e-05
0.569388,0.0101396,1.38803e-05
0.571429,0.0101993,1.38152e-05
0.573469,0.010257,1.42141e-05
0.57551,0.010308,1.40787e-05
0.577551,0.0103665,1.40481e-05
0.579592,0.0103961,1.38946e-05
0.581633,0.0104735,1.40416e-05
0.583673,0.010508,1.41534e-05
0.585714,0.0105807,1.46662e-05
0.587755,0.0106274,1.40979e-05
0.589796,0.0107107,1.49949e-05
0.591837,0.0107289,1.44426e-05
0.593878,0.0107956,1.46752e-05
0.595918,0.0108296,1.47068e-05
0.597959,0.0109055,1.47965e-05
0.6,0.0109615,1.53246e-05
0.602041,0.0110222,1.52262e-05
0.604082,0.0110705,1.49669e-05
0.606122,0.0111386,1.56596e-05
0.608163,0.0111595,1.48927e-05
0.610204,0.0112322,1.49443e-05
0.612245,0.011316,1.58331e-05
0.614286,0.011334,1.54341e-05
0.616327,0.0114112,1.53691e-05
0.618367,0.0114172,1.52719e-05
0.620408,0.0114809,1.53596e-05
0.622449,0.0115592,1.53203e-05
0.62449,0.0116221,1.57727e-05
0.626531,0.0116672,1.58513e-05
0.628571,0.0117276,1.56148e-05
0.630612,0.0117836,1.55209e-05
0.632653,0.0118312,1.60901e-05
0.634694,0.0118735,1.55845e-05
0.636735,0.0119599,1.61941e-05
0.638776,0.0120383,1.66192e-05
0.640816,0.0121019,1.64432e-05
0.642857,0.0121174,1.6459e-05
0.644898,0.0121797,1.61979e-05
0.646939,0.0122312,1.66954e-05
0.64898,0.0122967,1.73168e-05
0.65102,0.0123376,1.64446e-05
0.653061,0.0124207,1.65311e-05
0.655102,0.0124488,1.71734e-05
0.657143,0.0124994,1.68834e-05
0.659184,0.012587,1.69192e-05
0.661224,0.0126176,1.74937e-05
0.663265,0.0126627,1.68873e-05
0.665306,0.012729,1.82594e-05
0.667347,0.0127812,1.70792e-05
0.669388,0.0128635,1.7566e-05
0.671429,0.0129041,1.73635e-05
0.673469,0.0129663,1.7505e-05
0.67551,0.0130387,1.83938e-05
0.677551,0.0130598,1.69914e-05
0.679592,0.0131322,1.81432e-05
0.681633,0.01319,1.78056e-05
0.683673,0.0132539,1.81062e-05
0.685714,0.0133343,1.7819e-05
0.687755,0.0133834,1.82349e-05
0.689796,0.0134127,1.81939e-05
0.691837,0.0134338,1.77274e-05
0.693878,0.0135294,1.79814e-05
0.695918,0.0135933,1.79077e-05
0.697959,0.0136868,1.82144e-05
0.7,0.0137257,1.81107e-05
0.702041,0.0137769,1.90093e-05
0.704082,0.013805,1.79372e-05
0.706122,0.0138813,1.82894e-05
0.708163,0.013925,1.80942e-05
0.710204,0.0139823,1.86683e-05
0.712245,0.0140609,1.89847e-05
0.714286,0.0141226,1.87172e-05
0.716327,0.0141562,1.89035e-05
0.718367,0.0142412,1.86544e-05
0.720408,0.0143036,1.94275e-05
0.722449,0.014339,1.85824e-05
0.72449,0.0144279,1.93252e-05
0.726531,0.0144854,1.94708e-05
0.728571,0.0145107,1.91926e-05
0.730612,0.0146192,1.97505e-05
0.732653,0.0146647,1.93587e-05
0.734694,0.0146886,1.92247e-05
0.736735,0.0147879,2.00426e-05
0.738776,0.0148283,1.99958e-05
0.740816,0.0148617,1.9308e-05
0.742857,0.0149276,2.03802e-05
0.744898,0.0150094,1.98778e-05
0.746939,0.0150681,2.02028e-05
0.74898,0.0151422,2.15239e-05
0.75102,0.0152041,2.02464e-05
0.753061,0.0152142,2.06285e-05
0.755102,0.0153045,2.03315e-05
0.757143,0.015363,2.13748e-05
0.759184,0.0154125,2.05202e-05
0.761224,0.0154313,2.00554e-05
0.763265,0.0155192,2.04752e-05
0.765306,0.0155768,2.13299e-05
0.767347,0.0156705,2.10951e-05
0.769388,0.0157234,2.19088e-05
0.771429,0.0157625,2.07924e-05
0.773469,0.0157817,2.07925e-05
0.77551,0.0158726,2.1071e-05
0.777551,0.0159593,2.12459e-05
0.779592,0.016039,2.13752e-05
0.781633,0.0160644,2.10386e-05
0.783673,0.0161426,2.13733e-05
0.785714,0.016164,2.15686e-05
0.787755,0.0162583,2.14415e-05
0.789796,0.0163365,2.18616e-05
0.791837,0.0163705,2.11658e-05
0.793878,0.0163646,2.13046e-05
0.795918,0.016483,2.20295e-05
0.797959,0.0165554,2.18747e-05
0.8,0.0165958,2.1337e-05
0.802041,0.0166409,2.19343e-05
0.804082,0.0167598,2.27911e-05
0.806122,0.0167908,2.19457e-05
0.808163,0.0168383,2.24615e-05
0.810204,0.0169357,2.27267e-05
0.812245,0.0169668,2.20503e-05
0.814286,0.0170294,2.25769e-05
0.816327,0.0171402,2.25562e-05
0.818367,0.0171708,2.29699e-05
0.820408,0.017204,2.21939e-05
0.822449,0.0172896,2.31281e-05
0.82449,0.0173325,2.30607e-05
0.826531,0.0173482,2.24541e-05
0.828571,0.0174816,2.33621e-05
0.830612,0.0175309,2.32331e-05
0.832653,0.0176321,2.3224e-05
0.834694,0.0176364,2.31183e-05
0.836735,0.0176889,2.26407e-05
0.838776,0.0178549,2.41491e-05
0.840816,0.0178642,2.38906e-05
0.842857,0.0179038,2.33488e-05
0.844898,0.0179748,2.3898e-05
0.846939,0.0180445,2.45352e-05
0.84898,0.0180657,2.3687e-05
0.85102,0.018135,2.38502e-05
0.853061,0.0181855,2.40299e-05
0.855102,0.0183099,2.40112e-05
0.857143,0.0183522,2.39097e-05
0.859184,0.0183707,2.42379e-05
0.861224,0.0184615,2.49103e-05
0.863265,0.0185384,2.39391e-05
0.865306,0.0185947,2.47038e-05
0.867347,0.0186381,2.41982e-05
0.869388,0.0186924,2.45726e-05
0.871429,0.0187351,2.44411e-05
0.873469,0.0188426,2.46698e-05
0.87551,0.0189167,2.46529e-05
0.877551,0.0189888,2.51775e-05
0.879592,0.0190066,2.46863e-05
0.881633,0.0190642,2.48688e-05
0.883673,0.0191654,2.5747e-05
0.885714,0.0192168,2.4999e-05
0.887755,0.0192212,2.52664e-05
0.889796,0.0193619,2.56493e-05
0.891837,0.0193754,2.53854e-05
0.893878,0.0195121,2.55868e-05
0.895918,0.0195009,2.53707e-05
0.897959,0.0195586,2.52985e-05
0.9,0.019643,2.58857e-05
0.902041,0.0197026,2.55623e-05
0.904082,0.0197582,2.61137e-05
0.906122,0.019871,2.62951e-05
0.908163,0.0198918,2.55098e-05
0.910204,0.019942,2.61205e-05
0.912245,0.0200166,2.61291e-05
0.914286,0.0200977,2.60129e-05
0.916327,0.0201103,2.72575e-05
0.918367,0.0202144,2.62022e-05
0.920408,0.0202629,2.62565e-05
0.922449,0.0203192,2.59187e-05
0.92449,0.0203719,2.6119e-05
0.926531,0.0204715,2.76185e-05
0.928571,0.0205519,2.74045e-05
0.930612,0.0206107,2.71606e-05
0.932653,0.0206797,2.73808e-05
0.934694,0.0207481,2.72244e-05
0.936735,0.0207887,2.67486e-05
0.938776,0.0208751,2.74997e-05
0.940816,0.0209257,2.71416e-05
0.942857,0.0209788,2.87557e-05
0.944898,0.0210067,2.78415e-05
0.946939,0.0211299,2.82427e-05
0.94898,0.0211654,2.76774e-05
0.95102,0.0212162,2.82824e-05
0.953061,0.0212476,2.71674e-05
0.955102,0.0213341,2.75042e-05
0.957143,0.0213894,2.75417e-05
0.959184,0.021468,2.71726e-05
0.961224,0.0215475,2.86169e-05
0.963265,0.0215975,2.79617e-05
0.965306,0.0216702,2.9225e-05
0.967347,0.0217211,2.80607e-05
0.969388,0.0218013,2.82959e-05
0.971429,0.0218497,2.76665e-05
0.973469,0.0219182,3.17181e-05
0.97551,0.0219626,2.83411e-05
0.977551,0.0220735,2.88412e-05
0.979592,0.0221348,2.84999e-05
0.981633,0.0221597,2.88842e-05
0.983673,0.0222678,2.92348e-05
0.985714,0.0223304,2.96447e-05
0.987755,0.0224215,3.16134e-05
0.989796,0.022405,2.89836e-05
0.991837,0.0225088,2.96703e-05
0.993878,0.0225478,2.95462e-05
0.995918,0.0226632,3.0346e-05
0.997959,0.0227045,2.99719e-05
1.0,0.02278,2.94372e-05
1.08163,0.025421,3.238e-05
1.16327,0.0281307,3.63573e-05
1.2449,0.030873,3.96393e-05
1.32653,0.0336722,4.39145e-05
1.40816,0.0365413,4.96327e-05
1.4898,0.0394843,5.08585e-05
1.57143,0.0424255,5.61613e-05
1.65306,0.0453429,5.81885e-05
1.73469,0.0482998,5.91825e-05
1.81633,0.0514775,6.56176e-05
1.89796,0.054531,7.18316e-05
1.97959,0.0575478,7.18044e-05
2.06122,0.0609872,7.71574e-05
2.14286,0.0641496,8.48775e-05
2.22449,0.0672223,8.44132e-05
2.30612,0.0706016,8.76751e-05
2.38776,0.0739298,9.50376e-05
2.46939,0.0772261,9.70436e-05
2.55102,0.0805951,0.000103064
2.63265,0.0840154,0.000116889
2.71429,0.0873964,0.000111303
2.79592,0.0907149,0.000112487
2.87755,0.0942478,0.000123687
2.95918,0.0977,0.000124838
3.04082,0.101295,0.000133869
3.12245,0.104519,0.00013075
3.20408,0.108261,0.00013132
3.28571,0.111757,0.000138244
3.36735,0.115356,0.00014095
3.44898,0.119039,0.000153474
3.53061,0.122857,0.000159281
3.61224,0.126194,0.000161235
3.69388,0.129913,0.000165479
3.77551,0.133322,0.000158441
3.85714,0.137025,0.00017068
3.93878,0.140756,0.000175329
4.02041,0.144763,0.000186747
4.10204,0.148466,0.000191869
4.18367,0.151837,0.000185045
4.26531,0.15571,0.000197751
4.34694,0.159586,0.000212279
4.42857,0.163587,0.000215762
4.5102,0.167313,0.00021422
4.59184,0.170922,0.00022752
4.67347,0.174952,0.000219784
4.7551,0.178936,0.000220892
4.83673,0.182406,0.000222955
4.91837,0.186221,0.000246546
5.0,0.190426,0.00026971
5.10204,0.195369,0.00025096
5.20408,0.200009,0.000251055
5.30612,0.205064,0.000243372
5.40816,0.210613,0.000271516
5.5102,0.214736,0.000262123
5.61224,0.220067,0.000264862
5.71429,0.225462,0.000276554
5.81633,0.230542,0.000314677
5.91837,0.235117,0.000300063
6.02041,0.240409,0.000313786
6.12245,0.245198,0.000315675
6.22449,0.250128,0.000307522
6.32653,0.254961,0.000318132
6.42857,0.260428,0.000317596
6.53061,0.265348,0.0003457
6.63265,0.271444,0.000338614
6.73469,0.275772,0.000350159
6.83673,0.281382,0.000388329
6.93878,0.286693,0.000353549
7.04082,0.291169,0.00039076
7.14286,0.296191,0.000395469
7.2449,0.302619,0.000441007
7.34694,0.307139,0.000400766
7.44898,0.313056,0.000399789
7.55102,0.318772,0.000434651
7.65306,0.324063,0.00041778
7.7551,0.328309,0.000408642
7.85714,0.333544,0.000425177
7.95918,0.339403,0.000429694
8.06122,0.344335,0.000424858
8.16327,0.350528,0.000494414
8.26531,0.35501,0.000457387
8.36735,0.360597,0.000431732
8.46939,0.365502,0.000447007
8.57143,0.370619,0.000453983
8.67347,0.376446,0.000500187
8.77551,0.382209,0.0005344
8.87755,0.3871,0.000501355
8.97959,0.392752,0.000511387
9.08163,0.398567,0.000516272
9.18367,0.4038,0.000497102
9.28571,0.410817,0.00056076
9.38776,0.414597,0.000513449
9.4898,0.42078,0.000553361
9.59184,0.426119,0.000606819
9.69388,0.43139,0.000524597
9.79592,0.437885,0.000561168
9.89796,0.441762,0.000530707
10.0,0.448899,0.000584302
10.2041,0.459362,0.000570118
10.4082,0.470517,0.000576984
10.6122,0.481926,0.000655935
10.8163,0.494391,0.000634186
11.0204,0.503326,0.000605821
11.2245,0.514828,0.000659813
11.4286,0.526837,0.000642081
11.6327,0.537617,0.000664737
11.8367,0.549449,0.000685027
12.0408,0.561948,0.000742975
12.2449,0.573605,0.000708074
12.449,0.585034,0.000720997
12.6531,0.595543,0.000808079
12.8571,0.608541,0.000792156
13.0612,0.618079,0.000758557
13.2653,0.629716,0.000793435
13.4694,0.642179,0.000834036
13.6735,0.654472,0.000825768
13.8776,0.665301,0.000819291
14.0816,0.677412,0.000821692
14.2857,0.68863,0.000873665
14.4898,0.699953,0.000864212
14.6939,0.71435,0.000940835
14.898,0.725633,0.00104364
15.102,0.736663,0.000895089
15.3061,0.750455,0.00114186
15.5102,0.761272,0.000942846
15.7143,0.77543,0.00106436
15.9184,0.785147,0.00105622
16.1224,0.796195,0.000968132
16.3265,0.811205,0.00109313
16.5306,0.821292,0.00104879
16.7347,0.834587,0.00102736
16.9388,0.848949,0.00110511
17.1429,0.85806,0.00107983
17.3469,0.870953,0.00117275
17.551,0.883022,0.00115665
17.7551,0.89621,0.00112206
17.9592,0.90597,0.00140267
18.1633,0.920562,0.00133036
18.3673,0.931054,0.00116259
18.5714,0.945312,0.0012675
18.7755,0.957245,0.00120793
18.9796,0.966823,0.00117468
19.1837,0.978786,0.00123613
19.3878,0.993486,0.00133771
19.5918,1.00409,0.00123929
19.7959,1.01642,0.00127798
20.0,1.032,0.00131436
20.4082,1.05803,0.0013451
20.8163,1.0795,0.00133507
21.2245,1.10549,0.00145438
21.6327,1.13026,0.00140394
22.0408,1.15589,0.00145312
22.449,1.18025,0.00144635
22.8571,1.20689,0.00144912
23.2653,1.23444,0.00159422
23.6735,1.25994,0.00156323
24.0816,1.28146,0.00154443
24.4898,1.30932,0.0016948
24.898,1.33412,0.00167269
25.3061,1.36057,0.00171877
25.7143,1.38315,0.00169507
26.1224,1.41598,0.00184295
26.5306,1.44178,0.00208311
26.9388,1.46556,0.00184391
27.3469,1.49208,0.00189481
27.7551,1.51849,0.00199619
28.1633,1.54383,0.0020565
28.5714,1.56901,0.00201442
28.9796,1.59784,0.00193611
29.3878,1.62096,0.00211825
29.7959,1.64987,0.00198479
30.2041,1.67728,0.00207446
30.6122,1.70325,0.00233498
31.0204,1.73003,0.00223334
31.4286,1.7556,0.00229359
31.8367,1.78087,0.00236526
32.2449,1.8096,0.00235294
32.6531,1.83815,0.00245023
33.0612,1.86367,0.00238474
33.4694,1.88528,0.00234858
33.8776,1.91884,0.00251814
34.2857,1.94648,0.00257875
34.6939,1.96674,0.00256489
35.102,1.99777,0.00286848
35.5102,2.02785,0.0032016
35.9184,2.05544,0.00276349
36.3265,2.0804,0.00308432
36.7347,2.11055,0.00287656
37.1429,2.13957,0.00280321
37.551,2.16339,0.0028576
37.9592,2.19544,0.00312004
38.3673,2.21294,0.00290519
38.7755,2.24488,0.00295413
39.1837,2.27924,0.0051875
39.5918,2.30369,0.00300744
40.0,2.33183,0.00327172
40.4082,2.35917,0.00312139
40.8163,2.38583,0.00327073
41.2245,2.41618,0.00309065
41.6327,2.43599,0.00302051
42.0408,2.4714,0.00318042
42.449,2.49698,0.00342398
42.8571,2.5287,0.00396959
43.2653,2.54746,0.00311336
43.6735,2.57684,0.0033542
44.0816,2.60636,0.00329021
44.4898,2.63307,0.00324052
44.898,2.66378,0.00358882
45.3061,2.69263,0.00347679
45.7143,2.71883,0.00340514
46.1224,2.75037,0.00356556
46.5306,2.78543,0.00468547
46.9388,2.80345,0.00357978
47.3469,2.8236,0.00338848
47.7551,2.86877,0.0046702
48.1633,2.88589,0.00371371
48.5714,2.91989,0.00383257
48.9796,2.94306,0.00364241
49.3878,2.97046,0.0043947
49.7959,3.00251,0.00389668
50.2041,3.03289,0.0041538
50.6122,3.05468,0.00413186
51.0204,3.08538,0.00394722
51.4286,3.12167,0.00420685
51.8367,3.14741,0.00390643
52.2449,3.17148,0.00390469
52.6531,3.20094,0.0040402
53.0612,3.23489,0.00432031
53.4694,3.26521,0.00473531
53.8776,3.28877,0.00425084
54.2857,3.31737,0.00450984
54.6939,3.33889,0.00423582
55.102,3.39098,0.00882352
55.5102,3.40702,0.00423456
55.9184,3.42984,0.00448261
56.3265,3.46387,0.00434967
56.7347,3.49206,0.00448335
57.1429,3.52544,0.00464393
57.551,3.55205,0.00506159
57.9592,3.57365,0.00449213
58.3673,3.6154,0.00506225
58.7755,3.64498,0.00491337
59.1837,3.67437,0.00536218
59.5918,3.68452,0.00451093
60.0,3.73383,0.00657277
60.4082,3.7549,0.00495459
60.8163,3.79156,0.00516043
61.2245,3.80285,0.0048208
61.6327,3.84742,0.00560813
62.0408,3.8747,0.00505923
62.449,3.91743,0.00595146
62.8571,3.92934,0.00549488
63.2653,3.96207,0.005269
63.6735,3.99294,0.00514089
64.0816,4.02394,0.00567675
64.4898,4.03122,0.0048768
64.898,4.08658,0.00569691
65.3061,4.10085,0.00530228
65.7143,4.1422,0.00570096
66.1224,4.17864,0.00565317
66.5306,4.18722,0.00504827
66.9388,4.2333,0.00577261
67.3469,4.25095,0.00588358
67.7551,4.28352,0.00539209
68.1633,4.31679,0.0062208
68.5714,4.34914,0.00610692
68.9796,4.37466,0.00573507
69.3878,4.40324,0.00580384
69.7959,4.44395,0.00607944
70.2041,4.46177,0.00590347
70.6122,4.49305,0.00571356
71.0204,4.53386,0.00633596
71.4286,4.54348,0.0057663
71.8367,4.58685,0.00613394
72.2449,4.61244,0.00570853
72.6531,4.64811,0.00579674
73.0612,4.67717,0.00596168
73.4694,4.70712,0.00685031
73.8776,4.74008,0.0063349
74.2857,4.76376,0.00750716
74.6939,4.7898,0.00596703
75.102,4.81545,0.00589986
75.5102,4.84547,0.00628382
75.9184,4.87449,0.00614359
76.3265,4.91637,0.00637373
76.7347,4.95369,0.00653341
77.1429,4.98001,0.00664638
77.551,5.00184,0.00634219
77.9592,5.02573,0.00691949
78.3673,5.06607,0.00630379
78.7755,5.09303,0.00685819
79.1837,5.1189,0.00644729
79.5918,5.15672,0.00648219
80.0,5.17924,0.00636597
80.4082,5.22687,0.00705659
80.8163,5.24245,0.00912182
81.2245,5.30106,0.0118485
81.6327,5.30447,0.00670599
82.0408,5.34443,0.0124686
82.449,5.36616,0.0075481
82.8571,5.40716,0.00736615
83.2653,5.42519,0.00706369
83.6735,5.45799,0.00729099
84.0816,5.48822,0.00700251
84.4898,5.52265,0.00766017
84.898,5.55305,0.00742609
85.3061,5.58178,0.00723974
85.7143,5.62579,0.0077648
86.1224,5.63503,0.00722037
86.5306,5.67434,0.00773036
86.9388,5.70581,0.00808593
87.3469,5.73565,0.00788348
87.7551,5.76994,0.00835487
88.1633,5.79679,0.00756859
88.5714,5.82985,0.00780786
88.9796,5.85963,0.00828374
89.3878,5.88805,0.00852211
89.7959,5.94346,0.00995884
90.2041,5.95598,0.00809167
90.6122,5.99366,0.0118334
91.0204,6.00185,0.00831911
91.4286,6.03851,0.00753677
91.8367,6.07275,0.00770163
92.2449,6.10496,0.00814917
92.6531,6.12781,0.00809176
93.0612,6.16222,0.00843746
93.4694,6.2127,0.00909094
93.8776,6.23794,0.00841114
94.2857,6.26456,0.00916729
94.6939,6.28871,0.00800859
95.102,6.33542,0.00923726
95.5102,6.34772,0.00929828
95.9184,6.38398,0.00920239
96.3265,6.40574,0.00801218
96.7347,6.44727,0.00812472
97.1429,6.47776,0.00898071
97.551,6.5063,0.00847993
97.9592,6.52866,0.00822555
98.3673,6.57196,0.0103514
98.7755,6.60808,0.0090236
99.1837,6.63935,0.00900207
99.5918,6.66967,0.00891782
100.0,6.69443,0.00857104
100.816,6.77093,0.0112018
101.633,6.82527,0.00882744
102.449,6.89894,0.00931524
103.265,6.95207,0.00940194
104.082,7.02369,0.0112713
104.898,7.06536,0.00952365
105.714,7.14947,0.00996651
106.531,7.22563,0.0105506
107.347,7.2574,0.00988262
108.163,7.34229,0.00975695
108.98,7.39471,0.0102121
109.796,7.45535,0.0097492
110.612,7.51816,0.0103613
111.429,7.58667,0.0142252
112.245,7.65329,0.0133222
113.061,7.7079,0.0109043
113.878,7.75077,0.00975433
114.694,7.85806,0.0110129
115.51,7.93059,0.0234593
116.327,7.96602,0.0103963
117.143,8.02726,0.0110659
117.959,8.0985,0.010959
118.776,8.14615,0.0109499
119.592,8.21624,0.0118703
120.408,8.27332,0.0112706
121.224,8.32099,0.0109774
122.041,8.41027,0.0120816
122.857,8.4724,0.0112797
123.673,8.53435,0.0116636
124.49,8.58122,0.0120674
125.306,8.65123,0.01276
126.122,8.69827,0.0119669
126.939,8.78815,0.0120481
127.755,8.8294,0.0107097
128.571,8.90484,0.0114799
129.388,8.98546,0.0118256
130.204,9.07684,0.0137343
131.02,9.11353,0.0134121
131.837,9.18188,0.0141538
132.653,9.26109,0.0132355
133.469,9.30657,0.0124187
134.286,9.37584,0.0135881
135.102,9.44449,0.0128977
135.918,9.49879,0.0135244
136.735,9.58358,0.0128966
137.551,9.65113,0.0330964
138.367,9.70032,0.0135157
139.184,9.75383,0.0139946
140.0,9.83076,0.0128848
140.816,9.89068,0.0133926
141.633,9.95065,0.0131271
142.449,10.0241,0.0143551
143.265,10.071,0.0140024
144.082,10.115,0.0130373
144.898,10.2246,0.0145023
145.714,10.2764,0.0135204
146.531,10.3467,0.0145494
147.347,10.4036,0.0133484
148.163,10.4801,0.0157422
148.98,10.5248,0.0137278
149.796,10.5942,0.0149891
150.612,10.6631,0.0160176
151.429,10.7253,0.0142851
152.245,10.8241,0.0147239
153.061,10.8505,0.0146413
153.878,10.9163,0.0179032
154.694,10.9861,0.0145681
155.51,11.1176,0.0427009
156.327,11.1227,0.0142893
157.143,11.208,0.015238
157.959,11.2777,0.0157004
158.776,11.3226,0.0148184
159.592,11.3804,0.0154234
160.408,11.4348,0.0154318
161.224,11.5109,0.0163588
162.041,11.5812,0.0158209
162.857,11.678,0.0177555
163.673,11.7299,0.0156304
164.49,11.7846,0.0172
165.306,11.8629,0.0155319
166.122,11.9082,0.0166311
166.939,12.0037,0.0162296
167.755,12.0418,0.0165754
168.571,12.1043,0.0158073
169.388,12.1913,0.0160185
170.204,12.2482,0.0162138
171.02,12.305,0.0173351
171.837,12.4484,0.0531926
172.653,12.4289,0.0168642
173.469,12.536,0.0184755
174.286,12.5874,0.0178402
175.102,12.6678,0.0177764
175.918,12.6964,0.0174955
176.735,12.78,0.0163784
177.551,12.8527,0.0180558
178.367,12.9093,0.0171876
179.184,12.9747,0.0169793
180.0,13.0924,0.0205311
180.816,13.1439,0.0180023
181.633,13.2223,0.0225461
182.449,13.2352,0.0188603
183.265,13.3548,0.0184478
184.082,13.374,0.0183661
184.898,13.4672,0.0178395
185.714,13.5496,0.017567
186.531,13.5552,0.0171521
187.347,13.6475,0.0180243
188.163,13.7359,0.0193297
188.98,13.7821,0.0180036
189.796,13.87,0.0195953
190.612,13.9243,0.018887
191.429,14.009,0.0223398
192.245,14.0643,0.0263591
193.061,14.0998,0.0175296
193.878,14.2305,0.0219118
194.694,14.2598,0.0187903
195.51,14.3003,0.0182976
196.327,14.4126,0.0199404
197.143,14.4793,0.0209368
197.959,14.5565,0.022729
198.776,14.5839,0.0196452
199.592,14.6853,0.0187779
200.408,14.7279,0.0238674
201.224,14.8182,0.0215568
202.041,14.889,0.020044
202.857,14.9509,0.026924
203.673,14.9767,0.0218843
204.49,15.0482,0.0208147
205.306,15.1565,0.0205274
206.122,15.2585,0.0239122
206.939,15.2717,0.0192324
207.755,15.3405,0.019523
208.571,15.4209,0.0197992
209.388,15.4848,0.0217728
210.204,15.5746,0.0201388
211.02,15.6498,0.0235355
211.837,15.7482,0.0247302
212.653,15.7832,0.0241423
213.469,15.8281,0.0205386
214.286,15.8582,0.0205607
215.102,15.9633,0.0205755
215.918,16.0277,0.0205965
216.735,16.08,0.0217681
217.551,16.1713,0.0217239
218.367,16.2275,0.0216812
219.184,16.3231,0.0228728
220.0,16.3475,0.0214978
221.633,16.5227,0.0227456
223.265,16.6469,0.0238952
224.898,16.784,0.0225955
226.531,16.9212,0.0230921
228.163,17.0548,0.0241079
229.796,17.2012,0.0229834
231.429,17.3447,0.0233513
233.061,17.4611,0.0262934
234.694,17.6326,0.0254242
236.327,17.7213,0.0223284
237.959,17.9298,0.028471
239.592,18.0773,0.0274148
241.224,18.1707,0.0241839
242.857,18.2858,0.0234639
244.49,18.4885,0.028775
246.122,18.605,0.0294705
247.755,18.7143,0.0237523
249.388,18.8801,0.0278221
251.02,19.0129,0.0265027
252.653,19.1331,0.0254003
254.286,19.302,0.0272853
255.918,19.405,0.0266466
257.551,19.5933,0.0326994
259.184,19.6351,0.0248961
260.816,19.849,0.0303013
262.449,19.9957,0.0292132
264.082,20.1163,0.0276542
265.714,20.2351,0.0265085
267.347,20.3332,0.026131
268.98,20.5366,0.030644
270.612,20.6532,0.034539
272.245,20.7859,0.0301418
273.878,20.9579,0.0294667
275.51,21.087,0.031233
277.143,21.247,0.033107
278.776,21.3565,0.032283
280.408,21.5073,0.030174
282.041,21.6815,0.0418197
283.673,21.8524,0.0332211
285.306,21.9967,0.0303292
286.939,22.1459,0.0386788
288.571,22.2182,0.0334456
290.204,22.3594,0.0304552
291.837,22.5441,0.0348163
293.469,22.6689,0.0325544
295.102,22.7993,0.0332487
296.735,22.9128,0.032558
298.367,23.0496,0.030579
300.0,23.2839,0.0391189
301.633,23.3771,0.0326157
303.265,23.501,0.032575
304.898,23.6139,0.0323831
306.531,23.7775,0.0350492
308.163,23.9088,0.0320123
309.796,24.0862,0.0327589
311.429,24.2146,0.0320434
313.061,24.3917,0.03895
314.694,24.5284,0.0343683
316.327,24.5978,0.0383941
317.959,24.7823,0.0335751
319.592,24.9902,0.100578
321.224,25.0857,0.0361552
322.857,25.1442,0.033542
324.49,25.2731,0.0314497
326.122,25.5142,0.040871
327.755,25.7177,0.0372995
329.388,25.7955,0.0382063
331.02,25.9654,0.0375094
332.653,26.0631,0.0340787
334.286,26.2469,0.037141
335.918,26.3764,0.0368758
337.551,26.5194,0.0364644
339.184,26.6435,0.0392859
340.816,26.7969,0.0400072
342.449,26.8583,0.0346757
344.082,27.0735,0.0375791
345.714,27.3306,0.0745625
347.347,27.3439,0.0365563
348.98,27.4908,0.0393659
350.612,27.6509,0.0392044
352.245,27.7709,0.0349712
353.878,27.9848,0.039931
355.51,28.0675,0.0376827
357.143,28.2282,0.0441168
358.776,28.361,0.037893
360.408,28.5062,0.0387873
362.041,28.6211,0.0395896
363.673,28.7583,0.0418379
365.306,28.9317,0.039472
366.939,29.1511,0.0430741
368.571,29.1889,0.0367178
370.204,29.3727,0.0423674
371.837,29.4872,0.0411215
373.469,29.6625,0.0398633
375.102,29.8022,0.0425836
376.735,29.9326,0.0397269
378.367,30.1381,0.0428546
380.0,30.2568,0.0401204
382.449,30.4246,0.0398913
384.898,30.73,0.0411249
387.347,30.9741,0.0430601
389.796,31.0441,0.0401406
392.245,31.367,0.0463854
394.694,31.566,0.0435352
397.143,31.7967,0.0445872
399.592,32.0547,0.0451639
402.041,32.178,0.0442109
404.49,32.3349,0.0425819
406.939,32.6004,0.0434681
409.388,32.8592,0.0487164
411.837,33.0889,0.0439508
414.286,33.3803,0.0524019
416.735,33.4923,0.0454928
419.184,33.7461,0.0556855
421.633,34.0646,0.0524134
424.082,34.1732,0.048843
426.531,34.4363,0.0550981
428.98,34.6547,0.0520901
431.429,34.9343,0.0491958
433.878,35.0429,0.0549491
436.327,35.3123,0.0491237
438.776,35.5446,0.0538313
441.224,35.7689,0.0514216
443.673,35.959,0.0494712
446.122,36.1329,0.0480684
448.571,36.4374,0.0570981
451.02,36.6914,0.058728
453.469,36.8007,0.0516762
455.918,37.0415,0.0530764
458.367,37.3445,0.0694418
460.816,37.5456,0.0545435
463.265,37.8275,0.0561923
465.714,37.8788,0.0497373
468.163,38.1966,0.0701556
470.612,38.4307,0.0500544
473.061,38.603,0.0611657
475.51,38.8783,0.0521066
477.959,39.0441,0.0511545
480.408,39.2059,0.0521969
482.857,39.5848,0.0576961
485.306,39.7166,0.0528652
487.755,39.963,0.0529809
490.204,40.1845,0.058654
492.653,40.3591,0.0607766
495.102,40.6426,0.057867
497.551,40.8725,0.0576837
500.0,41.0837,0.0561345
502.449,41.4566,0.0683536
504.898,41.4879,0.0546147
507.347,41.8039,0.0695477
509.796,42.0575,0.0762906
512.245,42.3534,0.221018
514.694,42.5548,0.0674429
517.143,42.6922,0.0568891
519.592,42.8927,0.0826612
522.041,43.0746,0.0548908
524.49,43.297,0.0551196
526.939,43.5627,0.0583087
529.388,43.8998,0.108369
531.837,44.0021,0.0590753
534.286,44.1635,0.0606482
536.735,44.5875,0.072476
539.184,44.7237,0.061943
541.633,44.9833,0.0637929
544.082,45.1152,0.060396
546.531,45.4445,0.0806021
548.98,45.5532,0.0606165
551.429,45.7982,0.0666695
553.878,46.1304,0.0739673
556.327,46.1556,0.0608069
558.776,46.4715,0.0614655
561.224,46.8195,0.0987119
563.673,47.299,0.147227
566.122,47.1715,0.0669315
568.571,47.4767,0.117708
571.02,47.6581,0.068004
573.469,47.9065,0.0818258
575.918,48.1041,0.0709675
578.367,48.2949,0.0638753
580.816,48.5344,0.0720009
583.265,48.7053,0.0650445
585.714,49.0038,0.0675317
588.163,49.3674,0.0765323
590.612,49.5387,0.0764545
593.061,49.7494,0.0707622
595.51,50.0834,0.0835986
597.959,50.1101,0.0653485
600.408,50.2672,0.0801597
602.857,50.6139,0.069571
605.306,50.686,0.0745123
607.755,51.2077,0.0771854
610.204,51.4889,0.0932402
612.653,51.5584,0.0791245
615.102,51.7866,0.0825168
617.551,52.0808,0.0718263
620.0,52.2078,0.0735101
622.449,52.4875,0.0763098
624.898,52.8612,0.0907952
627.347,52.8796,0.0822676
629.796,53.1788,0.0791286
632.245,53.3961,0.0859902
634.694,53.6286,0.0722786
637.143,53.7865,0.0879603
639.592,54.0771,0.0748353
642.041,54.3857,0.0762514
644.49,54.5449,0.0737434
646.939,54.8848,0.10908
649.388,55.0289,0.0807055
651.837,55.2463,0.0782501
654.286,55.3344,0.071464
656.735,55.6492,0.0771986
659.184,55.7831,0.076467
661.633,56.1785,0.0854877
664.082,56.3086,0.102291
666.531,56.5299,0.0877978
668.98,56.8187,0.0814632
671.429,56.9861,0.101947
673.878,57.2477,0.0788235
676.327,57.4818,0.0828578
678.776,57.7223,0.0899164
681.224,57.9358,0.0899309
683.673,58.1965,0.111022
686.122,58.46,0.0854444
688.571,58.9954,0.135008
691.02,59.0319,0.124334
693.469,59.0176,0.085659
695.918,59.5212,0.0942347
698.367,59.6604,0.0892471
700.816,59.8121,0.0837694
703.265,60.0348,0.0776549
705.714,60.1457,0.0864279
708.163,60.6191,0.107338
710.612,60.7419,0.0879235
713.061,60.9655,0.0934221
715.51,61.3269,0.0867244
717.959,61.3846,0.0907958
720.408,61.4175,0.0813972
722.857,61.8133,0.0813954
725.306,62.2934,0.102951
727.755,62.3924,0.095913
730.204,62.7362,0.0931145
732.653,62.8195,0.0862901
735.102,63.0922,0.0875995
737.551,63.4307,0.0976756
740.0,63.6941,0.0971466
743.265,63.8561,0.0909634
746.531,64.4284,0.134291
749.796,64.3264,0.0866636
753.061,64.7805,0.0993605
756.327,65.1353,0.0893469
759.592,65.5729,0.0977688
762.857,65.8092,0.104855
766.122,66.2039,0.102327
769.388,66.3866,0.0979149
772.653,66.606,0.0917967
775.918,66.9079,0.0940111
779.184,67.3494,0.0947808
782.449,67.6624,0.0966679
785.714,67.9837,0.102091
788.98,68.288,0.140904
792.245,68.5531,0.0977462
795.51,69.1089,0.111357
798.776,69.2637,0.0976667
802.041,69.5218,0.0953133
805.306,69.7203,0.0973555
808.571,70.2687,0.102276
811.837,70.3951,0.0940758
815.102,70.7496,0.102296
818.367,70.912,0.0936311
821.633,71.3083,0.101288
824.898,71.8526,0.114818
828.163,71.9344,0.0974467
831.429,72.3733,0.0977999
834.694,72.7298,0.119495
837.959,72.9684,0.102643
841.224,73.3221,0.118884
844.49,73.439,0.0981173
847.755,73.9199,0.105397
851.02,74.108,0.0962507
854.286,74.5481,0.108339
857.551,74.9048,0.116392
860.816,75.1693,0.126258
864.082,75.5076,0.127326
867.347,75.7677,0.104167
870.612,76.0654,0.107925
873.878,76.4384,0.144925
877.143,77.0624,0.132694
880.408,77.1807,0.115329
883.673,77.3856,0.103312
886.939,77.7431,0.104826
890.204,78.2284,0.142662
893.469,78.5753,0.125906
896.735,78.613,0.101622
900.0,79.0911,0.129683
903.265,79.473,0.266368
906.531,79.6969,0.124427
909.796,79.9981,0.116578
913.061,80.1206,0.119137
916.327,80.4369,0.11471
919.592,80.9513,0.198562
922.857,81.2701,0.111753
926.122,81.4498,0.114351
929.388,81.8524,0.11415
932.653,82.1322,0.112913
935.918,82.3312,0.113219
939.184,82.6784,0.118694
942.449,82.985,0.111738
945.714,83.5587,0.134553
948.98,83.614,0.119595
952.245,83.9768,0.110278
955.51,84.4409,0.135891
958.776,84.623,0.124438
962.041,85.2355,0.136555
965.306,85.3556,0.121104
968.571,85.6928,0.126124
971.837,86.0834,0.136552
975.102,86.2231,0.131283
978.367,86.5011,0.121389
981.633,86.8765,0.115121
984.898,87.2907,0.1611
988.163,87.9373,0.15955
991.429,87.7312,0.126225
994.694,88.4447,0.268272
997.959,88.8793,0.132425
1001.22,88.8089,0.129187
1004.49,89.1391,0.121886
1007.76,89.241,0.124284
1011.02,89.8306,0.129017
1014.29,90.1143,0.195238
1017.55,90.5801,0.136152
1020.82,90.7296,0.142264
1024.08,91.0656,0.132537
1027.35,91.3162,0.147388
1030.61,91.6434,0.122891
1033.88,92.1196,0.147575
1037.14,92.3781,0.142051
1040.41,92.7721,0.136709
1043.67,93.2775,0.159751
1046.94,93.2103,0.143818
1050.2,93.5539,0.184741
1053.47,93.9456,0.14316
1056.73,94.1739,0.125948
1060.0,94.5438,0.136478
1064.9,95.4027,0.17131
1069.8,95.8536,0.163282
1074.69,96.0342,0.123344
1079.59,96.5761,0.137413
1084.49,97.0036,0.131612
1089.39,97.3985,0.140719
1094.29,98.1013,0.141111
1099.18,98.4526,0.1339
1104.08,98.9163,0.142532
1108.98,99.4011,0.150279
1113.88,99.7812,0.129915
1118.78,100.419,0.158836
1123.67,101.041,0.144724
1128.57,101.525,0.145178
1133.47,101.868,0.139071
1138.37,102.693,0.177525
1143.27,102.867,0.160143
1148.16,103.42,0.168769
1153.06,103.935,0.1628
1157.96,104.245,0.144672
1162.86,104.725,0.140393
1167.76,105.327,0.145308
1172.65,105.492,0.149309
1177.55,106.429,0.171993
1182.45,107.169,0.172981
1187.35,107.435,0.158892
1192.24,107.727,0.19002
1197.14,108.076,0.144034
1202.04,108.825,0.181256
1206.94,109.186,0.162325
1211.84,109.748,0.158271
1216.73,110.196,0.198119
1221.63,110.736,0.162703
1226.53,111.038,0.146002
1231.43,111.842,0.165581
1236.33,112.109,0.15538
1241.22,112.646,0.164304
1246.12,113.038,0.177856
1251.02,113.606,0.152769
1255.92,113.846,0.15316
1260.82,114.806,0.155197
1265.71,114.97,0.163975
1270.61,115.774,0.173419
1275.51,116.218,0.187382
1280.41,116.767,0.183415
1285.31,117.303,0.16566
1290.2,117.64,0.173142
1295.1,117.853,0.16156
1300.0,118.715,0.252446
1304.9,118.822,0.165785
1309.8,119.8,0.167472
1314.69,120.575,0.219403
1319.59,120.355,0.170046
1324.49,121.348,0.182842
1329.39,121.479,0.17872
1334.29,122.071,0.160588
1339.18,122.524,0.180703
1344.08,122.886,0.172825
1348.98,123.588,0.243061
1353.88,123.914,0.186126
1358.78,124.375,0.20427
1363.67,125.21,0.17475
1368.57,125.558,0.180846
1373.47,125.691,0.207316
1378.37,126.598,0.198664
1383.27,126.851,0.190163
1388.16,127.75,0.222745
1393.06,128.18,0.20097
1397.96,128.473,0.184025
1402.86,129.245,0.242706
1407.76,129.291,0.170962
1412.65,129.789,0.181358
1417.55,130.533,0.179757
1422.45,130.744,0.189966
1427.35,131.698,0.206832
1432.24,131.991,0.184418
1437.14,132.448,0.199239
1442.04,132.944,0.208986
1446.94,133.123,0.190845
1451.84,133.632,0.174478
1456.73,134.494,0.215645
1461.63,135.233,0.216016
1466.53,135.606,0.190897
1471.43,135.841,0.223987
1476.33,136.238,0.185758
1481.22,136.665,0.186994
1486.12,137.334,0.195895
1491.02,137.735,0.191665
1495.92,138.744,0.256384
1500.82,138.667,0.185448
1505.71,139.618,0.21918
1510.61,140.32,0.40992
1515.51,140.742,0.229453
1520.41,140.791,0.196081
1525.31,141.56,0.268569
1530.2,142.092,0.218467
1535.1,142.33,0.207514
1540.0,142.614,0.199186
1547.35,143.226,0.194404
1554.69,144.46,0.213257
1562.04,145.012,0.230774
1569.39,146.248,0.21605
1576.73,146.716,0.204124
1584.08,147.382,0.213763
1591.43,148.278,0.249347
1598.78,148.374,0.200458
1606.12,149.356,0.210334
1613.47,150.448,0.217987
1620.82,151.565,0.233872
1628.16,151.959,0.289217
1635.51,152.723,0.223659
1642.86,153.793,0.24509
1650.2,154.084,0.227216
1657.55,155.029,0.229326
1664.9,155.513,0.23849
1672.24,156.395,0.221556
1679.59,157.207,0.255073
1686.94,157.767,0.231918
1694.29,158.665,0.225147
1701.63,159.305,0.210517
1708.98,160.128,0.257021
1716.33,161.229,0.270389
1723.67,161.882,0.254438
1731.02,162.7,0.242873
1738.37,163.469,0.297242
1745.71,164.052,0.24066
1753.06,164.859,0.229014
1760.41,165.382,0.259844
1767.76,166.14,0.226864
1775.1,167.104,0.243216
1782.45,167.908,0.247115
1789.8,168.748,0.333095
1797.14,169.172,0.239019
1804.49,170.073,0.24544
1811.84,170.493,0.236417
1819.18,171.768,0.241766
1826.53,172.021,0.231164
1833.88,173.81,0.277863
1841.22,173.841,0.249851
1848.57,174.515,0.25279
1855.92,175.438,0.249601
1863.27,176.281,0.249719
1870.61,177.1,0.298302
1877.96,178.08,0.25486
1885.31,178.744,0.312376
1892.65,178.574,0.234907
1900.0,180.131,0.342011
1907.35,180.442,0.239311
1914.69,181.246,0.244201
1922.04,182.568,0.338004
1929.39,183.598,0.30573
1936.73,184.074,0.37701
1944.08,184.986,0.304528
1951.43,185.11,0.328213
1958.78,186.27,0.341551
1966.12,186.711,0.301875
1973.47,188.961,1.25539
1980.82,188.305,0.254155
1988.16,189.221,0.270915
1995.51,189.714,0.273403
2002.86,190.309,0.251036
2010.2,191.163,0.254782
2017.55,192.581,0.298368
2024.9,193.108,0.263221
2032.24,193.763,0.280795
2039.59,195.196,0.544382
2046.94,195.476,0.277315
2054.29,196.2,0.274534
2061.63,197.556,0.391031
2068.98,197.734,0.335177
2076.33,199.052,0.360524
2083.67,199.594,0.282615
2091.02,200.062,0.281212
2098.37,200.618,0.260251
2105.71,201.833,0.298222
2113.06,202.248,0.293291
2120.41,202.787,0.307354
2127.76,204.399,0.387078
2135.1,204.718,0.341033
2142.45,205.91,0.323558
2149.8,206.991,0.37584
2157.14,207.559,0.408625
2164.49,207.24,0.269238
2171.84,208.422,0.321935
2179.18,209.664,0.344347
2186.53,209.88,0.321231
2193.88,210.384,0.306079
2201.22,211.246,0.32375
2208.57,212.884,0.324627
2215.92,213.481,0.344511
2223.27,213.691,0.316228
2230.61,214.996,0.314848
2237.96,215.238,0.317317
2245.31,216.535,0.327104
2252.65,217.795,0.393512
2260.0,218.055,0.321547
2271.02,218.826,0.365789
2282.04,219.602,0.306102
2293.06,221.505,0.347218
2304.08,223.062,0.360856
2315.1,223.555,0.312517
2326.12,224.838,0.341486
2337.14,225.914,0.350136
2348.16,227.507,0.424244
2359.18,228.332,0.336555
2370.2,229.482,0.334704
2381.22,230.983,0.330068
2392.24,231.636,0.328
2403.27,233.878,0.611183
2414.29,235.593,1.64024
2425.31,236.109,0.537491
2436.33,237.163,0.401801
2447.35,237.257,0.345978
2458.37,238.839,0.401175
2469.39,240.474,0.374026
2480.41,240.92,0.329287
2491.43,242.763,0.369985
2502.45,243.363,0.356513
2513.47,245.361,0.378572
2524.49,246.302,0.395767
2535.51,246.884,0.407955
2546.53,248.304,0.356382
2557.55,249.829,0.396597
2568.57,250.73,0.353258
2579.59,252.002,0.390691
2590.61,252.904,0.378225
2601.63,254.264,0.361829
2612.65,254.979,0.36777
2623.67,256.488,0.348917
2634.69,257.678,0.355843
2645.71,258.384,0.359477
2656.73,259.968,0.390889
2667.76,260.428,0.375163
2678.78,262.602,0.369098
2689.8,263.42,0.384764
2700.82,264.621,0.363338
2711.84,266.115,0.427133
2722.86,266.653,0.425505
2733.88,268.861,0.579702
2744.9,269.444,0.385985
2755.92,270.695,0.42869
2766.94,271.831,0.42765
2777.96,274.576,0.513576
2788.98,275.042,0.382663
2800.0,276.303,0.538431
2814.29,276.257,0.366713
2828.57,278.633,0.467782
2842.86,280.299,0.488681
2857.14,281.999,0.430554
2871.43,283.647,0.470842
2885.71,284.598,0.396923
2900.0,285.638,0.404592
2914.29,287.598,0.41291
2928.57,289.594,0.412935
2942.86,291.121,0.427284
2957.14,292.758,0.471807
2971.43,294.075,0.4569
2985.71,295.771,0.454898
3000.0,296.797,0.446631
3014.29,298.314,0.53125
3028.57,300.595,0.46139
3042.86,301.361,0.418352
3057.14,303.693,0.469552
3071.43,305.206,0.460531
3085.71,306.651,0.473827
3100.0,307.81,0.462617
3114.29,310.02,0.51873
3128.57,311.583,0.484879
3142.86,312.662,0.422546
3157.14,313.805,0.458126
3171.43,316.294,0.571078
3185.71,317.591,0.490645
3200.0,318.89,0.45838
3214.29,321.025,0.463562
3228.57,322.787,0.828066
3242.86,323.997,0.539028
3257.14,325.822,0.520572
3271.43,327.019,0.456316
3285.71,328.328,0.460182
3300.0,329.541,0.483467
3314.29,331.543,0.547641
3328.57,333.966,0.510356
3342.86,334.286,0.505807
3357.14,335.607,0.44823
3371.43,337.219,0.456086
3385.71,339.216,0.532093
3400.0,341.247,0.488723
3414.29,342.045,0.491296
3428.57,344.004,0.49659
3442.86,346.308,0.689364
3457.14,347.195,0.573209
3471.43,347.415,0.495178
3485.71,350.439,0.506893
3500.0,350.78,0.526836
3520.41,353.99,0.521592
3540.82,355.821,0.525677
3561.22,359.808,0.714294
3581.63,361.101,0.561489
3602.04,363.573,0.543524
3622.45,365.507,0.522705
3642.86,368.033,0.670349
3663.27,370.559,0.974587
3683.67,372.199,0.526029
3704.08,374.067,0.567725
3724.49,375.61,0.557398
3744.9,379.189,0.605602
3765.31,380.941,0.654333
3785.71,382.97,0.545609
3806.12,384.842,0.542014
3826.53,387.9,0.558486
3846.94,389.156,0.532098
3867.35,391.799,0.563751
3887.76,394.985,0.60651
3908.16,396.916,0.569256
3928.57,398.322,0.668859
3948.98,401.133,0.583769
3969.39,404.147,0.61864
3989.8,405.456,0.600535
4010.2,408.412,0.726748
4030.61,410.781,0.718984
4051.02,413.701,0.621229
4071.43,415.373,0.714316
4091.84,416.181,0.577063
4112.24,419.315,0.608895
4132.65,421.796,0.607402
4153.06,423.512,0.633962
4173.47,426.972,0.696364
4193.88,428.743,0.785693
4214.29,431.397,0.644472
4234.69,433.97,0.622391
4255.1,435.336,0.693577
4275.51,438.669,0.767931
4295.92,442.397,1.95242
4316.33,443.079,0.708496
4336.73,442.852,0.765683
4357.14,446.467,0.696008
4377.55,449.937,0.810437
4397.96,453.852,3.1683
4418.37,454.921,0.710592
4438.78,456.582,0.660903
4459.18,457.883,0.814449
4479.59,460.583,0.729015
4500.0,463.096,0.667137
4530.61,466.447,0.69759
4561.22,469.731,0.704192
4591.84,473.716,0.72536
4622.45,476.967,0.655835
4653.06,481.237,0.695747
4683.67,483.948,0.888107
4714.29,487.248,0.844994
4744.9,490.506,0.828032
4775.51,493.16,0.703001
4806.12,496.191,0.702287
4836.73,500.167,0.824751
4867.35,505.068,0.790557
4897.96,508.855,0.807589
4928.57,511.926,0.79414
4959.18,513.599,0.76003
4989.8,518.66,0.805427
5020.41,521.646,0.807659
5051.02,524.031,0.856088
5081.63,528.74,0.787267
5112.24,531.979,1.02676
5142.86,535.799,0.813037
5173.47,539.478,0.968927
5204.08,543.968,0.847897
5234.69,546.419,0.835707
5265.31,551.156,0.927135
5295.92,552.505,0.821206
5326.53,556.355,0.882635
5357.14,559.77,0.808829
5387.76,563.648,0.937725
5418.37,566.365,0.822926
5448.98,569.626,0.783509
5479.59,576.097,1.09987
5510.2,577.469,0.842077
5540.82,579.931,0.899693
5571.43,583.973,0.870602
5602.04,588.253,0.985604
5632.65,590.633,0.929108
5663.27,594.16,0.859789
5693.88,598.193,0.827503
5724.49,601.952,0.964961
5755.1,608.37,3.0685
5785.71,609.459,0.890308
5816.33,610.564,0.792788
5846.94,614.204,0.819378
5877.55,618.612,1.00507
5908.16,621.352,0.86405
5938.78,629.362,2.6235
5969.39,630.189,1.05338
6000.0,630.857,0.924501
6040.82,637.026,1.01616
6081.63,644.69,1.14477
6122.45,647.054,0.899066
6163.27,654.067,1.29722
6204.08,657.569,1.08969
6244.9,661.011,1.07526
6285.71,667.378,1.30355
6326.53,670.654,1.0436
6367.35,675.63,1.02714
6408.16,681.847,1.42741
6448.98,685.741,0.948827
6489.8,689.49,1.16756
6530.61,694.831,1.11251
6571.43,700.647,1.04891
6612.24,707.087,1.16808
6653.06,709.054,1.11853
6693.88,712.081,1.23465
6734.69,720.516,1.49803
6775.51,722.012,1.324
6816.33,726.93,1.09084
6857.14,733.764,1.25441
6897.96,738.166,1.2148
6938.78,742.149,1.13915
6979.59,745.116,1.14177
7020.41,750.262,1.19607
7061.22,757.251,1.21844
7102.04,760.545,1.32927
7142.86,765.165,1.16908
7183.67,770.814,1.14155
7224.49,774.757,1.18437
7265.31,780.228,1.15486
7306.12,784.237,1.18577
7346.94,788.422,1.23704
7387.76,793.92,1.28052
7428.57,799.59,1.16843
7469.39,806.906,2.5282
7510.2,809.879,1.31386
7551.02,812.571,1.20548
7591.84,819.268,1.46758
7632.65,823.138,1.25044
7673.47,829.34,1.3412
7714.29,834.12,1.68203
7755.1,838.208,1.23756
7795.92,842.824,1.50719
7836.73,847.012,1.49893
7877.55,851.082,1.35242
7918.37,853.349,1.33152
7959.18,859.598,1.20804
8000.0,866.833,2.38283
8040.82,870.903,1.28383
8081.63,874.623,1.25661
8122.45,878.915,1.3051
8163.27,882.379,1.31873
8204.08,889.754,1.29337
8244.9,896.107,1.49201
8285.71,900.49,2.05956
8326.53,903.559,1.46699
8367.35,909.565,1.54114
8408.16,912.89,1.42913
8448.98,919.895,4.57764
8489.8,923.546,1.33153
8530.61,931.348,2.61763
8571.43,935.387,1.49885
8612.24,938.485,1.42839
8653.06,941.811,1.36816
8693.88,950.521,1.54451
8734.69,953.186,1.49907
8775.51,958.465,2.22999
8816.33,961.986,1.34165
8857.14,969.084,1.51322
8897.96,974.624,1.45382
8938.78,977.511,1.55991
8979.59,986.011,2.13397
9020.41,990.006,1.63116
9061.22,989.879,1.78244
9102.04,995.54,1.40133
9142.86,1000.1,1.46459
9183.67,1000.85,1.30306
9224.49,1009.31,1.42699
9265.31,1015.64,1.49966
9306.12,1021.92,1.69055
9346.94,1025.78,1.64555
9387.76,1030.63,1.6303
9428.57,1036.25,1.51799
9469.39,1040.85,1.74678
9510.2,1044.13,1.82353
9551.02,1050.02,2.01064
9591.84,1054.97,1.52595
9632.65,1059.74,2.84496
9673.47,1062.49,1.60442
9714.29,1065.76,1.40151
9755.1,1076.61,1.94935
9795.92,1078.64,1.62803
9836.73,1086.56,1.93622
9877.55,1091.1,1.69709
9918.37,1090.78,1.59323
9959.18,1099.15,1.94686
10000.0,1104.25,1.65994
