0.0,0.0,0.0
0.000204082,0.0,0.0
0.000408163,0.0,0.0
0.000612245,0.0,0.0
0.000816327,0.0,0.0
0.00102041,0.0,0.0
0.00122449,0.0,0.0
0.00142857,0.0,0.0
0.00163265,0.0,0.0
0.00183673,0.0,0.0
0.00204082,0.0,0.0
0.0022449,0.0,0.0
0.00244898,0.0,0.0
0.00265306,0.0,0.0
0.00285714,0.0,0.0
0.00306122,0.0,0.0
0.00326531,0.0,0.0
0.00346939,0.0,0.0
0.00367347,0.0,0.0
0.00387755,0.0,0.0
0.00408163,0.0,0.0
0.00428571,0.0,0.0
0.0044898,0.0,0.0
0.00469388,0.0,0.0
0.00489796,0.0,0.0
0.00510204,0.0,0.0
0.00530612,0.0,0.0
0.0055102,0.0,0.0
0.00571429,0.0,0.0
0.00591837,0.0,0.0
0.00612245,0.0,0.0
0.00632653,0.0,0.0
0.00653061,0.0,0.0
0.00673469,0.0,0.0
0.00693878,0.0,0.0
0.00714286,0.0,0.0
0.00734694,0.0,0.0
0.00755102,0.0,0.0
0.0077551,0.0,0.0
0.00795918,0.0,0.0
0.00816327,0.0,0.0
0.00836735,0.0,0.0
0.00857143,0.0,0.0
0.00877551,0.0,0.0
0.00897959,0.0,0.0
0.00918367,0.0,0.0
0.00938776,0.0,0.0
0.00959184,0.0,0.0
0.00979592,0.0,0.0
0.01,0.0,0.0
0.0118367,0.0,0.0
0.0136735,0.0,0.0
0.0155102,0.0,0.0
0.0173469,0.0,0.0
0.0191837,0.0,0.0
0.0210204,0.0,0.0
0.0228571,0.0,0.0
0.0246939,0.0,0.0
0.0265306,0.0,0.0
0.0283673,0.0,0.0
0.0302041,0.0,0.0
0.0320408,0.0,0.0
0.0338776,0.0,0.0
0.0357143,0.0,0.0
0.037551,0.0,0.0
0.0393878,0.0,0.0
0.0412245,0.0,0.0
0.0430612,0.0,0.0
0.044898,0.0,0.0
0.0467347,0.0,0.0
0.0485714,0.0,0.0
0.0504082,0.0,0.0
0.0522449,0.0,0.0
0.0540816,0.0,0.0
0.0559184,0.0,0.0
0.0577551,0.0,0.0
0.0595918,0.0,0.0
0.0614286,0.0,0.0
0.0632653,0.0,0.0
0.065102,0.0,0.0
0.0669388,0.0,0.0
0.0687755,0.0,0.0
0.0706122,0.0,0.0
0.072449,0.0,0.0
0.0742857,0.0,0.0
0.0761224,0.0,0.0
0.0779592,0.0,0.0
0.0797959,0.0,0.0
0.0816327,0.0,0.0
0.0834694,0.0,0.0
0.0853061,0.0,0.0
0.0871429,0.0,0.0
0.0889796,0.0,0.0
0.0908163,0.0,0.0
0.0926531,0.0,0.0
0.0944898,0.0,0.0
0.0963265,0.0,0.0
0.0981633,0.0,0.0
0.1,0.0,0.0
0.102041,0.0,0.0
0.104082,0.0,0.0
0.106122,0.0,0.0
0.108163,0.0,0.0
0.110204,0.0,0.0
0.112245,0.0,0.0
0.114286,0.0,0.0
0.116327,0.0,0.0
0.118367,0.0,0.0
0.120408,0.0,0.0
0.122449,0.0,0.0
0.12449,0.0,0.0
0.126531,0.0,0.0
0.128571,0.0,0.0
0.130612,0.0,0.0
0.132653,0.0,0.0
0.134694,0.0,0.0
0.136735,0.0,0.0
0.138776,0.0,0.0
0.140816,0.0,0.0
0.142857,0.0,0.0
0.144898,0.0,0.0
0.146939,0.0,0.0
0.14898,0.0,0.0
0.15102,0.0,0.0
0.153061,0.0,0.0
0.155102,0.0,0.0
0.157143,0.0,0.0
0.159184,0.0,0.0
0.161224,0.0,0.0
0.163265,0.0,0.0
0.165306,0.0,0.0
0.167347,0.0,0.0
0.169388,0.0,0.0
0.171429,0.0,0.0
0.173469,0.0,0.0
0.17551,0.0,0.0
0.177551,0.0,0.0
0.179592,0.0,0.0
0.181633,0.0,0.0
0.183673,0.0,0.0
0.185714,0.0,0.0
0.187755,0.0,0.0
0.189796,0.0,0.0
0.191837,0.0,0.0
0.193878,0.0,0.0
0.195918,0.0,0.0
0.197959,0.0,0.0
0.2,0.0,0.0
0.202041,0.0,0.0
0.204082,0.0,0.0
0.206122,0.0,0.0
0.208163,0.0,0.0
0.210204,0.0,0.0
0.212245,0.0,0.0
0.214286,0.0,0.0
0.216327,0.0,0.0
0.218367,0.0,0.0
0.220408,0.0,0.0
0.222449,0.0,0.0
0.22449,0.0,0.0
0.226531,0.0,0.0
0.228571,0.0,0.0
0.230612,0.0,0.0
0.232653,0.0,0.0
0.234694,0.0,0.0
0.236735,0.0,0.0
0.238776,0.0,0.0
0.240816,0.0,0.0
0.242857,0.0,0.0
0.244898,0.0,0.0
0.246939,0.0,0.0
0.24898,0.0,0.0
0.25102,0.0,0.0
0.253061,0.0,0.0
0.255102,0.0,0.0
0.257143,0.0,0.0
0.259184,0.0,0.0
0.261224,0.0,0.0
0.263265,0.0,0.0
0.265306,0.0,0.0
0.267347,0.0,0.0
0.269388,0.0,0.0
0.271429,0.0,0.0
0.273469,0.0,0.0
0.27551,0.0,0.0
0.277551,0.0,0.0
0.279592,0.0,0.0
0.281633,0.0,0.0
0.283673,0.0,0.0
0.285714,0.0,0.0
0.287755,0.0,0.0
0.289796,0.0,0.0
0.291837,0.0,0.0
0.293878,0.0,0.0
0.295918,0.0,0.0
0.297959,0.0,0.0
0.3,0.0,0.0
0.302041,0.0,0.0
0.304082,0.0,0.0
0.306122,0.0,0.0
0.308163,0.0,0.0
0.310204,0.0,0.0
0.312245,0.0,0.0
0.314286,0.0,0.0
0.316327,0.0,0.0
0.318367,0.0,0.0
0.320408,0.0,0.0
0.322449,0.0,0.0
0.32449,0.0,0.0
0.326531,0.0,0.0
0.328571,0.0,0.0
0.330612,0.0,0.0
0.332653,0.0,0.0
0.334694,0.0,0.0
0.336735,0.0,0.0
0.338776,0.0,0.0
0.340816,0.0,0.0
0.342857,0.0,0.0
0.344898,0.0,0.0
0.346939,0.0,0.0
0.34898,0.0,0.0
0.35102,0.0,0.0
0.353061,0.0,0.0
0.355102,0.0,0.0
0.357143,0.0,0.0
0.359184,0.0,0.0
0.361224,0.0,0.0
0.363265,0.0,0.0
0.365306,0.0,0.0
0.367347,0.0,0.0
0.369388,0.0,0.0
0.371429,0.0,0.0
0.373469,0.0,0.0
0.37551,0.0,0.0
0.377551,0.0,0.0
0.379592,0.0,0.0
0.381633,0.0,0.0
0.383673,0.0,0.0
0.385714,0.0,0.0
0.387755,0.0,0.0
0.389796,0.0,0.0
0.391837,0.0,0.0
0.393878,0.0,0.0
0.395918,0.0,0.0
0.397959,0.0,0.0
0.4,0.0,0.0
0.402041,0.0,0.0
0.404082,0.0,0.0
0.406122,0.0,0.0
0.408163,0.0,0.0
0.410204,0.0,0.0
0.412245,0.0,0.0
0.414286,0.0,0.0
0.416327,0.0,0.0
0.418367,0.0,0.0
0.420408,0.0,0.0
0.422449,0.0,0.0
0.42449,0.0,0.0
0.426531,0.0,0.0
0.428571,0.0,0.0
0.430612,0.0,0.0
0.432653,0.0,0.0
0.434694,0.0,0.0
0.436735,0.0,0.0
0.438776,0.0,0.0
0.440816,0.0,0.0
0.442857,0.0,0.0
0.444898,0.0,0.0
0.446939,0.0,0.0
0.44898,0.0,0.0
0.45102,0.0,0.0
0.453061,0.0,0.0
0.455102,0.0,0.0
0.457143,0.0,0.0
0.459184,0.0,0.0
0.461224,0.0,0.0
0.463265,0.0,0.0
0.465306,0.0,0.0
0.467347,0.0,0.0
0.469388,0.0,0.0
0.471429,0.0,0.0
0.473469,0.0,0.0
0.47551,0.0,0.0
0.477551,0.0,0.0
0.479592,0.0,0.0
0.481633,0.0,0.0
0.483673,0.0,0.0
0.485714,0.0,0.0
0.487755,0.0,0.0
0.489796,0.0,0.0
0.491837,0.0,0.0
0.493878,0.0,0.0
0.495918,0.0,0.0
0.497959,0.0,0.0
0.5,0.0,0.0
0.502041,0.0,0.0
0.504082,0.0,0.0
0.506122,0.0,0.0
0.508163,0.0,0.0
0.510204,0.0,0.0
0.512245,0.0,0.0
0.514286,0.0,0.0
0.516327,0.0,0.0
0.518367,0.0,0.0
0.520408,0.0,0.0
0.522449,0.0,0.0
0.52449,0.0,0.0
0.526531,0.0,0.0
0.528571,0.0,0.0
0.530612,0.0,0.0
0.532653,0.0,0.0
0.534694,0.0,0.0
0.536735,0.0,0.0
0.538776,0.0,0.0
0.540816,0.0,0.0
0.542857,0.0,0.0
0.544898,0.0,0.0
0.546939,0.0,0.0
0.54898,0.0,0.0
0.55102,0.0,0.0
0.553061,0.0,0.0
0.555102,0.0,0.0
0.557143,0.0,0.0
0.559184,0.0,0.0
0.561224,0.0,0.0
0.563265,0.0,0.0
0.565306,0.0,0.0
0.567347,0.0,0.0
0.569388,0.0,0.0
0.571429,0.0,0.0
0.573469,0.0,0.0
0.57551,0.0,0.0
0.577551,0.0,0.0
0.579592,0.0,0.0
0.581633,0.0,0.0
0.583673,0.0,0.0
0.585714,0.0,0.0
0.587755,0.0,0.0
0.589796,0.0,0.0
0.591837,0.0,0.0
0.593878,0.0,0.0
0.595918,0.0,0.0
0.597959,0.0,0.0
0.6,0.0,0.0
0.602041,0.0,0.0
0.604082,0.0,0.0
0.606122,0.0,0.0
0.608163,0.0,0.0
0.610204,0.0,0.0
0.612245,0.0,0.0
0.614286,0.0,0.0
0.616327,0.0,0.0
0.618367,0.0,0.0
0.620408,0.0,0.0
0.622449,0.0,0.0
0.62449,0.0,0.0
0.626531,0.0,0.0
0.628571,0.0,0.0
0.630612,0.0,0.0
0.632653,0.0,0.0
0.634694,0.0,0.0
0.636735,0.0,0.0
0.638776,0.0,0.0
0.640816,0.0,0.0
0.642857,0.0,0.0
0.644898,0.0,0.0
0.646939,0.0,0.0
0.64898,0.0,0.0
0.65102,0.0,0.0
0.653061,0.0,0.0
0.655102,0.0,0.0
0.657143,0.0,0.0
0.659184,0.0,0.0
0.661224,0.0,0.0
0.663265,0.0,0.0
0.665306,0.0,0.0
0.667347,0.0,0.0
0.669388,0.0,0.0
0.671429,0.0,0.0
0.673469,0.0,0.0
0.67551,0.0,0.0
0.677551,0.0,0.0
0.679592,0.0,0.0
0.681633,0.0,0.0
0.683673,0.0,0.0
0.685714,0.0,0.0
0.687755,0.0,0.0
0.689796,0.0,0.0
0.691837,0.0,0.0
0.693878,0.0,0.0
0.695918,0.0,0.0
0.697959,0.0,0.0
0.7,0.0,0.0
0.702041,0.0,0.0
0.704082,0.0,0.0
0.706122,0.0,0.0
0.708163,0.0,0.0
0.710204,0.0,0.0
0.712245,0.0,0.0
0.714286,0.0,0.0
0.716327,0.0,0.0
0.718367,0.0,0.0
0.720408,0.0,0.0
0.722449,0.0,0.0
0.72449,0.0,0.0
0.726531,0.0,0.0
0.728571,0.0,0.0
0.730612,0.0,0.0
0.732653,0.0,0.0
0.734694,0.0,0.0
0.736735,0.0,0.0
0.738776,0.0,0.0
0.740816,0.0,0.0
0.742857,0.0,0.0
0.744898,0.0,0.0
0.746939,0.0,0.0
0.74898,0.0,0.0
0.75102,0.0,0.0
0.753061,0.0,0.0
0.755102,0.0,0.0
0.757143,0.0,0.0
0.759184,0.0,0.0
0.761224,0.0,0.0
0.763265,0.0,0.0
0.765306,0.0,0.0
0.767347,0.0,0.0
0.769388,0.0,0.0
0.771429,0.0,0.0
0.773469,0.0,0.0
0.77551,0.0,0.0
0.777551,0.0,0.0
0.779592,0.0,0.0
0.781633,0.0,0.0
0.783673,0.0,0.0
0.785714,0.0,0.0
0.787755,0.0,0.0
0.789796,0.0,0.0
0.791837,0.0,0.0
0.793878,0.0,0.0
0.795918,0.0,0.0
0.797959,0.0,0.0
0.8,0.0,0.0
0.802041,0.0,0.0
0.804082,0.0,0.0
0.806122,0.0,0.0
0.808163,0.0,0.0
0.810204,0.0,0.0
0.812245,0.0,0.0
0.814286,0.0,0.0
0.816327,0.0,0.0
0.818367,0.0,0.0
0.820408,0.0,0.0
0.822449,0.0,0.0
0.82449,0.0,0.0
0.826531,0.0,0.0
0.828571,0.0,0.0
0.830612,0.0,0.0
0.832653,0.0,0.0
0.834694,0.0,0.0
0.836735,0.0,0.0
0.838776,0.0,0.0
0.840816,0.0,0.0
0.842857,0.0,0.0
0.844898,0.0,0.0
0.846939,0.0,0.0
0.84898,0.0,0.0
0.85102,0.0,0.0
0.853061,0.0,0.0
0.855102,0.0,0.0
0.857143,0.0,0.0
0.859184,0.0,0.0
0.861224,0.0,0.0
0.863265,0.0,0.0
0.865306,0.0,0.0
0.867347,0.0,0.0
0.869388,0.0,0.0
0.871429,0.0,0.0
0.873469,0.0,0.0
0.87551,0.0,0.0
0.877551,0.0,0.0
0.879592,0.0,0.0
0.881633,0.0,0.0
0.883673,0.0,0.0
0.885714,0.0,0.0
0.887755,0.0,0.0
0.889796,0.0,0.0
0.891837,0.0,0.0
0.893878,0.0,0.0
0.895918,0.0,0.0
0.897959,0.0,0.0
0.9,0.0,0.0
0.902041,0.0,0.0
0.904082,0.0,0.0
0.906122,0.0,0.0
0.908163,0.0,0.0
0.910204,0.0,0.0
0.912245,0.0,0.0
0.914286,0.0,0.0
0.916327,0.0,0.0
0.918367,0.0,0.0
0.920408,0.0,0.0
0.922449,0.0,0.0
0.92449,0.0,0.0
0.926531,0.0,0.0
0.928571,0.0,0.0
0.930612,0.0,0.0
0.932653,0.0,0.0
0.934694,0.0,0.0
0.936735,0.0,0.0
0.938776,0.0,0.0
0.940816,0.0,0.0
0.942857,0.0,0.0
0.944898,0.0,0.0
0.946939,0.0,0.0
0.94898,0.0,0.0
0.95102,0.0,0.0
0.953061,0.0,0.0
0.955102,0.0,0.0
0.957143,0.0,0.0
0.959184,0.0,0.0
0.961224,0.0,0.0
0.963265,0.0,0.0
0.965306,0.0,0.0
0.967347,0.0,0.0
0.969388,0.0,0.0
0.971429,0.0,0.0
0.973469,0.0,0.0
0.97551,0.0,0.0
0.977551,0.0,0.0
0.979592,0.0,0.0
0.981633,0.0,0.0
0.983673,0.0,0.0
0.985714,0.0,0.0
0.987755,0.0,0.0
0.989796,0.0,0.0
0.991837,0.0,0.0
0.993878,0.0,0.0
0.995918,0.0,0.0
0.997959,0.0,0.0
1.0,0.0,0.0
1.08163,0.0,0.0
1.16327,0.0,0.0
1.2449,0.0,0.0
1.32653,0.0,0.0
1.40816,0.0,0.0
1.4898,0.0,0.0
1.57143,0.0,0.0
1.65306,0.0,0.0
1.73469,0.0,0.0
1.81633,0.0,0.0
1.89796,0.0,0.0
1.97959,0.0,0.0
2.06122,0.0,0.0
2.14286,0.0,0.0
2.22449,0.0,0.0
2.30612,0.0,0.0
2.38776,0.0,0.0
2.46939,0.0,0.0
2.55102,0.0,0.0
2.63265,0.0,0.0
2.71429,0.0,0.0
2.79592,0.0,0.0
2.87755,0.0,0.0
2.95918,0.0,0.0
3.04082,0.0,0.0
3.12245,0.0,0.0
3.20408,0.0,0.0
3.28571,0.0,0.0
3.36735,0.0,0.0
3.44898,0.0,0.0
3.53061,0.0,0.0
3.61224,0.0,0.0
3.69388,0.0,0.0
3.77551,-8.0467e-09,4.20497e-11
3.85714,-5.07818e-08,2.69057e-10
3.93878,-1.15029e-07,5.99451e-10
4.02041,-1.88929e-07,9.9533e-10
4.10204,-2.64795e-07,1.39156e-09
4.18367,-3.47059e-07,1.82252e-09
4.26531,-4.18638e-07,2.1875e-09
4.34694,-4.89324e-07,2.56646e-09
4.42857,-5.58914e-07,2.94015e-09
4.5102,-6.12831e-07,3.2415e-09
4.59184,-6.70376e-07,3.5478e-09
4.67347,-7.13848e-07,3.74766e-09
4.7551,-7.59962e-07,3.99058e-09
4.83673,0.0,0.0
4.91837,4.31753e-25,2.72471e-28
5.0,-3.71522e-23,1.5047e-26
5.10204,1.3971e-20,1.50876e-23
5.20408,9.51867e-20,1.70835e-22
5.30612,4.856e-19,7.00063e-22
5.40816,1.97181e-18,2.00093e-21
5.5102,6.22157e-18,5.53813e-21
5.61224,1.60548e-17,1.38462e-20
5.71429,3.55583e-17,2.82221e-20
5.81633,7.05584e-17,5.04691e-20
5.91837,1.29229e-16,9.15629e-20
6.02041,2.20971e-16,1.71602e-19
6.12245,3.58584e-16,3.04287e-19
6.22449,5.5559e-16,4.83505e-19
6.32653,8.33272e-16,6.97758e-19
6.42857,1.21044e-15,9.51095e-19
6.53061,1.70962e-15,1.28987e-18
6.63265,2.36936e-15,1.83289e-18
6.73469,3.21997e-15,2.64152e-18
6.83673,4.29607e-15,3.7349e-18
6.93878,5.65067e-15,5.04897e-18
7.04082,7.31627e-15,6.50751e-18
7.14286,9.34213e-15,8.05792e-18
7.2449,1.18272e-14,9.81956e-18
7.34694,1.48053e-14,1.20513e-17
7.44898,1.83414e-14,1.50521e-17
7.55102,2.25692e-14,1.92832e-17
7.65306,2.75426e-14,2.47745e-17
7.7551,3.32961e-14,3.14652e-17
7.85714,4.00649e-14,3.92325e-17
7.95918,4.79233e-14,4.7711e-17
8.06122,5.69295e-14,5.65725e-17
8.16327,6.72175e-14,6.56185e-17
8.26531,7.90018e-14,7.47604e-17
8.36735,9.22298e-14,8.43573e-17
8.46939,1.07375e-13,9.54463e-17
8.57143,1.24487e-13,1.08903e-16
8.67347,1.4359e-13,1.25429e-16
8.77551,1.65316e-13,1.48111e-16
8.87755,1.89727e-13,1.76191e-16
8.97959,2.16548e-13,2.08825e-16
9.08163,2.46927e-13,2.48332e-16
9.18367,2.80931e-13,2.92556e-16
9.28571,3.18224e-13,3.40211e-16
9.38776,3.59663e-13,3.90987e-16
9.4898,4.0393e-13,4.42655e-16
9.59184,4.53767e-13,4.95339e-16
9.69388,5.09337e-13,5.51125e-16
9.79592,5.69601e-13,6.04939e-16
9.89796,6.35298e-13,6.58846e-16
10.0,7.07158e-13,7.16009e-16
10.2041,8.72414e-13,8.43812e-16
10.4082,1.06603e-12,1.01181e-15
10.6122,1.29564e-12,1.25044e-15
10.8163,1.56353e-12,1.58096e-15
11.0204,1.88194e-12,2.01714e-15
11.2245,2.24706e-12,2.54628e-15
11.4286,2.66647e-12,3.16539e-15
11.6327,3.15754e-12,3.84278e-15
11.8367,3.70914e-12,4.55893e-15
12.0408,4.35386e-12,5.31725e-15
12.2449,5.06979e-12,6.04361e-15
12.449,5.90699e-12,6.84675e-15
12.6531,6.82125e-12,7.58755e-15
12.8571,7.86571e-12,8.43497e-15
13.0612,9.04594e-12,9.35185e-15
13.2653,1.03989e-11,1.05898e-14
13.4694,1.18817e-11,1.19104e-14
13.6735,1.35638e-11,1.38622e-14
13.8776,1.53937e-11,1.59547e-14
14.0816,1.74419e-11,1.89163e-14
14.2857,1.97719e-11,2.20727e-14
14.4898,2.23147e-11,2.60516e-14
14.6939,2.51572e-11,3.03939e-14
14.898,2.83043e-11,3.5353e-14
15.102,3.17905e-11,4.07071e-14
15.3061,3.54987e-11,4.629e-14
15.5102,3.96773e-11,5.24851e-14
15.7143,4.42103e-11,5.90308e-14
15.9184,4.91781e-11,6.57971e-14
16.1224,5.46817e-11,7.2824e-14
16.3265,6.06713e-11,8.00756e-14
16.5306,6.70356e-11,8.69894e-14
16.7347,7.40283e-11,9.47793e-14
16.9388,8.16916e-11,1.0214e-13
17.1429,8.99416e-11,1.09714e-13
17.3469,9.89301e-11,1.17704e-13
17.551,1.08692e-10,1.25638e-13
17.7551,1.19225e-10,1.3395e-13
17.9592,1.30835e-10,1.42686e-13
18.1633,1.43151e-10,1.523e-13
18.3673,1.5629e-10,1.62243e-13
18.5714,1.70712e-10,1.7321e-13
18.7755,1.86676e-10,1.86923e-13
18.9796,2.03133e-10,2.00327e-13
19.1837,2.20995e-10,2.1682e-13
19.3878,2.4089e-10,2.36748e-13
19.5918,2.61777e-10,2.56835e-13
19.7959,2.83601e-10,2.8139e-13
20.0,3.07481e-10,3.07658e-13
20.4082,3.60275e-10,3.73042e-13
20.8163,4.21255e-10,4.53731e-13
21.2245,4.88964e-10,5.47921e-13
21.6327,5.6685e-10,6.61479e-13
22.0408,6.54205e-10,7.90119e-13
22.449,7.52433e-10,9.35859e-13
22.8571,8.63692e-10,1.09849e-12
23.2653,9.89286e-10,1.28348e-12
23.6735,1.12407e-09,1.48053e-12
24.0816,1.27309e-09,1.68802e-12
24.4898,1.44423e-09,1.92192e-12
24.898,1.62799e-09,2.16003e-12
25.3061,1.83521e-09,2.42096e-12
25.7143,2.05943e-09,2.69419e-12
26.1224,2.30717e-09,2.97912e-12
26.5306,2.58319e-09,3.28472e-12
26.9388,2.89119e-09,3.59412e-12
27.3469,3.22204e-09,3.93048e-12
27.7551,3.58666e-09,4.25791e-12
28.1633,3.98268e-09,4.60684e-12
28.5714,4.41402e-09,4.95562e-12
28.9796,4.8882e-09,5.32678e-12
29.3878,5.41943e-09,5.70656e-12
29.7959,5.96805e-09,6.09291e-12
30.2041,6.60385e-09,6.52505e-12
30.6122,7.27269e-09,6.93417e-12
31.0204,8.00098e-09,7.39767e-12
31.4286,8.80432e-09,7.90717e-12
31.8367,9.66274e-09,8.42104e-12
32.2449,1.0569e-08,8.94538e-12
32.6531,1.15893e-08,9.58094e-12
33.0612,1.26904e-08,1.0274e-11
33.4694,1.38514e-08,1.098e-11
33.8776,1.5116e-08,1.1811e-11
34.2857,1.64936e-08,1.27159e-11
34.6939,1.79177e-08,1.37128e-11
35.102,1.94747e-08,1.48058e-11
35.5102,2.11739e-08,1.60688e-11
35.9184,2.29467e-08,1.74225e-11
36.3265,2.4833e-08,1.8914e-11
36.7347,2.6839e-08,2.05475e-11
37.1429,2.90649e-08,2.24327e-11
37.551,3.13023e-08,2.43818e-11
37.9592,3.37036e-08,2.65592e-11
38.3673,3.6353e-08,2.89468e-11
38.7755,3.90824e-08,3.15638e-11
39.1837,4.19584e-08,3.42606e-11
39.5918,4.49977e-08,3.73143e-11
40.0,4.82482e-08,4.05179e-11
40.4082,5.16328e-08,4.40297e-11
40.8163,5.50889e-08,4.7746e-11
41.2245,5.89212e-08,5.16456e-11
41.6327,6.28603e-08,5.60319e-11
42.0408,6.70317e-08,6.05549e-11
42.449,7.1298e-08,6.53755e-11
42.8571,7.59288e-08,7.05853e-11
43.2653,8.06916e-08,7.59687e-11
43.6735,8.56749e-08,8.17862e-11
44.0816,9.08792e-08,8.78387e-11
44.4898,9.62018e-08,9.41456e-11
44.898,1.02065e-07,1.0132e-10
45.3061,1.08033e-07,1.0853e-10
45.7143,1.14083e-07,1.15862e-10
46.1224,1.2068e-07,1.24362e-10
46.5306,1.27117e-07,1.32052e-10
46.9388,1.3416e-07,1.40938e-10
47.3469,1.41506e-07,1.49853e-10
47.7551,1.49184e-07,1.5986e-10
48.1633,1.5713e-07,1.69768e-10
48.5714,1.65161e-07,1.80216e-10
48.9796,1.73261e-07,1.90681e-10
49.3878,1.82949e-07,2.03073e-10
49.7959,1.9206e-07,2.15089e-10
50.2041,2.01912e-07,2.27623e-10
50.6122,2.11265e-07,2.40002e-10
51.0204,2.22303e-07,2.5411e-10
51.4286,2.32673e-07,2.67885e-10
51.8367,2.44102e-07,2.82573e-10
52.2449,2.56029e-07,2.98387e-10
52.6531,2.66943e-07,3.12534e-10
53.0612,2.79489e-07,3.29407e-10
53.4694,2.92016e-07,3.45301e-10
53.8776,3.06044e-07,3.63182e-10
54.2857,3.20342e-07,3.81584e-10
54.6939,3.34416e-07,3.98954e-10
55.102,3.4905e-07,4.18767e-10
55.5102,3.65113e-07,4.39031e-10
55.9184,3.8102e-07,4.59217e-10
56.3265,3.97265e-07,4.80089e-10
56.7347,4.16614e-07,5.04419e-10
57.1429,4.33226e-07,5.24873e-10
57.551,4.52245e-07,5.48765e-10
57.9592,4.70987e-07,5.7256e-10
58.3673,4.90728e-07,5.96332e-10
58.7755,5.10285e-07,6.20765e-10
59.1837,5.32643e-07,6.48186e-10
59.5918,5.54667e-07,6.74107e-10
60.0,5.77959e-07,7.01774e-10
60.4082,6.02693e-07,7.31458e-10
60.8163,6.27596e-07,7.60118e-10
61.2245,6.51872e-07,7.8897e-10
61.6327,6.78971e-07,8.18992e-10
62.0408,7.06954e-07,8.51272e-10
62.449,7.34034e-07,8.81899e-10
62.8571,7.61763e-07,9.14701e-10
63.2653,7.95978e-07,9.50727e-10
63.6735,8.25699e-07,9.84881e-10
64.0816,8.59617e-07,1.02057e-09
64.4898,8.89409e-07,1.05298e-09
64.898,9.26949e-07,1.09186e-09
65.3061,9.61464e-07,1.1284e-09
65.7143,9.9996e-07,1.17014e-09
66.1224,1.03869e-06,1.20836e-09
66.5306,1.07816e-06,1.2488e-09
66.9388,1.12008e-06,1.2924e-09
67.3469,1.16047e-06,1.33393e-09
67.7551,1.20598e-06,1.37684e-09
68.1633,1.24987e-06,1.42021e-09
68.5714,1.30031e-06,1.46828e-09
68.9796,1.34754e-06,1.51319e-09
69.3878,1.40032e-06,1.56358e-09
69.7959,1.44952e-06,1.6108e-09
70.2041,1.50083e-06,1.65825e-09
70.6122,1.55863e-06,1.71179e-09
71.0204,1.61143e-06,1.75702e-09
71.4286,1.67201e-06,1.80807e-09
71.8367,1.73477e-06,1.86507e-09
72.2449,1.797e-06,1.92144e-09
72.6531,1.85917e-06,1.97161e-09
73.0612,1.92832e-06,2.03252e-09
73.4694,1.99966e-06,2.09258e-09
73.8776,2.06712e-06,2.14921e-09
74.2857,2.14047e-06,2.20712e-09
74.6939,2.21292e-06,2.26337e-09
75.102,2.29393e-06,2.33063e-09
75.5102,2.36974e-06,2.39293e-09
75.9184,2.45569e-06,2.46221e-09
76.3265,2.53492e-06,2.52278e-09
76.7347,2.62806e-06,2.59319e-09
77.1429,2.71365e-06,2.65464e-09
77.551,2.80901e-06,2.72862e-09
77.9592,2.89856e-06,2.79501e-09
78.3673,2.99969e-06,2.86859e-09
78.7755,3.0958e-06,2.94179e-09
79.1837,3.20415e-06,3.01793e-09
79.5918,3.30311e-06,3.08942e-09
80.0,3.41754e-06,3.17044e-09
80.4082,3.52367e-06,3.24385e-09
80.8163,3.64482e-06,3.33351e-09
81.2245,3.75626e-06,3.40168e-09
81.6327,3.87183e-06,3.48407e-09
82.0408,4.00127e-06,3.57186e-09
82.449,4.13e-06,3.65298e-09
82.8571,4.265e-06,3.74465e-09
83.2653,4.39268e-06,3.82478e-09
83.6735,4.53758e-06,3.92361e-09
84.0816,4.67515e-06,4.00872e-09
84.4898,4.82073e-06,4.10369e-09
84.898,4.96826e-06,4.19673e-09
85.3061,5.12224e-06,4.29317e-09
85.7143,5.28268e-06,4.39462e-09
86.1224,5.44259e-06,4.49374e-09
86.5306,5.60415e-06,4.58993e-09
86.9388,5.77522e-06,4.69624e-09
87.3469,5.94468e-06,4.79473e-09
87.7551,6.11834e-06,4.89728e-09
88.1633,6.30215e-06,5.01173e-09
88.5714,6.48271e-06,5.11102e-09
88.9796,6.67154e-06,5.22057e-09
89.3878,6.87007e-06,5.33788e-09
89.7959,7.07351e-06,5.44721e-09
90.2041,7.27454e-06,5.56869e-09
90.6122,7.47361e-06,5.67158e-09
91.0204,7.68518e-06,5.79272e-09
91.4286,7.90197e-06,5.91556e-09
91.8367,8.12891e-06,6.04295e-09
92.2449,8.35518e-06,6.16883e-09
92.6531,8.5929e-06,6.30495e-09
93.0612,8.82485e-06,6.42259e-09
93.4694,9.07371e-06,6.55338e-09
93.8776,9.31504e-06,6.6787e-09
94.2857,9.56225e-06,6.80838e-09
94.6939,9.82402e-06,6.94098e-09
95.102,1.00774e-05,7.07519e-09
95.5102,1.03506e-05,7.219e-09
95.9184,1.06346e-05,7.36472e-09
96.3265,1.0905e-05,7.50671e-09
96.7347,1.11937e-05,7.64645e-09
97.1429,1.14943e-05,7.79858e-09
97.551,1.1787e-05,7.94869e-09
97.9592,1.20928e-05,8.10485e-09
98.3673,1.23842e-05,8.23568e-09
98.7755,1.27123e-05,8.409e-09
99.1837,1.30315e-05,8.56022e-09
99.5918,1.33648e-05,8.73296e-09
100.0,1.36968e-05,8.8935e-09
100.816,1.43914e-05,9.21562e-09
101.633,1.51057e-05,9.55974e-09
102.449,1.5827e-05,9.90214e-09
103.265,1.6606e-05,1.027e-08
104.082,1.74155e-05,1.06397e-08
104.898,1.8237e-05,1.10156e-08
105.714,1.90737e-05,1.1384e-08
106.531,1.99866e-05,1.18196e-08
107.347,2.08843e-05,1.22008e-08
108.163,2.18299e-05,1.26128e-08
108.98,2.28147e-05,1.30488e-08
109.796,2.38169e-05,1.3473e-08
110.612,2.48683e-05,1.39218e-08
111.429,2.59108e-05,1.43673e-08
112.245,2.70389e-05,1.48392e-08
113.061,2.82457e-05,1.53647e-08
113.878,2.93782e-05,1.58161e-08
114.694,3.06179e-05,1.63313e-08
115.51,3.18656e-05,1.68381e-08
116.327,3.31538e-05,1.73627e-08
117.143,3.45009e-05,1.79215e-08
117.959,3.58532e-05,1.84675e-08
118.776,3.72744e-05,1.90201e-08
119.592,3.86958e-05,1.95731e-08
120.408,4.0216e-05,2.01829e-08
121.224,4.17265e-05,2.07619e-08
122.041,4.33306e-05,2.13755e-08
122.857,4.49288e-05,2.20009e-08
123.673,4.66198e-05,2.26524e-08
124.49,4.82934e-05,2.32866e-08
125.306,5.00059e-05,2.39545e-08
126.122,5.18056e-05,2.4616e-08
126.939,5.36847e-05,2.53363e-08
127.755,5.55163e-05,2.5981e-08
128.571,5.7516e-05,2.67355e-08
129.388,5.9441e-05,2.74288e-08
130.204,6.1449e-05,2.81899e-08
131.02,6.3563e-05,2.89574e-08
131.837,6.56629e-05,2.96998e-08
132.653,6.77772e-05,3.04691e-08
133.469,7.00162e-05,3.12623e-08
134.286,7.23617e-05,3.20977e-08
135.102,7.46752e-05,3.29513e-08
135.918,7.69931e-05,3.37458e-08
136.735,7.9484e-05,3.46141e-08
137.551,8.20391e-05,3.55104e-08
138.367,8.45092e-05,3.6371e-08
139.184,8.71272e-05,3.72926e-08
140.0,8.97212e-05,3.81663e-08
140.816,9.24661e-05,3.91069e-08
141.633,9.51746e-05,4.00416e-08
142.449,9.79901e-05,4.09976e-08
143.265,0.000100796,4.19173e-08
144.082,0.000103745,4.29093e-08
144.898,0.000106791,4.39852e-08
145.714,0.000109781,4.49492e-08
146.531,0.000112875,4.60019e-08
147.347,0.000116099,4.70528e-08
148.163,0.000119294,4.81155e-08
148.98,0.00012257,4.91653e-08
149.796,0.000125967,5.02971e-08
150.612,0.0001293,5.13953e-08
151.429,0.000132728,5.24716e-08
152.245,0.000136337,5.36264e-08
153.061,0.000139907,5.48001e-08
153.878,0.000143507,5.59675e-08
154.694,0.000147376,5.71962e-08
155.51,0.000151068,5.8324e-08
156.327,0.000154986,5.96176e-08
157.143,0.000158902,6.08611e-08
157.959,0.00016286,6.20825e-08
158.776,0.000166895,6.33767e-08
159.592,0.000171013,6.46343e-08
160.408,0.00017519,6.59528e-08
161.224,0.000179394,6.72882e-08
162.041,0.000183747,6.86051e-08
162.857,0.000188164,6.99579e-08
163.673,0.000192633,7.13425e-08
164.49,0.000197256,7.27799e-08
165.306,0.000201908,7.41736e-08
166.122,0.000206363,7.5504e-08
166.939,0.000211174,7.69787e-08
167.755,0.000216159,7.84685e-08
168.571,0.000220875,7.98834e-08
169.388,0.000225749,8.13953e-08
170.204,0.000231029,8.2918e-08
171.02,0.000236226,8.44657e-08
171.837,0.000241053,8.59301e-08
172.653,0.000246452,8.75703e-08
173.469,0.000251776,8.90886e-08
174.286,0.000257202,9.07098e-08
175.102,0.000262719,9.23099e-08
175.918,0.000268318,9.39973e-08
176.735,0.000274004,9.55892e-08
177.551,0.000279604,9.72307e-08
178.367,0.000285153,9.88594e-08
179.184,0.000291073,1.00596e-07
180.0,0.000297205,1.0237e-07
180.816,0.00030311,1.04031e-07
181.633,0.000309251,1.05815e-07
182.449,0.000315573,1.07631e-07
183.265,0.000321758,1.09359e-07
184.082,0.000327938,1.1117e-07
184.898,0.000334629,1.13054e-07
185.714,0.000341243,1.14946e-07
186.531,0.000347644,1.16701e-07
187.347,0.000354396,1.18602e-07
188.163,0.000361318,1.20611e-07
188.98,0.000367865,1.22375e-07
189.796,0.000374922,1.2439e-07
190.612,0.000381779,1.26275e-07
191.429,0.000388841,1.28265e-07
192.245,0.000395848,1.30155e-07
193.061,0.00040347,1.32289e-07
193.878,0.000410527,1.34243e-07
194.694,0.000417907,1.36239e-07
195.51,0.000425443,1.38294e-07
196.327,0.000433362,1.40447e-07
197.143,0.000440699,1.42472e-07
197.959,0.000448699,1.44699e-07
198.776,0.000456354,1.46714e-07
199.592,0.000464543,1.48951e-07
200.408,0.000472495,1.51064e-07
201.224,0.000480438,1.53299e-07
202.041,0.000488719,1.55464e-07
202.857,0.000497015,1.57618e-07
203.673,0.000505523,1.60008e-07
204.49,0.000513663,1.62133e-07
205.306,0.000521934,1.64368e-07
206.122,0.00053103,1.66734e-07
206.939,0.000539702,1.69032e-07
207.755,0.000548306,1.71342e-07
208.571,0.00055732,1.73675e-07
209.388,0.000566258,1.76049e-07
210.204,0.000575462,1.78531e-07
211.02,0.000584635,1.80886e-07
211.837,0.000593654,1.83266e-07
212.653,0.000603444,1.85839e-07
213.469,0.000612922,1.88304e-07
214.286,0.00062214,1.90621e-07
215.102,0.00063196,1.93224e-07
215.918,0.000642013,1.95833e-07
216.735,0.00065132,1.98236e-07
217.551,0.000661247,2.00792e-07
218.367,0.00067163,2.03454e-07
219.184,0.00068156,2.06028e-07
220.0,0.000691631,2.08558e-07
221.633,0.000712143,2.13812e-07
223.265,0.000733493,2.19204e-07
224.898,0.000754846,2.24632e-07
226.531,0.000776516,2.30154e-07
228.163,0.0007986,2.35591e-07
229.796,0.000821373,2.41406e-07
231.429,0.000844897,2.47229e-07
233.061,0.000867869,2.5288e-07
234.694,0.00089133,2.58774e-07
236.327,0.00091531,2.64644e-07
237.959,0.000940353,2.70801e-07
239.592,0.00096557,2.76968e-07
241.224,0.000990312,2.8297e-07
242.857,0.00101635,2.89388e-07
244.49,0.0010422,2.95544e-07
246.122,0.00106902,3.02077e-07
247.755,0.00109527,3.08349e-07
249.388,0.001123,3.15088e-07
251.02,0.00115116,3.21707e-07
252.653,0.00117906,3.28406e-07
254.286,0.00120694,3.35174e-07
255.918,0.00123614,3.41922e-07
257.551,0.00126551,3.49013e-07
259.184,0.0012959,3.56065e-07
260.816,0.0013262,3.63078e-07
262.449,0.00135728,3.70376e-07
264.082,0.00138762,3.77559e-07
265.714,0.00141903,3.8475e-07
267.347,0.00145064,3.92179e-07
268.98,0.00148346,3.99769e-07
270.612,0.00151552,4.07178e-07
272.245,0.00154895,4.14853e-07
273.878,0.00158236,4.22381e-07
275.51,0.00161641,4.30278e-07
277.143,0.00165039,4.37941e-07
278.776,0.00168582,4.46038e-07
280.408,0.00172062,4.53756e-07
282.041,0.00175547,4.61889e-07
283.673,0.00179285,4.70305e-07
285.306,0.00182857,4.78365e-07
286.939,0.00186571,4.86562e-07
288.571,0.00190375,4.95127e-07
290.204,0.00194195,5.03467e-07
291.837,0.00198049,5.12094e-07
293.469,0.00201845,5.20632e-07
295.102,0.00205703,5.29124e-07
296.735,0.00209707,5.38053e-07
298.367,0.00213719,5.46748e-07
300.0,0.00217773,5.55831e-07
301.633,0.00221837,5.6472e-07
303.265,0.00225818,5.73416e-07
304.898,0.00230066,5.82693e-07
306.531,0.00234241,5.91752e-07
308.163,0.00238534,6.01181e-07
309.796,0.00242832,6.10483e-07
311.429,0.00247263,6.19911e-07
313.061,0.00251677,6.29534e-07
314.694,0.00256079,6.38913e-07
316.327,0.00260525,6.48445e-07
317.959,0.00265014,6.58136e-07
319.592,0.00269545,6.67991e-07
321.224,0.00274225,6.77939e-07
322.857,0.00278834,6.87785e-07
324.49,0.00283574,6.97937e-07
326.122,0.00288412,7.08086e-07
327.755,0.00293152,7.18257e-07
329.388,0.00297696,7.27609e-07
331.02,0.00302644,7.3822e-07
332.653,0.00307565,7.48471e-07
334.286,0.00312685,7.5919e-07
335.918,0.00317707,7.69809e-07
337.551,0.0032275,7.80475e-07
339.184,0.00327931,7.91146e-07
340.816,0.00332842,8.01471e-07
342.449,0.00338134,8.1228e-07
344.082,0.00343432,8.23345e-07
345.714,0.00348588,8.34309e-07
347.347,0.00354035,8.4563e-07
348.98,0.00359539,8.5674e-07
350.612,0.0036467,8.67162e-07
352.245,0.00370327,8.79034e-07
353.878,0.00375564,8.89748e-07
355.51,0.00381172,9.01405e-07
357.143,0.00386749,9.12703e-07
358.776,0.0039244,9.24508e-07
360.408,0.0039802,9.35759e-07
362.041,0.00403785,9.47704e-07
363.673,0.00409582,9.59385e-07
365.306,0.00415464,9.71351e-07
366.939,0.00421167,9.82946e-07
368.571,0.00427045,9.94718e-07
370.204,0.0043286,1.00656e-06
371.837,0.00439014,1.01898e-06
373.469,0.00445041,1.03097e-06
375.102,0.00451192,1.04341e-06
376.735,0.00457143,1.05567e-06
378.367,0.00463374,1.06807e-06
380.0,0.00469598,1.08029e-06
382.449,0.00478988,1.09952e-06
384.898,0.00488604,1.11828e-06
387.347,0.00498313,1.13765e-06
389.796,0.00507778,1.15658e-06
392.245,0.00517598,1.17595e-06
394.694,0.00527582,1.19575e-06
397.143,0.00537428,1.2153e-06
399.592,0.00547501,1.23497e-06
402.041,0.00557942,1.25586e-06
404.49,0.00568035,1.27566e-06
406.939,0.00578454,1.29595e-06
409.388,0.00589082,1.31677e-06
411.837,0.00599518,1.33729e-06
414.286,0.00610183,1.35806e-06
416.735,0.00621075,1.3793e-06
419.184,0.00632101,1.40025e-06
421.633,0.00642939,1.42131e-06
424.082,0.00653924,1.44263e-06
426.531,0.00665283,1.46469e-06
428.98,0.00676454,1.48622e-06
431.429,0.00687991,1.50852e-06
433.878,0.00699201,1.53022e-06
436.327,0.00711116,1.55274e-06
438.776,0.00722913,1.57572e-06
441.224,0.00734416,1.5972e-06
443.673,0.00746457,1.62045e-06
446.122,0.00758296,1.64348e-06
448.571,0.00770495,1.66625e-06
451.02,0.00782729,1.68929e-06
453.469,0.00795219,1.71326e-06
455.918,0.00807347,1.73629e-06
458.367,0.00819915,1.75981e-06
460.816,0.00832621,1.78399e-06
463.265,0.00845253,1.8078e-06
465.714,0.00857823,1.83173e-06
468.163,0.00870669,1.85563e-06
470.612,0.00883797,1.88005e-06
473.061,0.00897385,1.90587e-06
475.51,0.00910068,1.92944e-06
477.959,0.0092328,1.95392e-06
480.408,0.00936581,1.97946e-06
482.857,0.0094992,2.00418e-06
485.306,0.00963536,2.02954e-06
487.755,0.00977393,2.05565e-06
490.204,0.00991134,2.08005e-06
492.653,0.0100496,2.10634e-06
495.102,0.010188,2.13236e-06
497.551,0.010331,2.15895e-06
500.0,0.0104712,2.18465e-06
502.449,0.0106162,2.21127e-06
504.898,0.0107546,2.23687e-06
507.347,0.0108983,2.26383e-06
509.796,0.0110445,2.29044e-06
512.245,0.0111926,2.31775e-06
514.694,0.0113408,2.34487e-06
517.143,0.0114903,2.37252e-06
519.592,0.0116406,2.40017e-06
522.041,0.0117855,2.42651e-06
524.49,0.0119365,2.45437e-06
526.939,0.0120922,2.48244e-06
529.388,0.012241,2.51074e-06
531.837,0.0123946,2.53821e-06
534.286,0.0125479,2.56619e-06
536.735,0.0127026,2.59447e-06
539.184,0.012864,2.62305e-06
541.633,0.0130227,2.65195e-06
544.082,0.0131804,2.68021e-06
546.531,0.0133361,2.70935e-06
548.98,0.013506,2.74011e-06
551.429,0.0136614,2.76779e-06
553.878,0.0138242,2.79782e-06
556.327,0.0139861,2.82719e-06
558.776,0.0141487,2.85637e-06
561.224,0.0143135,2.88557e-06
563.673,0.0144842,2.91679e-06
566.122,0.0146481,2.94641e-06
568.571,0.0148169,2.97721e-06
571.02,0.0149863,3.00713e-06
573.469,0.0151526,3.03692e-06
575.918,0.0153267,3.06838e-06
578.367,0.0154972,3.09901e-06
580.816,0.0156731,3.12978e-06
583.265,0.0158469,3.16129e-06
585.714,0.0160165,3.1923e-06
588.163,0.0161913,3.22356e-06
590.612,0.0163752,3.25633e-06
593.061,0.0165514,3.28787e-06
595.51,0.0167268,3.31869e-06
597.959,0.0169041,3.35044e-06
600.408,0.0170882,3.384e-06
602.857,0.0172638,3.41521e-06
605.306,0.017453,3.44863e-06
607.755,0.0176356,3.48092e-06
610.204,0.0178129,3.51224e-06
612.653,0.0179958,3.54511e-06
615.102,0.0181828,3.57904e-06
617.551,0.0183715,3.61162e-06
620.0,0.0185597,3.64474e-06
622.449,0.0187443,3.67753e-06
624.898,0.0189352,3.70987e-06
627.347,0.0191276,3.74553e-06
629.796,0.0193166,3.77913e-06
632.245,0.0195102,3.81296e-06
634.694,0.0197033,3.84766e-06
637.143,0.0198909,3.8822e-06
639.592,0.02009,3.9163e-06
642.041,0.0202837,3.95099e-06
644.49,0.0204745,3.98505e-06
646.939,0.0206717,4.01878e-06
649.388,0.0208836,4.05513e-06
651.837,0.0210683,4.08922e-06
654.286,0.0212755,4.1253e-06
656.735,0.0214703,4.15899e-06
659.184,0.0216803,4.19572e-06
661.633,0.0218775,4.23081e-06
664.082,0.0220774,4.26619e-06
666.531,0.0222837,4.30285e-06
668.98,0.0224939,4.33882e-06
671.429,0.0226844,4.3731e-06
673.878,0.0229002,4.41147e-06
676.327,0.0231084,4.44799e-06
678.776,0.0233054,4.48096e-06
681.224,0.0235244,4.5206e-06
683.673,0.0237486,4.5591e-06
686.122,0.023949,4.59396e-06
688.571,0.0241554,4.63158e-06
691.02,0.0243763,4.6681e-06
693.469,0.0245941,4.70622e-06
695.918,0.0248024,4.74415e-06
698.367,0.0250227,4.78264e-06
700.816,0.0252396,4.82121e-06
703.265,0.025448,4.85622e-06
705.714,0.0256724,4.89442e-06
708.163,0.0258877,4.93312e-06
710.612,0.0261099,4.97206e-06
713.061,0.0263207,5.00885e-06
715.51,0.0265498,5.04822e-06
717.959,0.0267724,5.08762e-06
720.408,0.0269929,5.12542e-06
722.857,0.0272197,5.16448e-06
725.306,0.0274426,5.20408e-06
727.755,0.0276719,5.24324e-06
730.204,0.027891,5.28283e-06
732.653,0.028116,5.32159e-06
735.102,0.0283523,5.36265e-06
737.551,0.0285688,5.39993e-06
740.0,0.0287964,5.43859e-06
743.265,0.0291108,5.4947e-06
746.531,0.0294185,5.54806e-06
749.796,0.0297329,5.6011e-06
753.061,0.0300376,5.65652e-06
756.327,0.030369,5.71385e-06
759.592,0.0306702,5.76434e-06
762.857,0.0309903,5.81923e-06
766.122,0.0313189,5.87563e-06
769.388,0.0316323,5.93253e-06
772.653,0.0319477,5.98513e-06
775.918,0.0322735,6.04183e-06
779.184,0.0325903,6.09697e-06
782.449,0.0329081,6.15372e-06
785.714,0.0332398,6.21056e-06
788.98,0.033566,6.26609e-06
792.245,0.0338991,6.32389e-06
795.51,0.0342236,6.38026e-06
798.776,0.0345644,6.43854e-06
802.041,0.0348939,6.49742e-06
805.306,0.0352252,6.55072e-06
808.571,0.0355744,6.61224e-06
811.837,0.0359152,6.67226e-06
815.102,0.0362406,6.72903e-06
818.367,0.0365763,6.78663e-06
821.633,0.036938,6.84764e-06
824.898,0.0372647,6.90384e-06
828.163,0.0376077,6.96343e-06
831.429,0.0379531,7.02224e-06
834.694,0.0383167,7.08442e-06
837.959,0.0386516,7.14545e-06
841.224,0.0390144,7.20757e-06
844.49,0.0393655,7.26398e-06
847.755,0.0396993,7.32452e-06
851.02,0.0400672,7.38676e-06
854.286,0.0404226,7.44657e-06
857.551,0.0407865,7.51023e-06
860.816,0.0411352,7.57233e-06
864.082,0.0414941,7.6319e-06
867.347,0.0418556,7.69328e-06
870.612,0.0422074,7.7562e-06
873.878,0.0425807,7.82069e-06
877.143,0.0429466,7.88341e-06
880.408,0.0433271,7.94935e-06
883.673,0.0436918,8.01156e-06
886.939,0.0440549,8.07317e-06
890.204,0.0444215,8.13703e-06
893.469,0.0448017,8.201e-06
896.735,0.0451639,8.26368e-06
900.0,0.0455496,8.32973e-06
903.265,0.0459128,8.39651e-06
906.531,0.0462923,8.45822e-06
909.796,0.0466806,8.52396e-06
913.061,0.0470457,8.5901e-06
916.327,0.0474336,8.6537e-06
919.592,0.0478137,8.72008e-06
922.857,0.0482046,8.78715e-06
926.122,0.0485757,8.85102e-06
929.388,0.0489866,8.9219e-06
932.653,0.0493735,8.98747e-06
935.918,0.049743,9.05247e-06
939.184,0.0501467,9.12087e-06
942.449,0.0505326,9.18873e-06
945.714,0.050927,9.25439e-06
948.98,0.0513276,9.32419e-06
952.245,0.051726,9.3902e-06
955.51,0.0521,9.45851e-06
958.776,0.0525047,9.52768e-06
962.041,0.052902,9.59501e-06
965.306,0.0533078,9.66528e-06
968.571,0.0537231,9.73572e-06
971.837,0.0541026,9.80162e-06
975.102,0.0545146,9.87234e-06
978.367,0.0549391,9.94281e-06
981.633,0.0553274,1.00126e-05
984.898,0.0557436,1.00835e-05
988.163,0.0561443,1.01525e-05
991.429,0.0565555,1.0225e-05
994.694,0.0569736,1.02952e-05
997.959,0.0573843,1.03643e-05
1001.22,0.0578058,1.04353e-05
1004.49,0.0582215,1.05104e-05
1007.76,0.0586378,1.05818e-05
1011.02,0.0590517,1.06491e-05
1014.29,0.0594709,1.07271e-05
1017.55,0.0599099,1.07997e-05
1020.82,0.0603138,1.08657e-05
1024.08,0.0607401,1.09386e-05
1027.35,0.0611486,1.10123e-05
1030.61,0.0615833,1.10876e-05
1033.88,0.0620255,1.11609e-05
1037.14,0.0624445,1.12324e-05
1040.41,0.0628546,1.13073e-05
1043.67,0.0632989,1.13838e-05
1046.94,0.0637397,1.14573e-05
1050.2,0.0641596,1.15283e-05
1053.47,0.0645854,1.16031e-05
1056.73,0.0650354,1.16818e-05
1060.0,0.0654665,1.17541e-05
1064.9,0.0661238,1.18668e-05
1069.8,0.0667859,1.19815e-05
1074.69,0.0674323,1.2093e-05
1079.59,0.0681165,1.22122e-05
1084.49,0.0687622,1.23228e-05
1089.39,0.0694454,1.24412e-05
1094.29,0.0701247,1.25577e-05
1099.18,0.0707827,1.26702e-05
1104.08,0.0714542,1.2789e-05
1108.98,0.0721208,1.29035e-05
1113.88,0.072845,1.30256e-05
1118.78,0.073514,1.31427e-05
1123.67,0.0742126,1.32635e-05
1128.57,0.0748963,1.33818e-05
1133.47,0.0755926,1.35018e-05
1138.37,0.0763025,1.36202e-05
1143.27,0.0769792,1.37409e-05
1148.16,0.0776936,1.3863e-05
1153.06,0.078417,1.39881e-05
1157.96,0.0791053,1.41085e-05
1162.86,0.0798184,1.42288e-05
1167.76,0.0805114,1.43515e-05
1172.65,0.0812442,1.44774e-05
1177.55,0.0819613,1.46036e-05
1182.45,0.0826867,1.47249e-05
1187.35,0.0833903,1.4844e-05
1192.24,0.0841214,1.49748e-05
1197.14,0.0848319,1.50995e-05
1202.04,0.0855772,1.52281e-05
1206.94,0.0863062,1.53528e-05
1211.84,0.0870831,1.54831e-05
1216.73,0.087778,1.56121e-05
1221.63,0.0885146,1.57367e-05
1226.53,0.0892646,1.58711e-05
1231.43,0.0900025,1.59929e-05
1236.33,0.0907804,1.61286e-05
1241.22,0.0915098,1.6256e-05
1246.12,0.0922343,1.63862e-05
1251.02,0.0929934,1.65126e-05
1255.92,0.0937844,1.66506e-05
1260.82,0.0945003,1.6775e-05
1265.71,0.0952669,1.69129e-05
1270.61,0.0960214,1.70392e-05
1275.51,0.0967828,1.71692e-05
1280.41,0.0975882,1.73141e-05
1285.31,0.0983435,1.74495e-05
1290.2,0.0991227,1.75812e-05
1295.1,0.0998822,1.77174e-05
1300.0,0.100632,1.78504e-05
1304.9,0.101428,1.79822e-05
1309.8,0.10224,1.81246e-05
1314.69,0.102974,1.82504e-05
1319.59,0.103799,1.83909e-05
1324.49,0.104598,1.85301e-05
1329.39,0.105343,1.86649e-05
1334.29,0.106157,1.88118e-05
1339.18,0.106959,1.89463e-05
1344.08,0.107776,1.90886e-05
1348.98,0.108557,1.92236e-05
1353.88,0.109317,1.93651e-05
1358.78,0.110168,1.95079e-05
1363.67,0.110983,1.96471e-05
1368.57,0.111763,1.97873e-05
1373.47,0.112595,1.99316e-05
1378.37,0.113407,2.00757e-05
1383.27,0.114224,2.02185e-05
1388.16,0.115026,2.03562e-05
1393.06,0.115833,2.05005e-05
1397.96,0.116663,2.06424e-05
1402.86,0.117521,2.07982e-05
1407.76,0.118302,2.09431e-05
1412.65,0.119148,2.10773e-05
1417.55,0.119974,2.12299e-05
1422.45,0.120807,2.13732e-05
1427.35,0.121653,2.15217e-05
1432.24,0.122459,2.16666e-05
1437.14,0.123339,2.18211e-05
1442.04,0.124131,2.1966e-05
1446.94,0.125028,2.21133e-05
1451.84,0.125883,2.22741e-05
1456.73,0.126667,2.24071e-05
1461.63,0.127551,2.25617e-05
1466.53,0.12839,2.27135e-05
1471.43,0.129233,2.28611e-05
1476.33,0.130127,2.30194e-05
1481.22,0.130987,2.31676e-05
1486.12,0.131908,2.33354e-05
1491.02,0.1327,2.34733e-05
1495.92,0.133577,2.36194e-05
1500.82,0.134441,2.37777e-05
1505.71,0.135315,2.39336e-05
1510.61,0.136176,2.40871e-05
1515.51,0.13707,2.42413e-05
1520.41,0.137948,2.43997e-05
1525.31,0.13882,2.45649e-05
1530.2,0.139694,2.47044e-05
1535.1,0.140565,2.48695e-05
1540.0,0.141487,2.50263e-05
1547.35,0.142857,2.52738e-05
1554.69,0.14415,2.54978e-05
1562.04,0.145412,2.57226e-05
1569.39,0.146792,2.59694e-05
1576.73,0.148191,2.62154e-05
1584.08,0.149491,2.64567e-05
1591.43,0.150884,2.66928e-05
1598.78,0.152183,2.69333e-05
1606.12,0.15363,2.71963e-05
1613.47,0.154942,2.74396e-05
1620.82,0.15627,2.76693e-05
1628.16,0.157684,2.79122e-05
1635.51,0.159086,2.81617e-05
1642.86,0.160486,2.842e-05
1650.2,0.161868,2.86687e-05
1657.55,0.1633,2.89187e-05
1664.9,0.164715,2.91669e-05
1672.24,0.166081,2.94255e-05
1679.59,0.167489,2.96731e-05
1686.94,0.168913,2.9928e-05
1694.29,0.170373,3.01787e-05
1701.63,0.171799,3.04461e-05
1708.98,0.173206,3.06977e-05
1716.33,0.174601,3.09486e-05
1723.67,0.176081,3.12192e-05
1731.02,0.177455,3.14625e-05
1738.37,0.178929,3.17214e-05
1745.71,0.180416,3.1988e-05
1753.06,0.181808,3.22546e-05
1760.41,0.183307,3.2526e-05
1767.76,0.184781,3.27844e-05
1775.1,0.18624,3.30635e-05
1782.45,0.18766,3.33036e-05
1789.8,0.189179,3.35841e-05
1797.14,0.190575,3.38388e-05
1804.49,0.192168,3.41226e-05
1811.84,0.193579,3.43727e-05
1819.18,0.195084,3.46504e-05
1826.53,0.196607,3.49255e-05
1833.88,0.198003,3.51881e-05
1841.22,0.199577,3.54729e-05
1848.57,0.201085,3.5744e-05
1855.92,0.202584,3.60213e-05
1863.27,0.204121,3.63062e-05
1870.61,0.205646,3.6574e-05
1877.96,0.207163,3.68329e-05
1885.31,0.208734,3.71407e-05
1892.65,0.210269,3.7427e-05
1900.0,0.211761,3.76899e-05
1907.35,0.213339,3.79853e-05
1914.69,0.214849,3.8254e-05
1922.04,0.216361,3.85344e-05
1929.39,0.217952,3.88191e-05
1936.73,0.219433,3.90999e-05
1944.08,0.221,3.9382e-05
1951.43,0.2226,3.96888e-05
1958.78,0.224205,3.99596e-05
1966.12,0.225713,4.02514e-05
1973.47,0.227347,4.05527e-05
1980.82,0.228901,4.08419e-05
1988.16,0.230411,4.11138e-05
1995.51,0.232059,4.14242e-05
2002.86,0.233677,4.17089e-05
2010.2,0.235288,4.2009e-05
2017.55,0.236793,4.22923e-05
2024.9,0.238375,4.25883e-05
2032.24,0.240046,4.2899e-05
2039.59,0.241619,4.31849e-05
2046.94,0.243149,4.34662e-05
2054.29,0.244825,4.37786e-05
2061.63,0.246401,4.40673e-05
2068.98,0.248118,4.43904e-05
2076.33,0.249712,4.46904e-05
2083.67,0.251253,4.49865e-05
2091.02,0.252861,4.52666e-05
2098.37,0.254613,4.56154e-05
2105.71,0.256234,4.58961e-05
2113.06,0.257912,4.62218e-05
2120.41,0.259596,4.65117e-05
2127.76,0.261137,4.68224e-05
2135.1,0.262883,4.71458e-05
2142.45,0.264402,4.74276e-05
2149.8,0.266088,4.77393e-05
2157.14,0.267793,4.80558e-05
2164.49,0.269574,4.83732e-05
2171.84,0.271181,4.8681e-05
2179.18,0.272833,4.89838e-05
2186.53,0.274454,4.93019e-05
2193.88,0.276146,4.96087e-05
2201.22,0.277924,4.99591e-05
2208.57,0.279613,5.02578e-05
2215.92,0.281305,5.05899e-05
2223.27,0.283011,5.09207e-05
2230.61,0.284713,5.12252e-05
2237.96,0.286348,5.15323e-05
2245.31,0.288059,5.18603e-05
2252.65,0.28984,5.2175e-05
2260.0,0.291599,5.252e-05
2271.02,0.293985,5.29895e-05
2282.04,0.296529,5.34585e-05
2293.06,0.299174,5.39513e-05
2304.08,0.301822,5.44457e-05
2315.1,0.304356,5.49249e-05
2326.12,0.307059,5.54378e-05
2337.14,0.309615,5.59307e-05
2348.16,0.312235,5.64387e-05
2359.18,0.31492,5.69423e-05
2370.2,0.317484,5.74233e-05
2381.22,0.320078,5.79363e-05
2392.24,0.322832,5.84606e-05
2403.27,0.325452,5.89263e-05
2414.29,0.328111,5.94308e-05
2425.31,0.330873,5.99788e-05
2436.33,0.333585,6.04991e-05
2447.35,0.336188,6.09722e-05
2458.37,0.338889,6.15171e-05
2469.39,0.341562,6.20037e-05
2480.41,0.344327,6.25441e-05
2491.43,0.347115,6.3078e-05
2502.45,0.349813,6.36141e-05
2513.47,0.352481,6.40968e-05
2524.49,0.355323,6.46545e-05
2535.51,0.357813,6.51408e-05
2546.53,0.360729,6.56896e-05
2557.55,0.363553,6.62501e-05
2568.57,0.366403,6.67832e-05
2579.59,0.369148,6.73191e-05
2590.61,0.371843,6.78671e-05
2601.63,0.374617,6.83787e-05
2612.65,0.377488,6.896e-05
2623.67,0.380213,6.95098e-05
2634.69,0.382993,7.00218e-05
2645.71,0.385888,7.05847e-05
2656.73,0.388751,7.11515e-05
2667.76,0.391506,7.16756e-05
2678.78,0.394411,7.22225e-05
2689.8,0.397164,7.27688e-05
2700.82,0.399981,7.33038e-05
2711.84,0.40284,7.387e-05
2722.86,0.40568,7.44285e-05
2733.88,0.408798,7.50328e-05
2744.9,0.411406,7.55535e-05
2755.92,0.414312,7.61034e-05
2766.94,0.417286,7.66965e-05
2777.96,0.420327,7.73126e-05
2788.98,0.423124,7.78394e-05
2800.0,0.425922,7.83935e-05
2814.29,0.429839,7.91598e-05
2828.57,0.433489,7.98839e-05
2842.86,0.437147,8.05893e-05
2857.14,0.441174,8.13979e-05
2871.43,0.444872,8.21175e-05
2885.71,0.448803,8.29161e-05
2900.0,0.452467,8.36143e-05
2914.29,0.456447,8.44272e-05
2928.57,0.460371,8.51814e-05
2942.86,0.464246,8.59761e-05
2957.14,0.468245,8.6791e-05
2971.43,0.471788,8.74853e-05
2985.71,0.476063,8.82903e-05
3000.0,0.479743,8.90712e-05
3014.29,0.48369,8.98483e-05
3028.57,0.487625,9.06401e-05
3042.86,0.491514,9.14043e-05
3057.14,0.495489,9.21818e-05
3071.43,0.499518,9.30233e-05
3085.71,0.503437,9.38014e-05
3100.0,0.507254,9.45966e-05
3114.29,0.511359,9.53809e-05
3128.57,0.515258,9.61405e-05
3142.86,0.519155,9.69218e-05
3157.14,0.523405,9.78016e-05
3171.43,0.527482,9.86227e-05
3185.71,0.531416,9.93845e-05
3200.0,0.535486,0.000100243
3214.29,0.539486,0.00010104
3228.57,0.543616,0.000101846
3242.86,0.547801,0.00010269
3257.14,0.551435,0.00010348
3271.43,0.555789,0.000104369
3285.71,0.559863,0.000105188
3300.0,0.564147,0.000106048
3314.29,0.567961,0.000106816
3328.57,0.572304,0.000107702
3342.86,0.576212,0.000108537
3357.14,0.580577,0.000109403
3371.43,0.584885,0.000110273
3385.71,0.58877,0.00011104
3400.0,0.592933,0.000111913
3414.29,0.597358,0.00011282
3428.57,0.601423,0.000113687
3442.86,0.605531,0.000114441
3457.14,0.609737,0.000115371
3471.43,0.614074,0.000116227
3485.71,0.618281,0.000117119
3500.0,0.62247,0.000117993
3520.41,0.628736,0.000119319
3540.82,0.634598,0.000120509
3561.22,0.640718,0.000121741
3581.63,0.646756,0.000123023
3602.04,0.653008,0.000124282
3622.45,0.658907,0.000125541
3642.86,0.665333,0.000126883
3663.27,0.671347,0.000128131
3683.67,0.677701,0.000129421
3704.08,0.68405,0.000130719
3724.49,0.690239,0.000132021
3744.9,0.69637,0.000133348
3765.31,0.702634,0.000134594
3785.71,0.708836,0.000135907
3806.12,0.715168,0.000137261
3826.53,0.721357,0.000138578
3846.94,0.727967,0.000139921
3867.35,0.734354,0.000141305
3887.76,0.740629,0.000142656
3908.16,0.746954,0.000143946
3928.57,0.753312,0.000145284
3948.98,0.75987,0.000146654
3969.39,0.766266,0.000148031
3989.8,0.772843,0.000149513
4010.2,0.778787,0.000150731
4030.61,0.785541,0.0001521
4051.02,0.792251,0.000153557
4071.43,0.798679,0.000154933
4091.84,0.804952,0.000156225
4112.24,0.811849,0.000157773
4132.65,0.818125,0.000159095
4153.06,0.82488,0.000160492
4173.47,0.83134,0.000161892
4193.88,0.838077,0.000163357
4214.29,0.844115,0.000164663
4234.69,0.851196,0.000166148
4255.1,0.857882,0.000167516
4275.51,0.864568,0.00016895
4295.92,0.871294,0.000170435
4316.33,0.87787,0.000171899
4336.73,0.884454,0.000173289
4357.14,0.891553,0.000174866
4377.55,0.898021,0.000176256
4397.96,0.904655,0.000177706
4418.37,0.911426,0.000179175
4438.78,0.91836,0.000180678
4459.18,0.924949,0.000182085
4479.59,0.931745,0.000183566
4500.0,0.938672,0.000185096
4530.61,0.948955,0.000187327
4561.22,0.958975,0.000189589
4591.84,0.969491,0.000191851
4622.45,0.979821,0.000194126
4653.06,0.990585,0.000196468
4683.67,1.00045,0.000198627
4714.29,1.01123,0.000200919
4744.9,1.02129,0.000203204
4775.51,1.03158,0.00020548
4806.12,1.04303,0.000207925
4836.73,1.05323,0.000210286
4867.35,1.06368,0.000212534
4897.96,1.07407,0.000214807
4928.57,1.08447,0.000217205
4959.18,1.0955,0.000219688
4989.8,1.10641,0.000222106
5020.41,1.11739,0.000224475
5051.02,1.12804,0.00022694
5081.63,1.13838,0.000229258
5112.24,1.14936,0.00023166
5142.86,1.16031,0.000234158
5173.47,1.17099,0.000236593
5204.08,1.18199,0.000239016
5234.69,1.19294,0.000241554
5265.31,1.20368,0.000243892
5295.92,1.21463,0.000246358
5326.53,1.22546,0.000248806
5357.14,1.23676,0.000251451
5387.76,1.24802,0.000253971
5418.37,1.25902,0.000256497
5448.98,1.27003,0.000258987
5479.59,1.28204,0.000261686
5510.2,1.29296,0.000264181
5540.82,1.30412,0.000266747
5571.43,1.31492,0.000269181
5602.04,1.32653,0.000271811
5632.65,1.33744,0.000274269
5663.27,1.34877,0.000276892
5693.88,1.36039,0.000279577
5724.49,1.37102,0.000281914
5755.1,1.38307,0.000284792
5785.71,1.3941,0.000287379
5816.33,1.40576,0.000290184
5846.94,1.41674,0.000292493
5877.55,1.42877,0.000295364
5908.16,1.43999,0.000298082
5938.78,1.45133,0.000300704
5969.39,1.46317,0.000303241
6000.0,1.47504,0.000306161
6040.82,1.48967,0.000309511
6081.63,1.50517,0.000313076
6122.45,1.52102,0.000316936
6163.27,1.53609,0.000320414
6204.08,1.55197,0.000324231
6244.9,1.5678,0.000327807
6285.71,1.58361,0.000331504
6326.53,1.59893,0.000334972
6367.35,1.61523,0.00033898
6408.16,1.63093,0.000342662
6448.98,1.64737,0.000346519
6489.8,1.66283,0.000350092
6530.61,1.67885,0.000353803
6571.43,1.69449,0.000357701
6612.24,1.711,0.000361583
6653.06,1.72631,0.00036544
6693.88,1.74371,0.000369508
6734.69,1.75854,0.000373077
6775.51,1.7751,0.000376956
6816.33,1.79174,0.000381035
6857.14,1.80717,0.000384724
6897.96,1.82434,0.000388747
6938.78,1.83985,0.000392397
6979.59,1.85655,0.00039659
7020.41,1.87319,0.000400366
7061.22,1.88911,0.000404235
7102.04,1.90611,0.000408529
7142.86,1.92298,0.000412591
7183.67,1.93896,0.000416316
7224.49,1.9563,0.000420641
7265.31,1.97238,0.000424366
7306.12,1.98835,0.000428365
7346.94,2.00581,0.000432434
7387.76,2.02189,0.000436276
7428.57,2.03848,0.000440708
7469.39,2.05523,0.000444596
7510.2,2.07276,0.000449153
7551.02,2.09001,0.000453188
7591.84,2.1065,0.000457169
7632.65,2.12369,0.000461524
7673.47,2.14074,0.000465815
7714.29,2.15736,0.000469724
7755.1,2.1744,0.000474149
7795.92,2.19168,0.000478211
7836.73,2.20909,0.000482555
7877.55,2.22536,0.000486394
7918.37,2.2426,0.00049071
7959.18,2.25987,0.000495097
8000.0,2.27713,0.000499491
8040.82,2.29412,0.000503855
8081.63,2.31179,0.000507929
8122.45,2.32893,0.000512418
8163.27,2.34676,0.00051689
8204.08,2.36354,0.000521162
8244.9,2.38094,0.000525211
8285.71,2.39943,0.00052998
8326.53,2.41507,0.000534088
8367.35,2.43405,0.000538756
8408.16,2.45259,0.000542966
8448.98,2.46846,0.000547174
8489.8,2.48602,0.000551625
8530.61,2.5043,0.00055635
8571.43,2.52174,0.000560767
8612.24,2.53876,0.000565082
8653.06,2.557,0.00056976
8693.88,2.57489,0.000574091
8734.69,2.59296,0.000578698
8775.51,2.6107,0.000583097
8816.33,2.62867,0.000587906
8857.14,2.64674,0.000592474
8897.96,2.66493,0.000597123
8938.78,2.68337,0.000601984
8979.59,2.70064,0.000606141
9020.41,2.71864,0.000610704
9061.22,2.7361,0.000615075
9102.04,2.75437,0.000620083
9142.86,2.77272,0.00062433
9183.67,2.79097,0.000629471
9224.49,2.80935,0.000634063
9265.31,2.82738,0.000638386
9306.12,2.84587,0.000643589
9346.94,2.86285,0.000647412
9387.76,2.88145,0.000652437
9428.57,2.90036,0.000657529
9469.39,2.91903,0.000662295
9510.2,2.93739,0.000667025
9551.02,2.95521,0.000671691
9591.84,2.97408,0.000676076
9632.65,2.9908,0.000680793
9673.47,3.00965,0.000685749
9714.29,3.0276,0.00069054
9755.1,3.04748,0.000695576
9795.92,3.06446,0.000699403
9836.73,3.083,0.000704772
9877.55,3.10389,0.000710204
9918.37,3.12205,0.000714662
9959.18,3.14193,0.000719955
10000.0,3.15896,0.00072451
