0.01,0.0,0.0
0.02,0.0,0.0
0.03,0.0,0.0
0.04,0.0,0.0
0.05,0.0,0.0
0.06,0.0,0.0
0.07,0.0,0.0
0.08,0.0,0.0
0.09,0.0,0.0
0.1,0.0,0.0
0.111111,0.0,0.0
0.122222,0.0,0.0
0.133333,0.0,0.0
0.144444,0.0,0.0
0.155556,0.0,0.0
0.166667,0.0,0.0
0.177778,0.0,0.0
0.188889,0.0,0.0
0.2,0.0,0.0
0.211111,0.0,0.0
0.222222,5.13581e-14,4.14029e-17
0.233333,2.23032e-12,1.76775e-15
0.244444,1.85814e-11,1.41392e-14
0.255556,8.0541e-11,5.90262e-14
0.266667,2.43982e-10,1.72356e-13
0.277778,5.91844e-10,4.04152e-13
0.288889,1.23606e-09,8.16349e-13
0.3,2.31935e-09,1.48699e-12
0.311111,4.0001e-09,2.49088e-12
0.322222,6.48548e-09,3.92312e-12
0.333333,9.96813e-09,5.8772e-12
0.344444,1.47116e-08,8.45285e-12
0.355556,2.09308e-08,1.17366e-11
0.366667,2.89256e-08,1.58474e-11
0.377778,3.90115e-08,2.09114e-11
0.388889,5.14292e-08,2.69951e-11
0.4,6.65329e-08,3.42201e-11
0.411111,8.46687e-08,4.2732e-11
0.422222,1.06046e-07,5.25287e-11
0.433333,1.3126e-07,6.38661e-11
0.444444,1.60126e-07,7.65636e-11
0.455556,1.93684e-07,9.10852e-11
0.466667,2.31794e-07,1.07437e-10
0.477778,2.74984e-07,1.25631e-10
0.488889,3.23232e-07,1.4547e-10
0.5,3.77453e-07,1.6739e-10
0.511111,4.37946e-07,1.91722e-10
0.522222,5.04524e-07,2.18203e-10
0.533333,5.78123e-07,2.46745e-10
0.544444,6.58864e-07,2.77877e-10
0.555556,7.46701e-07,3.11339e-10
0.566667,8.42568e-07,3.47331e-10
0.577778,9.4638e-07,3.85877e-10
0.588889,1.05827e-06,4.27006e-10
0.6,1.17812e-06,4.7059e-10
0.611111,1.30708e-06,5.1705e-10
0.622222,1.44552e-06,5.66115e-10
0.633333,1.59519e-06,6.19319e-10
0.644444,1.75338e-06,6.74911e-10
0.655556,1.92203e-06,7.33153e-10
0.666667,2.10143e-06,7.94426e-10
0.677778,2.29124e-06,8.59078e-10
0.688889,2.49162e-06,9.27224e-10
0.7,2.70287e-06,9.97932e-10
0.711111,2.92666e-06,1.07286e-09
0.722222,3.16115e-06,1.15017e-09
0.733333,3.41101e-06,1.23247e-09
0.744444,3.66797e-06,1.31564e-09
0.755556,3.94074e-06,1.40339e-09
0.766667,4.22511e-06,1.49558e-09
0.777778,4.52288e-06,1.59141e-09
0.788889,4.83303e-06,1.68956e-09
0.8,5.15288e-06,1.79096e-09
0.811111,5.49502e-06,1.89725e-09
0.822222,5.84414e-06,2.00664e-09
0.833333,6.2086e-06,2.11947e-09
0.844444,6.58349e-06,2.2362e-09
0.855556,6.97758e-06,2.35706e-09
0.866667,7.38576e-06,2.48085e-09
0.877778,7.80583e-06,2.60931e-09
0.888889,8.24626e-06,2.74359e-09
0.9,8.69315e-06,2.87643e-09
0.911111,9.16489e-06,3.01849e-09
0.922222,9.64917e-06,3.16349e-09
0.933333,1.01384e-05,3.30831e-09
0.944444,1.06535e-05,3.46171e-09
0.955556,1.11811e-05,3.61631e-09
0.966667,1.1725e-05,3.7776e-09
0.977778,1.22833e-05,3.94094e-09
0.988889,1.28728e-05,4.11213e-09
1.0,1.34559e-05,4.27919e-09
1.08163,1.83047e-05,5.66759e-09
1.16327,2.40911e-05,7.28558e-09
1.2449,3.0822e-05,9.13324e-09
1.32653,3.85341e-05,1.12166e-08
1.40816,4.72405e-05,1.35292e-08
1.4898,5.69516e-05,1.60801e-08
1.57143,6.7722e-05,1.88765e-08
1.65306,7.9515e-05,2.19114e-08
1.73469,9.23552e-05,2.51891e-08
1.81633,0.000106186,2.86989e-08
1.89796,0.000121155,3.24768e-08
1.97959,0.000136993,3.64344e-08
2.06122,0.000154049,4.06935e-08
2.14286,0.000171937,4.51355e-08
2.22449,0.000191007,4.98491e-08
2.30612,0.000211101,5.47962e-08
2.38776,0.000232048,5.99491e-08
2.46939,0.000254094,6.53715e-08
2.55102,0.000277169,7.09694e-08
2.63265,0.000301141,7.68229e-08
2.71429,0.00032615,8.29387e-08
2.79592,0.000352175,8.92426e-08
2.87755,0.000379102,9.57902e-08
2.95918,0.000406957,1.02572e-07
3.04082,0.000435763,1.09522e-07
3.12245,0.000465727,1.16787e-07
3.20408,0.000496043,1.24153e-07
3.28571,0.000527711,1.31777e-07
3.36735,0.000560369,1.39705e-07
3.44898,0.000593952,1.47784e-07
3.53061,0.000628333,1.56098e-07
3.61224,0.000663876,1.64672e-07
3.69388,0.000699386,1.73257e-07
3.77551,0.000736601,1.82307e-07
3.85714,0.000774175,1.91335e-07
3.93878,0.000812842,2.00689e-07
4.02041,0.000852161,2.10229e-07
4.10204,0.000892399,2.20031e-07
4.18367,0.0009335,2.29911e-07
4.26531,0.000975894,2.40133e-07
4.34694,0.00101806,2.50453e-07
4.42857,0.00106169,2.60919e-07
4.5102,0.00110642,2.71875e-07
4.59184,0.00115158,2.82676e-07
4.67347,0.00119659,2.937e-07
4.7551,0.001244,3.05214e-07
4.83673,0.00129102,3.16678e-07
4.91837,0.00133952,3.2852e-07
5.0,0.00138903,3.40567e-07
5.10204,0.00145039,3.55475e-07
5.20408,0.00151398,3.71058e-07
5.30612,0.00157831,3.86689e-07
5.40816,0.00164416,4.02607e-07
5.5102,0.0017101,4.18953e-07
5.61224,0.00177821,4.35586e-07
5.71429,0.00184795,4.52781e-07
5.81633,0.00191711,4.69649e-07
5.91837,0.00198751,4.87087e-07
6.02041,0.0020597,5.04796e-07
6.12245,0.00213397,5.23172e-07
6.22449,0.00220658,5.41061e-07
6.32653,0.00228179,5.59617e-07
6.42857,0.00235847,5.78471e-07
6.53061,0.00243555,5.97638e-07
6.63265,0.00251313,6.16683e-07
6.73469,0.0025929,6.36673e-07
6.83673,0.00267268,6.56318e-07
6.93878,0.00275294,6.76524e-07
7.04082,0.00283664,6.97185e-07
7.14286,0.00291883,7.17807e-07
7.2449,0.00300253,7.38494e-07
7.34694,0.00308745,7.59672e-07
7.44898,0.00317331,7.80916e-07
7.55102,0.00325846,8.02657e-07
7.65306,0.00334506,8.24193e-07
7.7551,0.00343565,8.46915e-07
7.85714,0.00352384,8.68978e-07
7.95918,0.0036136,8.91456e-07
8.06122,0.00370279,9.14265e-07
8.16327,0.00379559,9.3754e-07
8.26531,0.00388906,9.60959e-07
8.36735,0.0039811,9.84429e-07
8.46939,0.00407766,1.00868e-06
8.57143,0.00417359,1.03305e-06
8.67347,0.00426724,1.05691e-06
8.77551,0.00436427,1.08108e-06
8.87755,0.00446,1.1054e-06
8.97959,0.00455936,1.13107e-06
9.08163,0.00466083,1.15654e-06
9.18367,0.00475819,1.18166e-06
9.28571,0.00486073,1.20788e-06
9.38776,0.00495949,1.23322e-06
9.4898,0.00506125,1.25888e-06
9.59184,0.0051643,1.28527e-06
9.69388,0.00527137,1.31283e-06
9.79592,0.00537395,1.33975e-06
9.89796,0.00547901,1.36606e-06
10.0,0.00558505,1.3937e-06
10.2041,0.00580057,1.4494e-06
10.4082,0.00601596,1.5048e-06
10.6122,0.00623543,1.56208e-06
10.8163,0.00645899,1.61918e-06
11.0204,0.00668301,1.67816e-06
11.2245,0.00690771,1.73684e-06
11.4286,0.00713715,1.7968e-06
11.6327,0.00737562,1.85792e-06
11.8367,0.00761131,1.91967e-06
12.0408,0.00784598,1.98195e-06
12.2449,0.00809148,2.04607e-06
12.449,0.00833372,2.11075e-06
12.6531,0.00857988,2.17543e-06
12.8571,0.00882445,2.23924e-06
13.0612,0.00907507,2.30552e-06
13.2653,0.00932807,2.37353e-06
13.4694,0.00958475,2.44212e-06
13.6735,0.00984232,2.51054e-06
13.8776,0.0101007,2.57945e-06
14.0816,0.0103658,2.65046e-06
14.2857,0.0106261,2.72011e-06
14.4898,0.0108978,2.79272e-06
14.6939,0.0111614,2.86407e-06
14.898,0.0114325,2.93702e-06
15.102,0.0117066,3.01143e-06
15.3061,0.011985,3.08569e-06
15.5102,0.0122615,3.15995e-06
15.7143,0.0125386,3.2352e-06
15.9184,0.0128143,3.31094e-06
16.1224,0.0130985,3.38907e-06
16.3265,0.0133871,3.46738e-06
16.5306,0.0136703,3.54441e-06
16.7347,0.0139574,3.62289e-06
16.9388,0.0142548,3.70433e-06
17.1429,0.0145493,3.78309e-06
17.3469,0.0148493,3.86816e-06
17.551,0.015137,3.94464e-06
17.7551,0.0154441,4.03117e-06
17.9592,0.0157306,4.11077e-06
18.1633,0.0160462,4.19735e-06
18.3673,0.0163446,4.28019e-06
18.5714,0.0166479,4.36381e-06
18.7755,0.0169479,4.44606e-06
18.9796,0.0172625,4.53474e-06
19.1837,0.0175779,4.62171e-06
19.3878,0.0178995,4.71169e-06
19.5918,0.0182084,4.79738e-06
19.7959,0.0185206,4.88466e-06
20.0,0.0188381,4.9746e-06
20.4082,0.0194803,5.15503e-06
20.8163,0.020133,5.33777e-06
21.2245,0.0207828,5.52387e-06
21.6327,0.021441,5.70514e-06
22.0408,0.0221108,5.89705e-06
22.449,0.0227713,6.08536e-06
22.8571,0.0234608,6.28135e-06
23.2653,0.0241393,6.47525e-06
23.6735,0.0248265,6.67082e-06
24.0816,0.0255213,6.87134e-06
24.4898,0.0262181,7.07204e-06
24.898,0.0269182,7.27458e-06
25.3061,0.0276396,7.48251e-06
25.7143,0.0283662,7.69133e-06
26.1224,0.0290899,7.90025e-06
26.5306,0.0298173,8.10814e-06
26.9388,0.0305318,8.32204e-06
27.3469,0.0312847,8.54437e-06
27.7551,0.0320259,8.75849e-06
28.1633,0.0327828,8.98095e-06
28.5714,0.0335075,9.19316e-06
28.9796,0.0342768,9.41816e-06
29.3878,0.0350407,9.64925e-06
29.7959,0.0357981,9.87239e-06
30.2041,0.0365798,1.01022e-05
30.6122,0.0373616,1.03306e-05
31.0204,0.0381588,1.0571e-05
31.4286,0.0389351,1.08029e-05
31.8367,0.0397251,1.1037e-05
32.2449,0.0405186,1.12784e-05
32.6531,0.0413139,1.1512e-05
33.0612,0.0421093,1.17552e-05
33.4694,0.0428912,1.19921e-05
33.8776,0.0437297,1.22379e-05
34.2857,0.0445324,1.24858e-05
34.6939,0.0453604,1.27346e-05
35.102,0.0461958,1.2982e-05
35.5102,0.0470116,1.32358e-05
35.9184,0.0478231,1.34782e-05
36.3265,0.048653,1.3732e-05
36.7347,0.0495119,1.39865e-05
37.1429,0.0503576,1.42522e-05
37.551,0.0512169,1.45187e-05
37.9592,0.0520706,1.47798e-05
38.3673,0.0528922,1.50237e-05
38.7755,0.05376,1.52979e-05
39.1837,0.0546333,1.55614e-05
39.5918,0.0555124,1.58345e-05
40.0,0.0563947,1.6103e-05
40.4082,0.0572242,1.63657e-05
40.8163,0.0581026,1.66414e-05
41.2245,0.0589618,1.68995e-05
41.6327,0.05988,1.71884e-05
42.0408,0.0607619,1.74617e-05
42.449,0.0616718,1.77478e-05
42.8571,0.0625076,1.80059e-05
43.2653,0.0634381,1.82907e-05
43.6735,0.0642994,1.85662e-05
44.0816,0.065254,1.88563e-05
44.4898,0.0661373,1.91337e-05
44.898,0.067028,1.94222e-05
45.3061,0.0679838,1.97207e-05
45.7143,0.0688958,2.00011e-05
46.1224,0.0697901,2.02842e-05
46.5306,0.0707683,2.06038e-05
46.9388,0.0716542,2.08832e-05
47.3469,0.0726063,2.1169e-05
47.7551,0.0735219,2.14654e-05
48.1633,0.0744241,2.17621e-05
48.5714,0.0753723,2.20558e-05
48.9796,0.0763396,2.23793e-05
49.3878,0.0772327,2.26405e-05
49.7959,0.0782212,2.29628e-05
50.2041,0.0791274,2.32632e-05
50.6122,0.0801367,2.35721e-05
51.0204,0.0810445,2.38601e-05
51.4286,0.0820269,2.41781e-05
51.8367,0.0829588,2.44859e-05
52.2449,0.0839349,2.47938e-05
52.6531,0.0849354,2.51222e-05
53.0612,0.0858883,2.54186e-05
53.4694,0.0868366,2.57217e-05
53.8776,0.0878158,2.60371e-05
54.2857,0.0887773,2.63539e-05
54.6939,0.0898056,2.66901e-05
55.102,0.0907281,2.6982e-05
55.5102,0.0917625,2.73235e-05
55.9184,0.0927111,2.76341e-05
56.3265,0.0937112,2.79521e-05
56.7347,0.094717,2.8264e-05
57.1429,0.0957149,2.85979e-05
57.551,0.0966959,2.89169e-05
57.9592,0.0976878,2.92272e-05
58.3673,0.0986902,2.9577e-05
58.7755,0.0997233,2.99079e-05
59.1837,0.100691,3.02287e-05
59.5918,0.101738,3.05731e-05
60.0,0.102691,3.08886e-05
60.4082,0.103741,3.12193e-05
60.8163,0.104773,3.15636e-05
61.2245,0.105832,3.18968e-05
61.6327,0.106815,3.22182e-05
62.0408,0.107834,3.2556e-05
62.449,0.108915,3.29359e-05
62.8571,0.109886,3.32567e-05
63.2653,0.110915,3.35871e-05
63.6735,0.111933,3.39112e-05
64.0816,0.112925,3.4258e-05
64.4898,0.114043,3.46312e-05
64.898,0.115091,3.49557e-05
65.3061,0.116133,3.53175e-05
65.7143,0.11712,3.56407e-05
66.1224,0.118172,3.59991e-05
66.5306,0.119245,3.6345e-05
66.9388,0.120271,3.67014e-05
67.3469,0.121337,3.70302e-05
67.7551,0.122422,3.73844e-05
68.1633,0.123465,3.7745e-05
68.5714,0.124525,3.81243e-05
68.9796,0.12557,3.8451e-05
69.3878,0.126626,3.88025e-05
69.7959,0.127697,3.91659e-05
70.2041,0.128761,3.95364e-05
70.6122,0.129888,3.98978e-05
71.0204,0.13087,4.02179e-05
71.4286,0.131954,4.05769e-05
71.8367,0.13306,4.09744e-05
72.2449,0.134177,4.13454e-05
72.6531,0.135283,4.17455e-05
73.0612,0.13629,4.2087e-05
73.4694,0.137417,4.24584e-05
73.8776,0.138473,4.28012e-05
74.2857,0.139558,4.31548e-05
74.6939,0.140661,4.35398e-05
75.102,0.14171,4.38882e-05
75.5102,0.142781,4.42538e-05
75.9184,0.143848,4.46086e-05
76.3265,0.145013,4.5019e-05
76.7347,0.146045,4.53789e-05
77.1429,0.147149,4.5758e-05
77.551,0.14843,4.61684e-05
77.9592,0.149439,4.65344e-05
78.3673,0.150526,4.68642e-05
78.7755,0.151576,4.72237e-05
79.1837,0.152777,4.76489e-05
79.5918,0.153844,4.79883e-05
80.0,0.154964,4.84041e-05
80.4082,0.156171,4.88104e-05
80.8163,0.15728,4.92029e-05
81.2245,0.15825,4.95276e-05
81.6327,0.159421,4.99493e-05
82.0408,0.160589,5.03306e-05
82.449,0.161623,5.06698e-05
82.8571,0.162854,5.10706e-05
83.2653,0.163939,5.14704e-05
83.6735,0.165074,5.18745e-05
84.0816,0.166157,5.22482e-05
84.4898,0.167327,5.26555e-05
84.898,0.168503,5.30472e-05
85.3061,0.169647,5.34549e-05
85.7143,0.170784,5.38331e-05
86.1224,0.171962,5.42461e-05
86.5306,0.173113,5.46725e-05
86.9388,0.174227,5.50297e-05
87.3469,0.175299,5.54064e-05
87.7551,0.176475,5.5811e-05
88.1633,0.177663,5.6199e-05
88.5714,0.178824,5.66132e-05
88.9796,0.179926,5.69709e-05
89.3878,0.181141,5.7424e-05
89.7959,0.182253,5.78075e-05
90.2041,0.183459,5.82315e-05
90.6122,0.184542,5.86335e-05
91.0204,0.185819,5.90916e-05
91.4286,0.18691,5.94437e-05
91.8367,0.187997,5.98018e-05
92.2449,0.189244,6.0232e-05
92.6531,0.190539,6.07091e-05
93.0612,0.191677,6.11391e-05
93.4694,0.192748,6.15078e-05
93.8776,0.193848,6.18694e-05
94.2857,0.19514,6.23072e-05
94.6939,0.196227,6.26942e-05
95.102,0.197551,6.31478e-05
95.5102,0.198676,6.35581e-05
95.9184,0.199822,6.39401e-05
96.3265,0.201021,6.44084e-05
96.7347,0.202192,6.47724e-05
97.1429,0.203459,6.52534e-05
97.551,0.20458,6.56118e-05
97.9592,0.205777,6.60399e-05
98.3673,0.206801,6.64321e-05
98.7755,0.208124,6.68811e-05
99.1837,0.209202,6.72548e-05
99.5918,0.210464,6.7735e-05
100.0,0.211685,6.816e-05
100.816,0.214132,6.90681e-05
101.633,0.216473,6.9822e-05
102.449,0.218987,7.07572e-05
103.265,0.22128,7.15547e-05
104.082,0.223677,7.24343e-05
104.898,0.226177,7.32736e-05
105.714,0.228605,7.41461e-05
106.531,0.230883,7.49392e-05
107.347,0.233414,7.58123e-05
108.163,0.235868,7.67252e-05
108.98,0.238294,7.76553e-05
109.796,0.240697,7.84725e-05
110.612,0.24324,7.93546e-05
111.429,0.245768,8.02607e-05
112.245,0.248096,8.10845e-05
113.061,0.250596,8.19696e-05
113.878,0.253016,8.2867e-05
114.694,0.255525,8.375e-05
115.51,0.258279,8.4753e-05
116.327,0.260767,8.56113e-05
117.143,0.263122,8.65728e-05
117.959,0.265586,8.74025e-05
118.776,0.268234,8.83275e-05
119.592,0.270781,8.9308e-05
120.408,0.272997,9.00625e-05
121.224,0.275905,9.11681e-05
122.041,0.278263,9.19889e-05
122.857,0.280861,9.29856e-05
123.673,0.283395,9.39179e-05
124.49,0.2859,9.48175e-05
125.306,0.288398,9.56703e-05
126.122,0.290913,9.66013e-05
126.939,0.293587,9.76261e-05
127.755,0.296174,9.85211e-05
128.571,0.298663,9.94431e-05
129.388,0.301344,0.000100452
130.204,0.303956,0.000101384
131.02,0.306449,0.000102354
131.837,0.308885,0.000103268
132.653,0.311464,0.000104136
133.469,0.314171,0.000105163
134.286,0.316681,0.000106193
135.102,0.319541,0.000107176
135.918,0.322227,0.000108182
136.735,0.324728,0.000108954
137.551,0.327213,0.000109973
138.367,0.329953,0.000110986
139.184,0.332362,0.000111863
140.0,0.335248,0.000113022
140.816,0.337829,0.000114021
141.633,0.340404,0.00011477
142.449,0.343092,0.000115921
143.265,0.345625,0.000116782
144.082,0.348421,0.000117912
144.898,0.351257,0.00011893
145.714,0.353612,0.000119829
146.531,0.356321,0.00012071
147.347,0.359091,0.000121834
148.163,0.361828,0.000122913
148.98,0.364476,0.000123841
149.796,0.367024,0.000124735
150.612,0.369806,0.000125804
151.429,0.372435,0.000126896
152.245,0.37513,0.000127836
153.061,0.377962,0.000128952
153.878,0.380474,0.000129815
154.694,0.383225,0.000130893
155.51,0.386177,0.000131983
156.327,0.388766,0.000133048
157.143,0.391497,0.000134196
157.959,0.394126,0.000135028
158.776,0.396712,0.000136019
159.592,0.399478,0.000137013
160.408,0.402333,0.000138038
161.224,0.40529,0.000139281
162.041,0.407362,0.000139933
162.857,0.410479,0.000141308
163.673,0.413338,0.000142307
164.49,0.415869,0.000143284
165.306,0.418662,0.000144385
166.122,0.421471,0.000145414
166.939,0.424125,0.000146252
167.755,0.426971,0.000147498
168.571,0.429767,0.000148463
169.388,0.432383,0.000149606
170.204,0.435338,0.00015067
171.02,0.437931,0.000151612
171.837,0.440821,0.000152717
172.653,0.443543,0.000153802
173.469,0.446386,0.000154807
174.286,0.449089,0.000155822
175.102,0.451535,0.000156826
175.918,0.454727,0.000158032
176.735,0.457637,0.000159197
177.551,0.460336,0.000160303
178.367,0.463087,0.000161232
179.184,0.466124,0.000162448
180.0,0.468978,0.00016364
180.816,0.471501,0.000164438
181.633,0.474824,0.000165946
182.449,0.477208,0.000166712
183.265,0.479788,0.000167685
184.082,0.482875,0.000168908
184.898,0.485726,0.000170019
185.714,0.489005,0.000171367
186.531,0.491466,0.000172205
187.347,0.494148,0.000173151
188.163,0.49736,0.000174668
188.98,0.499883,0.000175362
189.796,0.502964,0.000176537
190.612,0.505551,0.000177656
191.429,0.508645,0.000178818
192.245,0.511349,0.000179777
193.061,0.514274,0.000181125
193.878,0.517122,0.000182221
194.694,0.520094,0.000183245
195.51,0.522972,0.000184474
196.327,0.525846,0.000185534
197.143,0.52845,0.00018657
197.959,0.531299,0.000187566
198.776,0.534411,0.000189031
199.592,0.537018,0.000189948
200.408,0.540177,0.000191101
201.224,0.543178,0.000192483
202.041,0.546069,0.000193363
202.857,0.549138,0.000194666
203.673,0.552015,0.00019575
204.49,0.554983,0.000196896
205.306,0.557421,0.000197935
206.122,0.560784,0.000199282
206.939,0.563437,0.000200314
207.755,0.566542,0.000201508
208.571,0.569562,0.000202697
209.388,0.572398,0.000203744
210.204,0.574976,0.000204892
211.02,0.57833,0.000206106
211.837,0.580923,0.000207114
212.653,0.583976,0.000208517
213.469,0.587461,0.000209884
214.286,0.589723,0.00021052
215.102,0.593167,0.000212061
215.918,0.595387,0.00021271
216.735,0.59861,0.000213993
217.551,0.601677,0.000215437
218.367,0.604797,0.000216511
219.184,0.607672,0.00021765
220.0,0.610665,0.000218861
221.633,0.616778,0.000221317
223.265,0.622099,0.000223605
224.898,0.628496,0.000226054
226.531,0.634396,0.000228288
228.163,0.640071,0.000230414
229.796,0.646233,0.00023286
231.429,0.652376,0.000235532
233.061,0.658749,0.000238027
234.694,0.664149,0.000240226
236.327,0.670492,0.000242794
237.959,0.676236,0.000244872
239.592,0.682072,0.000247217
241.224,0.688413,0.000249818
242.857,0.693972,0.000252012
244.49,0.700639,0.000254403
246.122,0.706874,0.00025761
247.755,0.713101,0.0002596
249.388,0.718805,0.000261995
251.02,0.725105,0.000264784
252.653,0.731068,0.000267099
254.286,0.736667,0.000269098
255.918,0.743197,0.000272024
257.551,0.749332,0.000274396
259.184,0.755524,0.00027689
260.816,0.762176,0.000279772
262.449,0.767932,0.000281871
264.082,0.774392,0.000284748
265.714,0.78043,0.000287194
267.347,0.787078,0.00028958
268.98,0.792967,0.000292003
270.612,0.799242,0.000295045
272.245,0.806231,0.000297819
273.878,0.811518,0.000299869
275.51,0.817973,0.00030225
277.143,0.823727,0.000304605
278.776,0.830762,0.000307722
280.408,0.836148,0.000310054
282.041,0.842479,0.000312208
283.673,0.849708,0.000315344
285.306,0.855065,0.000317057
286.939,0.861694,0.000320345
288.571,0.86748,0.000322324
290.204,0.874506,0.000325687
291.837,0.880756,0.000328178
293.469,0.887093,0.000330514
295.102,0.893146,0.00033298
296.735,0.899603,0.00033571
298.367,0.906278,0.000338871
300.0,0.912623,0.000341138
301.633,0.919361,0.000343895
303.265,0.925239,0.000346674
304.898,0.931933,0.00034947
306.531,0.938752,0.000352308
308.163,0.943922,0.000354355
309.796,0.950483,0.000356676
311.429,0.956756,0.000359257
313.061,0.963113,0.000362153
314.694,0.970136,0.000365432
316.327,0.976832,0.000367838
317.959,0.983194,0.000370415
319.592,0.989838,0.00037361
321.224,0.995536,0.000375365
322.857,1.00206,0.000378735
324.49,1.00927,0.000381898
326.122,1.01549,0.000383837
327.755,1.02187,0.000386691
329.388,1.02839,0.000389661
331.02,1.0348,0.000392662
332.653,1.04159,0.000394845
334.286,1.04906,0.000398178
335.918,1.05482,0.000400516
337.551,1.06087,0.000403108
339.184,1.06737,0.00040581
340.816,1.07417,0.000408719
342.449,1.08112,0.000411664
344.082,1.0873,0.00041416
345.714,1.09404,0.000417179
347.347,1.10069,0.000420155
348.98,1.10759,0.000423933
350.612,1.11316,0.000424986
352.245,1.1202,0.000427993
353.878,1.12736,0.00043134
355.51,1.13339,0.000434017
357.143,1.13943,0.000436511
358.776,1.14676,0.000439192
360.408,1.15347,0.000441923
362.041,1.16042,0.000445711
363.673,1.16759,0.000448507
365.306,1.173,0.000450576
366.939,1.17954,0.000453493
368.571,1.18635,0.000456276
370.204,1.19362,0.000459191
371.837,1.20089,0.00046221
373.469,1.20631,0.000464687
375.102,1.21312,0.000467126
376.735,1.2199,0.00047048
378.367,1.22768,0.000474489
380.0,1.23342,0.000476242
382.449,1.24361,0.000480363
384.898,1.2535,0.000485073
387.347,1.26378,0.000489823
389.796,1.27397,0.000494196
392.245,1.28435,0.000498297
394.694,1.29383,0.000502029
397.143,1.30479,0.00050675
399.592,1.31413,0.000511641
402.041,1.32419,0.000514472
404.49,1.33432,0.000518953
406.939,1.34498,0.000524315
409.388,1.35732,0.000529985
411.837,1.367,0.000533709
414.286,1.37564,0.000537644
416.735,1.38619,0.000541646
419.184,1.39679,0.000547091
421.633,1.40777,0.000551535
424.082,1.41694,0.000555227
426.531,1.42842,0.000560218
428.98,1.43759,0.00056402
431.429,1.44792,0.000568414
433.878,1.45795,0.000573284
436.327,1.46965,0.00057775
438.776,1.4796,0.000582141
441.224,1.49125,0.000587813
443.673,1.50042,0.000591926
446.122,1.51087,0.000596386
448.571,1.5211,0.000600454
451.02,1.5313,0.000604863
453.469,1.54177,0.000610435
455.918,1.55308,0.000614678
458.367,1.56173,0.000618946
460.816,1.57298,0.000623284
463.265,1.58355,0.000628103
465.714,1.59442,0.000632943
468.163,1.60434,0.00063641
470.612,1.61564,0.000642069
473.061,1.62581,0.000647793
475.51,1.63744,0.000651476
477.959,1.64704,0.000656202
480.408,1.65756,0.000660289
482.857,1.66768,0.000665543
485.306,1.67937,0.000669914
487.755,1.6909,0.000676071
490.204,1.70103,0.000680095
492.653,1.71149,0.000685221
495.102,1.72089,0.000689341
497.551,1.73256,0.000693868
500.0,1.74187,0.000697296
502.449,1.75374,0.000702946
504.898,1.76305,0.000707771
507.347,1.77451,0.000712575
509.796,1.78663,0.000717711
512.245,1.79504,0.000720969
514.694,1.80578,0.000726281
517.143,1.81687,0.000731989
519.592,1.83007,0.000737902
522.041,1.83879,0.000740981
524.49,1.85008,0.000746831
526.939,1.86035,0.000750365
529.388,1.87206,0.000756184
531.837,1.88445,0.000762957
534.286,1.89335,0.000765859
536.735,1.90478,0.000771147
539.184,1.91512,0.000776141
541.633,1.92657,0.000780528
544.082,1.93772,0.000784885
546.531,1.94698,0.000788871
548.98,1.95678,0.000793513
551.429,1.96949,0.00080016
553.878,1.97954,0.000804155
556.327,1.99083,0.000808849
558.776,2.00237,0.000814676
561.224,2.01309,0.000819711
563.673,2.02419,0.000824885
566.122,2.03479,0.000828981
568.571,2.04541,0.000834061
571.02,2.05553,0.000838569
573.469,2.06593,0.000842042
575.918,2.07849,0.00084776
578.367,2.08909,0.000853346
580.816,2.10054,0.000859948
583.265,2.11337,0.000863828
585.714,2.12079,0.000868112
588.163,2.13419,0.000875229
590.612,2.1439,0.000879187
593.061,2.15613,0.000883729
595.51,2.16649,0.000888733
597.959,2.17701,0.000893087
600.408,2.18583,0.000896455
602.857,2.20097,0.000904507
605.306,2.21076,0.000909929
607.755,2.22121,0.000912852
610.204,2.23419,0.00091958
612.653,2.24483,0.000922554
615.102,2.25524,0.000928063
617.551,2.2675,0.000935618
620.0,2.27674,0.000938212
622.449,2.28744,0.00094365
624.898,2.29985,0.000950345
627.347,2.31122,0.000953922
629.796,2.32278,0.000960799
632.245,2.33554,0.000967261
634.694,2.3431,0.000970288
637.143,2.35621,0.000976073
639.592,2.36695,0.000983116
642.041,2.37923,0.000984707
644.49,2.3909,0.000991736
646.939,2.40069,0.000995815
649.388,2.41129,0.000999555
651.837,2.42254,0.00100444
654.286,2.4338,0.00101014
656.735,2.44593,0.00101666
659.184,2.45736,0.00102144
661.633,2.46854,0.00102594
664.082,2.48014,0.00103237
666.531,2.49081,0.00103944
668.98,2.50171,0.00104168
671.429,2.51267,0.00104661
673.878,2.52723,0.00105558
676.327,2.53666,0.0010576
678.776,2.54807,0.00106502
681.224,2.55951,0.00106957
683.673,2.57282,0.00107579
686.122,2.58049,0.00107702
688.571,2.59277,0.00108424
691.02,2.60408,0.00108995
693.469,2.61511,0.00109329
695.918,2.62611,0.0010995
698.367,2.64078,0.00110663
700.816,2.65013,0.00111111
703.265,2.66131,0.00111454
705.714,2.67184,0.00112265
708.163,2.68313,0.00112745
710.612,2.69418,0.00113026
713.061,2.70775,0.00113867
715.51,2.71898,0.00114234
717.959,2.73056,0.00114942
720.408,2.74186,0.00115388
722.857,2.75165,0.00115615
725.306,2.76414,0.00116634
727.755,2.77413,0.00116616
730.204,2.78983,0.00117647
732.653,2.79893,0.001181
735.102,2.8091,0.00118551
737.551,2.82099,0.00119071
740.0,2.83244,0.00119491
743.265,2.84829,0.0012021
746.531,2.86674,0.0012109
749.796,2.87955,0.00121868
753.061,2.89477,0.00122638
756.327,2.91042,0.00123329
759.592,2.92536,0.00123801
762.857,2.94008,0.00124497
766.122,2.95799,0.00125379
769.388,2.97356,0.00126371
772.653,2.98833,0.00126912
775.918,3.00336,0.00127529
779.184,3.01883,0.00128497
782.449,3.03377,0.00128903
785.714,3.05035,0.00129519
788.98,3.06581,0.00130487
792.245,3.08075,0.00131312
795.51,3.09581,0.00132023
798.776,3.11064,0.00132541
802.041,3.12841,0.00133689
805.306,3.14252,0.00134091
808.571,3.1585,0.00134877
811.837,3.1736,0.00135635
815.102,3.1897,0.0013647
818.367,3.20499,0.00137153
821.633,3.22099,0.00138032
824.898,3.23841,0.001386
828.163,3.25221,0.00139307
831.429,3.26902,0.00140176
834.694,3.28427,0.00140866
837.959,3.3003,0.00141681
841.224,3.3154,0.00142494
844.49,3.33134,0.00142976
847.755,3.34787,0.00143939
851.02,3.36319,0.00144861
854.286,3.37917,0.00145616
857.551,3.3964,0.00146175
860.816,3.4087,0.00146784
864.082,3.42654,0.00147647
867.347,3.44272,0.00148508
870.612,3.45836,0.00149126
873.878,3.47309,0.00149898
877.143,3.49183,0.00150531
880.408,3.50601,0.00151244
883.673,3.52153,0.00152298
886.939,3.53967,0.00153209
890.204,3.55194,0.00153787
893.469,3.57093,0.00154311
896.735,3.58477,0.0015507
900.0,3.5994,0.00155609
903.265,3.61588,0.00156747
906.531,3.63454,0.00157625
909.796,3.64923,0.0015885
913.061,3.66547,0.00159335
916.327,3.67965,0.00160246
919.592,3.69376,0.00160498
922.857,3.71286,0.00161606
926.122,3.72943,0.00161967
929.388,3.74378,0.00162933
932.653,3.76189,0.00163735
935.918,3.77881,0.00164534
939.184,3.79073,0.00164976
942.449,3.80777,0.00166077
945.714,3.82512,0.00166591
948.98,3.84008,0.00167513
952.245,3.85587,0.00167888
955.51,3.87495,0.00169322
958.776,3.88864,0.00169484
962.041,3.90507,0.0017074
965.306,3.9218,0.00171464
968.571,3.93712,0.0017248
971.837,3.95228,0.00172987
975.102,3.97048,0.00173906
978.367,3.98401,0.00174515
981.633,4.00257,0.00175591
984.898,4.01706,0.00175966
988.163,4.03664,0.00177224
991.429,4.05123,0.00177658
994.694,4.06617,0.00178621
997.959,4.08452,0.00179701
1001.22,4.10114,0.001802
1004.49,4.11653,0.00180512
1007.76,4.13226,0.00181709
1011.02,4.14789,0.00182252
1014.29,4.16255,0.00182935
1017.55,4.18177,0.00184215
1020.82,4.19906,0.00184932
1024.08,4.21439,0.00185648
1027.35,4.22672,0.00186032
1030.61,4.24844,0.0018726
1033.88,4.26338,0.00188285
1037.14,4.2793,0.0018883
1040.41,4.29891,0.00189814
1043.67,4.31249,0.00190186
1046.94,4.32843,0.00191567
1050.2,4.34379,0.00192219
1053.47,4.36008,0.00192863
1056.73,4.37952,0.00194016
1060.0,4.3972,0.00194663
1064.9,4.41974,0.0019593
1069.8,4.44203,0.00196908
1074.69,4.4696,0.00198247
1079.59,4.49197,0.00199485
1084.49,4.51528,0.00200449
1089.39,4.54624,0.0020235
1094.29,4.56726,0.00203281
1099.18,4.59271,0.00204327
1104.08,4.61818,0.00206345
1108.98,4.64259,0.00206822
1113.88,4.66974,0.00207957
1118.78,4.69339,0.00209188
1123.67,4.71745,0.00210804
1128.57,4.74244,0.00212106
1133.47,4.76394,0.00212229
1138.37,4.79097,0.0021422
1143.27,4.81936,0.00215797
1148.16,4.83858,0.002164
1153.06,4.86514,0.00217821
1157.96,4.89172,0.00218962
1162.86,4.91628,0.00220201
1167.76,4.94235,0.00221497
1172.65,4.96663,0.00222979
1177.55,4.98859,0.00223319
1182.45,5.01562,0.00225256
1187.35,5.04254,0.00226706
1192.24,5.06614,0.00228021
1197.14,5.08626,0.0022852
1202.04,5.1148,0.00230212
1206.94,5.14485,0.0023155
1211.84,5.16995,0.00232786
1216.73,5.19112,0.00233711
1221.63,5.21339,0.00235427
1226.53,5.23849,0.00236069
1231.43,5.26736,0.00238459
1236.33,5.29061,0.00238776
1241.22,5.3158,0.00239764
1246.12,5.34285,0.00241169
1251.02,5.36974,0.00243445
1255.92,5.39164,0.00244038
1260.82,5.41698,0.00244949
1265.71,5.4445,0.00246648
1270.61,5.47115,0.00247888
1275.51,5.49322,0.00248752
1280.41,5.51919,0.00250411
1285.31,5.54584,0.00251334
1290.2,5.57063,0.00252331
1295.1,5.5998,0.00255169
1300.0,5.62777,0.00256144
1304.9,5.64987,0.00257812
1309.8,5.66928,0.00257523
1314.69,5.69798,0.00259146
1319.59,5.72372,0.00260376
1324.49,5.75285,0.00262751
1329.39,5.77898,0.0026368
1334.29,5.80304,0.00265294
1339.18,5.82681,0.0026567
1344.08,5.857,0.00267711
1348.98,5.8827,0.00268058
1353.88,5.91142,0.00270567
1358.78,5.92571,0.00270387
1363.67,5.95694,0.00272717
1368.57,5.98007,0.0027313
1373.47,6.00383,0.00274794
1378.37,6.03015,0.00276935
1383.27,6.06133,0.00277972
1388.16,6.08474,0.00279014
1393.06,6.11083,0.0027997
1397.96,6.1382,0.00281875
1402.86,6.16196,0.00281863
1407.76,6.19083,0.00284923
1412.65,6.21387,0.00285386
1417.55,6.23715,0.00286582
1422.45,6.26591,0.00288407
1427.35,6.29013,0.00289571
1432.24,6.31618,0.00290805
1437.14,6.33948,0.00292254
1442.04,6.36357,0.00293381
1446.94,6.39698,0.00294945
1451.84,6.42063,0.00295693
1456.73,6.44589,0.00296696
1461.63,6.46828,0.0029845
1466.53,6.49778,0.00299958
1471.43,6.5255,0.00301245
1476.33,6.55423,0.00303104
1481.22,6.58172,0.00304078
1486.12,6.60144,0.00305501
1491.02,6.62495,0.0030623
1495.92,6.65321,0.00308218
1500.82,6.68064,0.00308672
1505.71,6.705,0.003108
1510.61,6.73566,0.00312373
1515.51,6.76105,0.00313233
1520.41,6.78435,0.00314107
1525.31,6.81399,0.00316402
1530.2,6.83948,0.00317292
1535.1,6.86318,0.00317909
1540.0,6.89467,0.00320546
1547.35,6.93595,0.00322651
1554.69,6.9741,0.00323863
1562.04,7.004,0.00325132
1569.39,7.052,0.00328778
1576.73,7.08476,0.00330414
1584.08,7.13346,0.00332361
1591.43,7.16865,0.00334871
1598.78,7.20736,0.00336552
1606.12,7.24993,0.00339503
1613.47,7.2816,0.00340492
1620.82,7.33043,0.00342936
1628.16,7.36166,0.00344233
1635.51,7.40602,0.00347355
1642.86,7.4447,0.00348101
1650.2,7.4848,0.00350403
1657.55,7.5241,0.00352977
1664.9,7.56643,0.00355625
1672.24,7.60101,0.0035605
1679.59,7.64086,0.00358495
1686.94,7.68462,0.00361562
1694.29,7.73154,0.00364222
1701.63,7.76193,0.00364878
1708.98,7.79754,0.0036727
1716.33,7.84339,0.00369705
1723.67,7.88731,0.00371089
1731.02,7.91766,0.00373664
1738.37,7.96843,0.00375552
1745.71,8.00981,0.00378368
1753.06,8.04343,0.00381112
1760.41,8.08339,0.00382149
1767.76,8.12711,0.00384042
1775.1,8.17357,0.00386786
1782.45,8.19915,0.00387212
1789.8,8.24558,0.00390732
1797.14,8.28267,0.00391537
1804.49,8.32712,0.00394068
1811.84,8.36803,0.00397419
1819.18,8.40484,0.00398705
1826.53,8.45598,0.00401827
1833.88,8.49029,0.00403574
1841.22,8.53352,0.00407428
1848.57,8.5704,0.00406956
1855.92,8.60367,0.00410755
1863.27,8.65276,0.00412295
1870.61,8.69387,0.00414129
1877.96,8.7412,0.00418
1885.31,8.76912,0.00417698
1892.65,8.81003,0.00419549
1900.0,8.84698,0.00421039
1907.35,8.9004,0.00424646
1914.69,8.93646,0.0042752
1922.04,8.97674,0.00429443
1929.39,9.01575,0.00430388
1936.73,9.05291,0.00431977
1944.08,9.09554,0.00434549
1951.43,9.13794,0.00438332
1958.78,9.17676,0.00437729
1966.12,9.22544,0.00442334
1973.47,9.25939,0.00443252
1980.82,9.30375,0.00446332
1988.16,9.34173,0.00447724
1995.51,9.37954,0.00450261
2002.86,9.43156,0.00453067
2010.2,9.47887,0.00456235
2017.55,9.50889,0.00456829
2024.9,9.55089,0.00458266
2032.24,9.59274,0.00461418
2039.59,9.63577,0.00464251
2046.94,9.67896,0.00467366
2054.29,9.7215,0.00468306
2061.63,9.75226,0.00471295
2068.98,9.79765,0.00472507
2076.33,9.84075,0.00474136
2083.67,9.88478,0.00476407
2091.02,9.91997,0.00477441
2098.37,9.96876,0.00479689
2105.71,10.0058,0.00483899
2113.06,10.0462,0.0048589
2120.41,10.0882,0.00487551
2127.76,10.12,0.00487626
2135.1,10.1677,0.00493342
2142.45,10.2142,0.00493416
2149.8,10.2534,0.00498159
2157.14,10.2956,0.00499251
2164.49,10.3368,0.00503628
2171.84,10.3777,0.00503331
2179.18,10.4163,0.00505358
2186.53,10.4586,0.00508993
2193.88,10.4982,0.0050813
2201.22,10.5411,0.005124
2208.57,10.5799,0.00514045
2215.92,10.6297,0.00517288
2223.27,10.6637,0.00517273
2230.61,10.7129,0.00522235
2237.96,10.7543,0.00524305
2245.31,10.7904,0.00523778
2252.65,10.835,0.00528085
2260.0,10.871,0.00529549
2271.02,10.9464,0.00534123
2282.04,10.9994,0.00535088
2293.06,11.0624,0.00541141
2304.08,11.1317,0.0054388
2315.1,11.1885,0.00545991
2326.12,11.2483,0.00550524
2337.14,11.3183,0.00553964
2348.16,11.376,0.00555956
2359.18,11.4448,0.00560823
2370.2,11.4948,0.00562011
2381.22,11.5718,0.00568483
2392.24,11.6356,0.00571158
2403.27,11.7017,0.00575079
2414.29,11.757,0.00577852
2425.31,11.8176,0.00581284
2436.33,11.8775,0.00582792
2447.35,11.9555,0.00589863
2458.37,12.009,0.00590302
2469.39,12.0826,0.00595975
2480.41,12.1494,0.00600245
2491.43,12.2104,0.00604355
2502.45,12.2668,0.00606197
2513.47,12.3378,0.00612905
2524.49,12.3962,0.0061327
2535.51,12.4724,0.00618989
2546.53,12.5283,0.00620945
2557.55,12.5901,0.00624196
2568.57,12.655,0.00627792
2579.59,12.7186,0.0063134
2590.61,12.7791,0.00633344
2601.63,12.8418,0.00635739
2612.65,12.9146,0.00641631
2623.67,12.9722,0.00645621
2634.69,13.0349,0.00646244
2645.71,13.105,0.00649693
2656.73,13.1728,0.00658635
2667.76,13.2304,0.00658888
2678.78,13.2994,0.00663742
2689.8,13.3544,0.00662699
2700.82,13.4188,0.00669304
2711.84,13.4987,0.00672781
2722.86,13.5461,0.00676129
2733.88,13.6102,0.00681645
2744.9,13.6808,0.0068474
2755.92,13.7547,0.00687054
2766.94,13.8273,0.0069535
2777.96,13.8698,0.00691452
2788.98,13.9308,0.0069415
2800.0,14.011,0.00703358
2814.29,14.0865,0.00705304
2828.57,14.1614,0.00708276
2842.86,14.2627,0.00716219
2857.14,14.3369,0.00719863
2871.43,14.4431,0.00724568
2885.71,14.524,0.00732325
2900.0,14.6074,0.00735701
2914.29,14.685,0.00738883
2928.57,14.7626,0.00743307
2942.86,14.845,0.00746953
2957.14,14.9444,0.00752086
2971.43,15.0197,0.00757805
2985.71,15.0977,0.00759606
3000.0,15.1968,0.00769918
3014.29,15.2622,0.00772408
3028.57,15.363,0.00777739
3042.86,15.453,0.0078452
3057.14,15.527,0.00786308
3071.43,15.6036,0.00791152
3085.71,15.6923,0.00797766
3100.0,15.7785,0.00801095
3114.29,15.8699,0.00804764
3128.57,15.953,0.00809919
3142.86,16.0406,0.00814361
3157.14,16.1304,0.0082083
3171.43,16.218,0.00824392
3185.71,16.2945,0.00829377
3200.0,16.3814,0.00834416
3214.29,16.4677,0.00838937
3228.57,16.5665,0.00847102
3242.86,16.643,0.0085172
3257.14,16.7276,0.00853694
3271.43,16.8121,0.00854239
3285.71,16.8968,0.008605
3300.0,17.0019,0.00865524
3314.29,17.0771,0.00878298
3328.57,17.1418,0.008746
3342.86,17.2413,0.00886228
3357.14,17.3441,0.00890574
3371.43,17.4365,0.00890025
3385.71,17.4843,0.00892793
3400.0,17.5818,0.0089997
3414.29,17.6684,0.00904517
3428.57,17.7684,0.0091094
3442.86,17.8511,0.00917798
3457.14,17.9218,0.00919931
3471.43,18.0228,0.00925215
3485.71,18.0945,0.00928726
3500.0,18.1899,0.00931532
3520.41,18.311,0.00945964
3540.82,18.4667,0.00953706
3561.22,18.5844,0.00962601
3581.63,18.6933,0.00961882
3602.04,18.8158,0.00972765
3622.45,18.9291,0.00976287
3642.86,19.0756,0.0098864
3663.27,19.1989,0.00994543
3683.67,19.3055,0.00998172
3704.08,19.454,0.0100916
3724.49,19.5636,0.010102
3744.9,19.6933,0.010194
3765.31,19.8242,0.0103518
3785.71,19.9355,0.0103422
3806.12,20.0789,0.0104453
3826.53,20.1892,0.0104957
3846.94,20.3211,0.0105781
3867.35,20.4477,0.0106766
3887.76,20.5749,0.0107433
3908.16,20.697,0.0108157
3928.57,20.8229,0.0109047
3948.98,20.9366,0.0109507
3969.39,21.0549,0.010928
3989.8,21.2048,0.0111617
4010.2,21.3276,0.0111535
4030.61,21.4485,0.0112655
4051.02,21.5865,0.0113136
4071.43,21.7222,0.011378
4091.84,21.8432,0.0114195
4112.24,21.9551,0.0115426
4132.65,22.0787,0.0116254
4153.06,22.2167,0.0116949
4173.47,22.3433,0.011739
4193.88,22.4581,0.0118229
4214.29,22.5789,0.011911
4234.69,22.6935,0.0118625
4255.1,22.8521,0.012068
4275.51,23.0099,0.0121472
4295.92,23.0759,0.0121082
4316.33,23.2378,0.0122285
4336.73,23.3516,0.0123324
4357.14,23.4846,0.0123527
4377.55,23.6083,0.0124128
4397.96,23.755,0.0125722
4418.37,23.8632,0.0126145
4438.78,24.0022,0.0126892
4459.18,24.1584,0.0128074
4479.59,24.2854,0.0128632
4500.0,24.407,0.012959
4530.61,24.5805,0.0130559
4561.22,24.8016,0.0132346
4591.84,24.9849,0.013334
4622.45,25.1564,0.0133834
4653.06,25.34,0.0134883
4683.67,25.5803,0.0136507
4714.29,25.723,0.0137166
4744.9,25.9382,0.0139395
4775.51,26.1294,0.0139185
4806.12,26.3131,0.014017
4836.73,26.5232,0.0141595
4867.35,26.7199,0.0142856
4897.96,26.9178,0.0144356
4928.57,27.1201,0.0145211
4959.18,27.3329,0.0147482
4989.8,27.4711,0.0147774
5020.41,27.6705,0.0149145
5051.02,27.9027,0.0150785
5081.63,28.0987,0.0149976
5112.24,28.2912,0.0152284
5142.86,28.4676,0.0152757
5173.47,28.6924,0.0155784
5204.08,28.8735,0.0154677
5234.69,29.0883,0.0157539
5265.31,29.2944,0.0158458
5295.92,29.4923,0.0160358
5326.53,29.672,0.0161044
5357.14,29.9161,0.0162744
5387.76,30.0692,0.016331
5418.37,30.2567,0.0163262
5448.98,30.4503,0.0165159
5479.59,30.6532,0.0166195
5510.2,30.8399,0.0167538
5540.82,31.0818,0.0169806
5571.43,31.2287,0.0168984
5602.04,31.4509,0.0171716
5632.65,31.6341,0.0171224
5663.27,31.8292,0.0173119
5693.88,32.043,0.0175149
5724.49,32.2275,0.0176008
5755.1,32.4629,0.0178206
5785.71,32.6591,0.0179198
5816.33,32.8313,0.0180878
5846.94,33.0592,0.0181763
5877.55,33.2568,0.0182797
5908.16,33.4477,0.0182848
5938.78,33.642,0.0185286
5969.39,33.8063,0.0185176
6000.0,34.0353,0.0187347
6040.82,34.3565,0.0189278
6081.63,34.5909,0.0190267
6122.45,34.8633,0.0191576
6163.27,35.1536,0.0193308
6204.08,35.372,0.0193752
6244.9,35.6681,0.0196799
6285.71,35.9178,0.0199311
6326.53,36.2006,0.0199998
6367.35,36.4738,0.0200986
6408.16,36.7449,0.0202952
6448.98,36.9989,0.0205143
6489.8,37.2709,0.0204994
6530.61,37.5398,0.0207295
6571.43,37.7893,0.0210011
6612.24,38.1225,0.0212531
6653.06,38.346,0.0214441
6693.88,38.6174,0.0214863
6734.69,38.8886,0.0215522
6775.51,39.1621,0.0219062
6816.33,39.4407,0.0220762
6857.14,39.7086,0.0221508
6897.96,40.0229,0.0225335
6938.78,40.2434,0.0223352
6979.59,40.535,0.022557
7020.41,40.8146,0.0227939
7061.22,41.0951,0.0230717
7102.04,41.3807,0.0230211
7142.86,41.6358,0.0232816
7183.67,41.9255,0.0235543
7224.49,42.1954,0.0237571
7265.31,42.4631,0.0239665
7306.12,42.7492,0.0239627
7346.94,42.9985,0.0241665
7387.76,43.274,0.0242948
7428.57,43.5796,0.0248407
7469.39,43.8254,0.0245646
7510.2,44.1153,0.0250177
7551.02,44.3538,0.0249712
7591.84,44.613,0.0249383
7632.65,44.9196,0.025272
7673.47,45.2398,0.0255707
7714.29,45.4777,0.0256672
7755.1,45.7424,0.0259377
7795.92,46.0437,0.0260665
7836.73,46.3036,0.0264849
7877.55,46.6159,0.0265276
7918.37,46.8923,0.026602
7959.18,47.1376,0.0268496
8000.0,47.4216,0.027014
8040.82,47.6593,0.0269192
8081.63,47.9863,0.0272026
8122.45,48.2254,0.0272132
8163.27,48.5509,0.0274745
8204.08,48.8102,0.0279356
8244.9,49.0818,0.0279383
8285.71,49.2897,0.0277345
8326.53,49.6212,0.0281006
8367.35,49.9172,0.0284289
8408.16,50.2242,0.0287593
8448.98,50.5098,0.0289198
8489.8,50.8338,0.0291158
8530.61,51.0731,0.0289911
8571.43,51.315,0.0296113
8612.24,51.6418,0.0294746
8653.06,51.9048,0.0299041
8693.88,52.1071,0.0294667
8734.69,52.4501,0.0302268
8775.51,52.7476,0.0301526
8816.33,53.049,0.0305322
8857.14,53.3167,0.0306509
8897.96,53.597,0.0311558
8938.78,53.832,0.0309298
8979.59,54.1271,0.0309368
9020.41,54.4384,0.0312367
9061.22,54.6891,0.0316245
9102.04,55.0375,0.0316292
9142.86,55.299,0.0317104
9183.67,55.5087,0.0319059
9224.49,55.8493,0.0323924
9265.31,56.0976,0.0325316
9306.12,56.3869,0.0323842
9346.94,56.6885,0.0329289
9387.76,56.9338,0.0328346
9428.57,57.2726,0.0330899
9469.39,57.5638,0.0330307
9510.2,57.8787,0.0336756
9551.02,58.1312,0.0337532
9591.84,58.4071,0.033944
9632.65,58.7288,0.0340698
9673.47,58.9518,0.0341655
9714.29,59.2402,0.034103
9755.1,59.5304,0.034397
9795.92,59.7204,0.0345727
9836.73,60.062,0.0349104
9877.55,60.3617,0.0350326
9918.37,60.7053,0.0354123
9959.18,60.8946,0.0352145
10000.0,61.2183,0.0356405
