0.0,0.0,0.0
0.000204082,0.0,0.0
0.000408163,0.0,0.0
0.000612245,0.0,0.0
0.000816327,0.0,0.0
0.00102041,0.0,0.0
0.00122449,0.0,0.0
0.00142857,0.0,0.0
0.00163265,0.0,0.0
0.00183673,0.0,0.0
0.00204082,0.0,0.0
0.0022449,0.0,0.0
0.00244898,0.0,0.0
0.00265306,0.0,0.0
0.00285714,0.0,0.0
0.00306122,0.0,0.0
0.00326531,0.0,0.0
0.00346939,0.0,0.0
0.00367347,0.0,0.0
0.00387755,0.0,0.0
0.00408163,0.0,0.0
0.00428571,0.0,0.0
0.0044898,0.0,0.0
0.00469388,0.0,0.0
0.00489796,0.0,0.0
0.00510204,0.0,0.0
0.00530612,0.0,0.0
0.0055102,0.0,0.0
0.00571429,0.0,0.0
0.00591837,0.0,0.0
0.00612245,0.0,0.0
0.00632653,0.0,0.0
0.00653061,0.0,0.0
0.00673469,0.0,0.0
0.00693878,0.0,0.0
0.00714286,0.0,0.0
0.00734694,0.0,0.0
0.00755102,0.0,0.0
0.0077551,0.0,0.0
0.00795918,0.0,0.0
0.00816327,0.0,0.0
0.00836735,0.0,0.0
0.00857143,0.0,0.0
0.00877551,0.0,0.0
0.00897959,0.0,0.0
0.00918367,0.0,0.0
0.00938776,0.0,0.0
0.00959184,0.0,0.0
0.00979592,0.0,0.0
0.01,0.0,0.0
0.0118367,0.0,0.0
0.0136735,0.0,0.0
0.0155102,0.0,0.0
0.0173469,0.0,0.0
0.0191837,0.0,0.0
0.0210204,0.0,0.0
0.0228571,0.0,0.0
0.0246939,0.0,0.0
0.0265306,0.0,0.0
0.0283673,0.0,0.0
0.0302041,0.0,0.0
0.0320408,0.0,0.0
0.0338776,0.0,0.0
0.0357143,0.0,0.0
0.037551,0.0,0.0
0.0393878,0.0,0.0
0.0412245,0.0,0.0
0.0430612,0.0,0.0
0.044898,0.0,0.0
0.0467347,0.0,0.0
0.0485714,0.0,0.0
0.0504082,0.0,0.0
0.0522449,0.0,0.0
0.0540816,0.0,0.0
0.0559184,0.0,0.0
0.0577551,0.0,0.0
0.0595918,0.0,0.0
0.0614286,0.0,0.0
0.0632653,0.0,0.0
0.065102,0.0,0.0
0.0669388,0.0,0.0
0.0687755,0.0,0.0
0.0706122,0.0,0.0
0.072449,0.0,0.0
0.0742857,0.0,0.0
0.0761224,0.0,0.0
0.0779592,0.0,0.0
0.0797959,0.0,0.0
0.0816327,0.0,0.0
0.0834694,0.0,0.0
0.0853061,0.0,0.0
0.0871429,0.0,0.0
0.0889796,0.0,0.0
0.0908163,0.0,0.0
0.0926531,0.0,0.0
0.0944898,0.0,0.0
0.0963265,0.0,0.0
0.0981633,0.0,0.0
0.1,0.0,0.0
0.102041,0.0,0.0
0.104082,0.0,0.0
0.106122,0.0,0.0
0.108163,0.0,0.0
0.110204,0.0,0.0
0.112245,0.0,0.0
0.114286,0.0,0.0
0.116327,0.0,0.0
0.118367,0.0,0.0
0.120408,0.0,0.0
0.122449,0.0,0.0
0.12449,0.0,0.0
0.126531,0.0,0.0
0.128571,0.0,0.0
0.130612,0.0,0.0
0.132653,0.0,0.0
0.134694,0.0,0.0
0.136735,0.0,0.0
0.138776,0.0,0.0
0.140816,0.0,0.0
0.142857,0.0,0.0
0.144898,0.0,0.0
0.146939,0.0,0.0
0.14898,0.0,0.0
0.15102,0.0,0.0
0.153061,0.0,0.0
0.155102,0.0,0.0
0.157143,0.0,0.0
0.159184,0.0,0.0
0.161224,0.0,0.0
0.163265,0.0,0.0
0.165306,0.0,0.0
0.167347,0.0,0.0
0.169388,0.0,0.0
0.171429,0.0,0.0
0.173469,0.0,0.0
0.17551,0.0,0.0
0.177551,0.0,0.0
0.179592,0.0,0.0
0.181633,0.0,0.0
0.183673,0.0,0.0
0.185714,0.0,0.0
0.187755,0.0,0.0
0.189796,0.0,0.0
0.191837,0.0,0.0
0.193878,0.0,0.0
0.195918,0.0,0.0
0.197959,0.0,0.0
0.2,0.0,0.0
0.202041,0.0,0.0
0.204082,0.0,0.0
0.206122,0.0,0.0
0.208163,0.0,0.0
0.210204,0.0,0.0
0.212245,0.0,0.0
0.214286,0.0,0.0
0.216327,0.0,0.0
0.218367,0.0,0.0
0.220408,0.0,0.0
0.222449,0.0,0.0
0.22449,0.0,0.0
0.226531,0.0,0.0
0.228571,0.0,0.0
0.230612,0.0,0.0
0.232653,0.0,0.0
0.234694,0.0,0.0
0.236735,0.0,0.0
0.238776,0.0,0.0
0.240816,0.0,0.0
0.242857,0.0,0.0
0.244898,0.0,0.0
0.246939,0.0,0.0
0.24898,0.0,0.0
0.25102,0.0,0.0
0.253061,0.0,0.0
0.255102,0.0,0.0
0.257143,0.0,0.0
0.259184,0.0,0.0
0.261224,0.0,0.0
0.263265,0.0,0.0
0.265306,0.0,0.0
0.267347,0.0,0.0
0.269388,0.0,0.0
0.271429,0.0,0.0
0.273469,0.0,0.0
0.27551,0.0,0.0
0.277551,0.0,0.0
0.279592,0.0,0.0
0.281633,0.0,0.0
0.283673,0.0,0.0
0.285714,0.0,0.0
0.287755,0.0,0.0
0.289796,0.0,0.0
0.291837,0.0,0.0
0.293878,0.0,0.0
0.295918,0.0,0.0
0.297959,0.0,0.0
0.3,0.0,0.0
0.302041,0.0,0.0
0.304082,0.0,0.0
0.306122,0.0,0.0
0.308163,0.0,0.0
0.310204,0.0,0.0
0.312245,0.0,0.0
0.314286,0.0,0.0
0.316327,0.0,0.0
0.318367,0.0,0.0
0.320408,0.0,0.0
0.322449,0.0,0.0
0.32449,0.0,0.0
0.326531,0.0,0.0
0.328571,0.0,0.0
0.330612,0.0,0.0
0.332653,0.0,0.0
0.334694,0.0,0.0
0.336735,0.0,0.0
0.338776,0.0,0.0
0.340816,0.0,0.0
0.342857,0.0,0.0
0.344898,0.0,0.0
0.346939,0.0,0.0
0.34898,0.0,0.0
0.35102,0.0,0.0
0.353061,0.0,0.0
0.355102,0.0,0.0
0.357143,0.0,0.0
0.359184,0.0,0.0
0.361224,0.0,0.0
0.363265,0.0,0.0
0.365306,0.0,0.0
0.367347,0.0,0.0
0.369388,0.0,0.0
0.371429,0.0,0.0
0.373469,0.0,0.0
0.37551,0.0,0.0
0.377551,0.0,0.0
0.379592,0.0,0.0
0.381633,0.0,0.0
0.383673,0.0,0.0
0.385714,0.0,0.0
0.387755,0.0,0.0
0.389796,0.0,0.0
0.391837,0.0,0.0
0.393878,0.0,0.0
0.395918,0.0,0.0
0.397959,0.0,0.0
0.4,0.0,0.0
0.402041,0.0,0.0
0.404082,0.0,0.0
0.406122,0.0,0.0
0.408163,0.0,0.0
0.410204,0.0,0.0
0.412245,0.0,0.0
0.414286,0.0,0.0
0.416327,0.0,0.0
0.418367,0.0,0.0
0.420408,0.0,0.0
0.422449,0.0,0.0
0.42449,0.0,0.0
0.426531,0.0,0.0
0.428571,0.0,0.0
0.430612,0.0,0.0
0.432653,0.0,0.0
0.434694,0.0,0.0
0.436735,0.0,0.0
0.438776,0.0,0.0
0.440816,0.0,0.0
0.442857,0.0,0.0
0.444898,0.0,0.0
0.446939,0.0,0.0
0.44898,0.0,0.0
0.45102,0.0,0.0
0.453061,0.0,0.0
0.455102,0.0,0.0
0.457143,0.0,0.0
0.459184,0.0,0.0
0.461224,0.0,0.0
0.463265,0.0,0.0
0.465306,0.0,0.0
0.467347,0.0,0.0
0.469388,0.0,0.0
0.471429,0.0,0.0
0.473469,0.0,0.0
0.47551,0.0,0.0
0.477551,0.0,0.0
0.479592,0.0,0.0
0.481633,0.0,0.0
0.483673,0.0,0.0
0.485714,0.0,0.0
0.487755,0.0,0.0
0.489796,0.0,0.0
0.491837,0.0,0.0
0.493878,0.0,0.0
0.495918,0.0,0.0
0.497959,0.0,0.0
0.5,0.0,0.0
0.502041,0.0,0.0
0.504082,0.0,0.0
0.506122,0.0,0.0
0.508163,0.0,0.0
0.510204,0.0,0.0
0.512245,0.0,0.0
0.514286,0.0,0.0
0.516327,0.0,0.0
0.518367,0.0,0.0
0.520408,0.0,0.0
0.522449,0.0,0.0
0.52449,0.0,0.0
0.526531,0.0,0.0
0.528571,0.0,0.0
0.530612,0.0,0.0
0.532653,0.0,0.0
0.534694,0.0,0.0
0.536735,0.0,0.0
0.538776,0.0,0.0
0.540816,0.0,0.0
0.542857,0.0,0.0
0.544898,0.0,0.0
0.546939,0.0,0.0
0.54898,0.0,0.0
0.55102,0.0,0.0
0.553061,0.0,0.0
0.555102,0.0,0.0
0.557143,0.0,0.0
0.559184,0.0,0.0
0.561224,0.0,0.0
0.563265,0.0,0.0
0.565306,0.0,0.0
0.567347,0.0,0.0
0.569388,0.0,0.0
0.571429,0.0,0.0
0.573469,0.0,0.0
0.57551,0.0,0.0
0.577551,0.0,0.0
0.579592,0.0,0.0
0.581633,0.0,0.0
0.583673,0.0,0.0
0.585714,0.0,0.0
0.587755,0.0,0.0
0.589796,0.0,0.0
0.591837,0.0,0.0
0.593878,0.0,0.0
0.595918,0.0,0.0
0.597959,0.0,0.0
0.6,0.0,0.0
0.602041,0.0,0.0
0.604082,0.0,0.0
0.606122,0.0,0.0
0.608163,0.0,0.0
0.610204,0.0,0.0
0.612245,0.0,0.0
0.614286,0.0,0.0
0.616327,0.0,0.0
0.618367,0.0,0.0
0.620408,0.0,0.0
0.622449,0.0,0.0
0.62449,0.0,0.0
0.626531,0.0,0.0
0.628571,0.0,0.0
0.630612,0.0,0.0
0.632653,0.0,0.0
0.634694,0.0,0.0
0.636735,0.0,0.0
0.638776,0.0,0.0
0.640816,0.0,0.0
0.642857,0.0,0.0
0.644898,0.0,0.0
0.646939,0.0,0.0
0.64898,0.0,0.0
0.65102,0.0,0.0
0.653061,0.0,0.0
0.655102,0.0,0.0
0.657143,0.0,0.0
0.659184,0.0,0.0
0.661224,0.0,0.0
0.663265,0.0,0.0
0.665306,0.0,0.0
0.667347,0.0,0.0
0.669388,0.0,0.0
0.671429,0.0,0.0
0.673469,0.0,0.0
0.67551,0.0,0.0
0.677551,0.0,0.0
0.679592,0.0,0.0
0.681633,0.0,0.0
0.683673,0.0,0.0
0.685714,0.0,0.0
0.687755,0.0,0.0
0.689796,0.0,0.0
0.691837,0.0,0.0
0.693878,0.0,0.0
0.695918,0.0,0.0
0.697959,0.0,0.0
0.7,0.0,0.0
0.702041,0.0,0.0
0.704082,0.0,0.0
0.706122,0.0,0.0
0.708163,0.0,0.0
0.710204,0.0,0.0
0.712245,0.0,0.0
0.714286,0.0,0.0
0.716327,0.0,0.0
0.718367,0.0,0.0
0.720408,0.0,0.0
0.722449,0.0,0.0
0.72449,0.0,0.0
0.726531,0.0,0.0
0.728571,0.0,0.0
0.730612,0.0,0.0
0.732653,0.0,0.0
0.734694,0.0,0.0
0.736735,0.0,0.0
0.738776,0.0,0.0
0.740816,0.0,0.0
0.742857,0.0,0.0
0.744898,0.0,0.0
0.746939,0.0,0.0
0.74898,0.0,0.0
0.75102,0.0,0.0
0.753061,0.0,0.0
0.755102,0.0,0.0
0.757143,0.0,0.0
0.759184,0.0,0.0
0.761224,0.0,0.0
0.763265,0.0,0.0
0.765306,0.0,0.0
0.767347,0.0,0.0
0.769388,0.0,0.0
0.771429,0.0,0.0
0.773469,0.0,0.0
0.77551,0.0,0.0
0.777551,0.0,0.0
0.779592,0.0,0.0
0.781633,0.0,0.0
0.783673,0.0,0.0
0.785714,0.0,0.0
0.787755,0.0,0.0
0.789796,0.0,0.0
0.791837,0.0,0.0
0.793878,0.0,0.0
0.795918,0.0,0.0
0.797959,0.0,0.0
0.8,0.0,0.0
0.802041,0.0,0.0
0.804082,0.0,0.0
0.806122,0.0,0.0
0.808163,0.0,0.0
0.810204,0.0,0.0
0.812245,0.0,0.0
0.814286,0.0,0.0
0.816327,0.0,0.0
0.818367,0.0,0.0
0.820408,0.0,0.0
0.822449,0.0,0.0
0.82449,0.0,0.0
0.826531,0.0,0.0
0.828571,0.0,0.0
0.830612,0.0,0.0
0.832653,0.0,0.0
0.834694,0.0,0.0
0.836735,0.0,0.0
0.838776,0.0,0.0
0.840816,0.0,0.0
0.842857,0.0,0.0
0.844898,0.0,0.0
0.846939,0.0,0.0
0.84898,0.0,0.0
0.85102,0.0,0.0
0.853061,0.0,0.0
0.855102,0.0,0.0
0.857143,0.0,0.0
0.859184,0.0,0.0
0.861224,0.0,0.0
0.863265,0.0,0.0
0.865306,0.0,0.0
0.867347,0.0,0.0
0.869388,0.0,0.0
0.871429,0.0,0.0
0.873469,0.0,0.0
0.87551,0.0,0.0
0.877551,0.0,0.0
0.879592,0.0,0.0
0.881633,0.0,0.0
0.883673,0.0,0.0
0.885714,0.0,0.0
0.887755,0.0,0.0
0.889796,0.0,0.0
0.891837,0.0,0.0
0.893878,0.0,0.0
0.895918,0.0,0.0
0.897959,0.0,0.0
0.9,0.0,0.0
0.902041,0.0,0.0
0.904082,0.0,0.0
0.906122,0.0,0.0
0.908163,0.0,0.0
0.910204,0.0,0.0
0.912245,0.0,0.0
0.914286,0.0,0.0
0.916327,0.0,0.0
0.918367,0.0,0.0
0.920408,0.0,0.0
0.922449,0.0,0.0
0.92449,0.0,0.0
0.926531,0.0,0.0
0.928571,0.0,0.0
0.930612,0.0,0.0
0.932653,0.0,0.0
0.934694,0.0,0.0
0.936735,0.0,0.0
0.938776,0.0,0.0
0.940816,0.0,0.0
0.942857,0.0,0.0
0.944898,0.0,0.0
0.946939,0.0,0.0
0.94898,0.0,0.0
0.95102,0.0,0.0
0.953061,0.0,0.0
0.955102,0.0,0.0
0.957143,0.0,0.0
0.959184,0.0,0.0
0.961224,0.0,0.0
0.963265,0.0,0.0
0.965306,0.0,0.0
0.967347,0.0,0.0
0.969388,0.0,0.0
0.971429,0.0,0.0
0.973469,0.0,0.0
0.97551,0.0,0.0
0.977551,0.0,0.0
0.979592,0.0,0.0
0.981633,0.0,0.0
0.983673,0.0,0.0
0.985714,0.0,0.0
0.987755,0.0,0.0
0.989796,0.0,0.0
0.991837,0.0,0.0
0.993878,0.0,0.0
0.995918,0.0,0.0
0.997959,0.0,0.0
1.0,0.0,0.0
1.08163,0.0,0.0
1.16327,0.0,0.0
1.2449,0.0,0.0
1.32653,0.0,0.0
1.40816,0.0,0.0
1.4898,0.0,0.0
1.57143,0.0,0.0
1.65306,0.0,0.0
1.73469,0.0,0.0
1.81633,9.89136e-44,3.87205e-46
1.89796,7.73068e-35,4.44516e-37
1.97959,9.68233e-31,7.97771e-33
2.06122,5.57442e-28,4.54182e-30
2.14286,6.32975e-26,4.08684e-28
2.22449,2.4172e-24,1.42e-26
2.30612,5.46592e-23,5.56338e-25
2.38776,6.56142e-22,3.04669e-24
2.46939,6.31872e-21,3.51069e-23
2.55102,4.12314e-20,2.2457e-22
2.63265,2.21583e-19,1.07689e-21
2.71429,1.02777e-18,4.86533e-21
2.79592,3.98014e-18,2.49871e-20
2.87755,1.3083e-17,5.86124e-20
2.95918,4.00908e-17,1.52415e-19
3.04082,1.13184e-16,4.65881e-19
3.12245,2.98698e-16,4.55628e-18
3.20408,7.04132e-16,3.51042e-18
3.28571,1.52917e-15,5.5342e-18
3.36735,3.24861e-15,9.39995e-18
3.44898,6.56507e-15,2.11686e-17
3.53061,1.29517e-14,4.06396e-17
3.61224,2.41124e-14,8.33031e-17
3.69388,4.32956e-14,1.60405e-16
3.77551,7.46034e-14,2.36575e-16
3.85714,1.24752e-13,3.84714e-16
3.93878,2.03597e-13,1.11342e-15
4.02041,3.23734e-13,7.71145e-16
4.10204,5.08337e-13,1.11787e-15
4.18367,7.86745e-13,1.83016e-15
4.26531,1.18441e-12,2.85527e-15
4.34694,1.75203e-12,4.4438e-15
4.42857,2.59894e-12,2.34946e-14
4.5102,3.68216e-12,1.04996e-14
4.59184,5.15066e-12,1.48216e-14
4.67347,7.13603e-12,2.00238e-14
4.7551,9.78308e-12,2.67535e-14
4.83673,1.31078e-11,3.06877e-14
4.91837,1.74887e-11,4.01842e-14
5.0,2.31393e-11,4.63903e-14
5.10204,3.24392e-11,6.44934e-14
5.20408,4.51264e-11,8.06535e-14
5.30612,6.21403e-11,1.33931e-13
5.40816,8.40067e-11,1.43233e-13
5.5102,1.12425e-10,2.00455e-13
5.61224,1.4994e-10,2.76281e-13
5.71429,1.96157e-10,3.86407e-13
5.81633,2.54669e-10,5.05827e-13
5.91837,3.26084e-10,7.12096e-13
6.02041,4.12752e-10,8.53786e-13
6.12245,5.20338e-10,1.14637e-12
6.22449,6.48207e-10,1.54414e-12
6.32653,8.06861e-10,5.98766e-12
6.42857,9.87381e-10,2.01015e-12
6.53061,1.20415e-09,2.44514e-12
6.63265,1.46104e-09,2.97719e-12
6.73469,1.7683e-09,3.19886e-12
6.83673,2.13436e-09,3.93955e-12
6.93878,2.5466e-09,3.88951e-12
7.04082,3.0469e-09,5.9388e-12
7.14286,3.62141e-09,5.48479e-12
7.2449,4.29244e-09,5.95965e-12
7.34694,5.07221e-09,7.0525e-12
7.44898,5.97687e-09,8.1104e-12
7.55102,6.99206e-09,8.82009e-12
7.65306,8.17241e-09,1.08137e-11
7.7551,9.51053e-09,1.2206e-11
7.85714,1.09953e-08,1.48436e-11
7.95918,1.27598e-08,1.98152e-11
8.06122,1.4634e-08,2.0348e-11
8.16327,1.68143e-08,2.29789e-11
8.26531,1.92214e-08,3.0859e-11
8.36735,2.18608e-08,3.0793e-11
8.46939,2.48475e-08,3.44429e-11
8.57143,2.80411e-08,4.13229e-11
8.67347,3.17398e-08,5.76909e-11
8.77551,3.56357e-08,5.47274e-11
8.87755,4.00556e-08,6.31646e-11
8.97959,4.48966e-08,6.9237e-11
9.08163,4.99761e-08,1.10248e-10
9.18367,5.55198e-08,8.72561e-11
9.28571,6.17716e-08,1.08825e-10
9.38776,6.83792e-08,1.05083e-10
9.4898,7.556e-08,1.17266e-10
9.59184,8.34283e-08,1.26706e-10
9.69388,9.20172e-08,1.50991e-10
9.79592,1.01278e-07,1.74851e-10
9.89796,1.11137e-07,1.69129e-10
10.0,1.22368e-07,3.31721e-10
10.2041,1.45512e-07,2.12095e-10
10.4082,1.74305e-07,3.21641e-10
10.6122,2.06496e-07,3.15744e-10
10.8163,2.43335e-07,3.43645e-10
11.0204,2.85777e-07,3.74923e-10
11.2245,3.35807e-07,7.04932e-10
11.4286,3.92497e-07,5.85409e-10
11.6327,4.56251e-07,5.62763e-10
11.8367,5.29098e-07,7.02578e-10
12.0408,6.11647e-07,6.91642e-10
12.2449,7.05402e-07,8.31041e-10
12.449,8.10992e-07,9.64879e-10
12.6531,9.28042e-07,8.85063e-10
12.8571,1.06101e-06,1.09085e-09
13.0612,1.20685e-06,1.40231e-09
13.2653,1.36978e-06,1.27315e-09
13.4694,1.54672e-06,1.3401e-09
13.6735,1.74625e-06,2.32343e-09
13.8776,1.95971e-06,1.66986e-09
14.0816,2.19575e-06,1.87377e-09
14.2857,2.45239e-06,2.21528e-09
14.4898,2.73514e-06,2.6324e-09
14.6939,3.03798e-06,2.71981e-09
14.898,3.36009e-06,3.06357e-09
15.102,3.71647e-06,3.3508e-09
15.3061,4.10344e-06,3.80645e-09
15.5102,4.51152e-06,7.49332e-09
15.7143,4.94277e-06,4.85551e-09
15.9184,5.4076e-06,5.47026e-09
16.1224,5.89681e-06,6.21873e-09
16.3265,6.42974e-06,6.6948e-09
16.5306,6.99913e-06,7.77602e-09
16.7347,7.59782e-06,8.49513e-09
16.9388,8.22983e-06,1.06694e-08
17.1429,8.89333e-06,1.1214e-08
17.3469,9.59424e-06,1.08845e-08
17.551,1.03588e-05,1.30349e-08
17.7551,1.11476e-05,1.63048e-08
17.9592,1.19951e-05,1.62313e-08
18.1633,1.28654e-05,1.6133e-08
18.3673,1.37643e-05,1.62552e-08
18.5714,1.47717e-05,1.95218e-08
18.7755,1.57805e-05,2.06019e-08
18.9796,1.69359e-05,2.35218e-08
19.1837,1.80151e-05,2.55941e-08
19.3878,1.92258e-05,2.92945e-08
19.5918,2.05047e-05,2.70448e-08
19.7959,2.17244e-05,2.75702e-08
20.0,2.3178e-05,3.22683e-08
20.4082,2.61572e-05,3.9715e-08
20.8163,2.95331e-05,7.00308e-08
21.2245,3.30122e-05,4.91688e-08
21.6327,3.70256e-05,5.15787e-08
22.0408,4.13756e-05,6.53992e-08
22.449,4.62511e-05,7.10832e-08
22.8571,5.14234e-05,8.5911e-08
23.2653,5.70647e-05,8.24478e-08
23.6735,6.34152e-05,9.2621e-08
24.0816,7.05869e-05,2.6124e-07
24.4898,7.81959e-05,2.20937e-07
24.898,8.62704e-05,1.19685e-07
25.3061,9.53342e-05,1.45262e-07
25.7143,0.000105201,1.73432e-07
26.1224,0.000115987,1.80923e-07
26.5306,0.000127605,1.67664e-07
26.9388,0.000140385,2.02458e-07
27.3469,0.000154655,2.28271e-07
27.7551,0.000169264,2.35875e-07
28.1633,0.000185405,2.56708e-07
28.5714,0.000202716,2.46835e-07
28.9796,0.000221453,2.605e-07
29.3878,0.000242696,3.01421e-07
29.7959,0.000264337,3.95396e-07
30.2041,0.000287181,3.17018e-07
30.6122,0.00031326,3.9787e-07
31.0204,0.000339998,4.08812e-07
31.4286,0.000368739,4.10352e-07
31.8367,0.000399725,4.32215e-07
32.2449,0.000433128,4.82626e-07
32.6531,0.00046868,5.80532e-07
33.0612,0.000504418,4.93954e-07
33.4694,0.000546663,5.9073e-07
33.8776,0.0005895,1.05005e-06
34.2857,0.00063343,6.34917e-07
34.6939,0.000681127,6.62961e-07
35.102,0.000732352,8.32829e-07
35.5102,0.000783246,6.9261e-07
35.9184,0.000841816,7.89306e-07
36.3265,0.000899846,8.38804e-07
36.7347,0.000967822,3.51799e-06
37.1429,0.00102961,9.61181e-07
37.551,0.00109729,9.61901e-07
37.9592,0.00117091,1.10066e-06
38.3673,0.00124751,1.23677e-06
38.7755,0.0013261,1.25407e-06
39.1837,0.00141122,1.39682e-06
39.5918,0.00149772,1.30289e-06
40.0,0.00158587,1.39179e-06
40.4082,0.00168588,1.60419e-06
40.8163,0.00178466,1.44541e-06
41.2245,0.00188988,1.71503e-06
41.6327,0.00199764,1.6595e-06
42.0408,0.0021072,1.72401e-06
42.449,0.00222671,1.85112e-06
42.8571,0.00234822,1.97229e-06
43.2653,0.00247568,1.85389e-06
43.6735,0.00260381,2.06824e-06
44.0816,0.00274138,2.08798e-06
44.4898,0.00288723,2.1873e-06
44.898,0.00302731,2.45839e-06
45.3061,0.0031844,4.25215e-06
45.7143,0.00334309,2.84162e-06
46.1224,0.00350508,2.61266e-06
46.5306,0.00367317,2.74305e-06
46.9388,0.00385097,3.34662e-06
47.3469,0.00403179,3.74069e-06
47.7551,0.0042069,3.15666e-06
48.1633,0.00440152,3.22265e-06
48.5714,0.00459907,3.81857e-06
48.9796,0.00480869,5.93091e-06
49.3878,0.00500893,3.43864e-06
49.7959,0.0052354,4.01561e-06
50.2041,0.00545407,5.35928e-06
50.6122,0.00567155,3.90947e-06
51.0204,0.00591653,4.08484e-06
51.4286,0.00615406,4.33222e-06
51.8367,0.00639771,4.17363e-06
52.2449,0.00665518,4.70449e-06
52.6531,0.00692161,4.65962e-06
53.0612,0.00718842,5.1877e-06
53.4694,0.00746237,5.05388e-06
53.8776,0.00773602,5.17556e-06
54.2857,0.00803933,5.63536e-06
54.6939,0.0083363,6.11011e-06
55.102,0.00862836,5.71993e-06
55.5102,0.00893918,6.03994e-06
55.9184,0.00925331,6.64665e-06
56.3265,0.00960237,8.29985e-06
56.7347,0.00992211,7.27797e-06
57.1429,0.0102747,7.08793e-06
57.551,0.0106175,8.95098e-06
57.9592,0.0109769,7.11831e-06
58.3673,0.0113264,7.16785e-06
58.7755,0.0117106,8.03631e-06
59.1837,0.0120951,7.84e-06
59.5918,0.0124922,8.95577e-06
60.0,0.0128587,8.13319e-06
60.4082,0.0132685,8.98961e-06
60.8163,0.0136874,9.17553e-06
61.2245,0.0141297,1.06616e-05
61.6327,0.0145665,1.44319e-05
62.0408,0.014998,1.00965e-05
62.449,0.0154303,1.08895e-05
62.8571,0.0158918,1.27161e-05
63.2653,0.0163412,1.07124e-05
63.6735,0.0168216,1.04075e-05
64.0816,0.0173053,1.14237e-05
64.4898,0.0177866,1.35987e-05
64.898,0.0182794,1.11664e-05
65.3061,0.0188046,1.20744e-05
65.7143,0.0193264,1.64082e-05
66.1224,0.0198349,1.25521e-05
66.5306,0.020356,1.2693e-05
66.9388,0.0209221,1.55592e-05
67.3469,0.0214656,1.37781e-05
67.7551,0.0220442,1.57702e-05
68.1633,0.0225938,1.37801e-05
68.5714,0.0231956,1.51554e-05
68.9796,0.0237714,1.57461e-05
69.3878,0.024387,1.55013e-05
69.7959,0.0249696,1.82853e-05
70.2041,0.0255958,1.5676e-05
70.6122,0.0262159,1.6657e-05
71.0204,0.0268682,1.66772e-05
71.4286,0.0274931,1.65323e-05
71.8367,0.0281703,1.82495e-05
72.2449,0.0288377,1.75255e-05
72.6531,0.0294978,2.0215e-05
73.0612,0.0301274,1.72838e-05
73.4694,0.0308628,1.94312e-05
73.8776,0.0316226,2.21226e-05
74.2857,0.0322786,2.22668e-05
74.6939,0.0330141,2.21435e-05
75.102,0.0337643,2.31963e-05
75.5102,0.0345084,2.33427e-05
75.9184,0.0352375,2.45566e-05
76.3265,0.0359701,2.24264e-05
76.7347,0.036787,2.22772e-05
77.1429,0.0375664,2.46456e-05
77.551,0.038353,2.38269e-05
77.9592,0.0391846,2.45347e-05
78.3673,0.0399526,2.77739e-05
78.7755,0.040731,2.29125e-05
79.1837,0.0416406,2.42723e-05
79.5918,0.042446,2.6267e-05
80.0,0.0433252,3.238e-05
80.4082,0.0441947,2.78118e-05
80.8163,0.0450777,2.71646e-05
81.2245,0.0458963,2.70424e-05
81.6327,0.0468199,2.79774e-05
82.0408,0.0477497,3.3042e-05
82.449,0.0487014,3.20281e-05
82.8571,0.0495888,3.07871e-05
83.2653,0.0505674,3.98941e-05
83.6735,0.0514853,3.91841e-05
84.0816,0.052473,3.60634e-05
84.4898,0.0533567,3.2829e-05
84.898,0.0543715,3.18525e-05
85.3061,0.0553343,3.46928e-05
85.7143,0.0563527,3.34303e-05
86.1224,0.0573485,3.24598e-05
86.5306,0.0584235,3.61126e-05
86.9388,0.0594284,3.41988e-05
87.3469,0.0604213,3.48688e-05
87.7551,0.0615524,3.67963e-05
88.1633,0.0625716,4.02048e-05
88.5714,0.0636189,3.67561e-05
88.9796,0.0647182,4.45984e-05
89.3878,0.0659093,4.0754e-05
89.7959,0.0669593,4.65594e-05
90.2041,0.0680786,3.85606e-05
90.6122,0.0691919,3.94678e-05
91.0204,0.07038,4.07721e-05
91.4286,0.0714913,4.34394e-05
91.8367,0.0726355,4.5719e-05
92.2449,0.0738578,0.00012843
92.6531,0.0749811,4.40734e-05
93.0612,0.076172,4.52425e-05
93.4694,0.0774705,5.67169e-05
93.8776,0.0786843,4.79062e-05
94.2857,0.0798262,4.63304e-05
94.6939,0.0811088,7.06099e-05
95.102,0.0823911,4.71772e-05
95.5102,0.0836565,0.000102923
95.9184,0.0850208,6.26112e-05
96.3265,0.0861624,5.18907e-05
96.7347,0.0873718,5.3593e-05
97.1429,0.0887928,5.22049e-05
97.551,0.0900871,6.46382e-05
97.9592,0.0914205,5.90765e-05
98.3673,0.0927815,5.2836e-05
98.7755,0.0940664,6.13856e-05
99.1837,0.0954136,5.6927e-05
99.5918,0.0967908,5.29648e-05
100.0,0.0982561,6.25773e-05
100.816,0.100982,5.74253e-05
101.633,0.103946,6.44099e-05
102.449,0.106759,5.9289e-05
103.265,0.109589,6.26541e-05
104.082,0.112481,6.25959e-05
104.898,0.115597,6.4925e-05
105.714,0.118717,6.86568e-05
106.531,0.121672,7.79447e-05
107.347,0.125043,9.07901e-05
108.163,0.128059,7.30921e-05
108.98,0.131523,7.83281e-05
109.796,0.134736,7.83577e-05
110.612,0.138225,9.70492e-05
111.429,0.141351,7.66969e-05
112.245,0.144938,9.08258e-05
113.061,0.148273,7.87122e-05
113.878,0.15178,8.64608e-05
114.694,0.155422,9.24879e-05
115.51,0.159055,9.94561e-05
116.327,0.162689,0.000121794
117.143,0.166533,0.000101598
117.959,0.170145,9.35361e-05
118.776,0.173689,9.25659e-05
119.592,0.177816,0.000124585
120.408,0.181491,0.000102897
121.224,0.18551,0.000103739
122.041,0.189507,0.000107754
122.857,0.193548,0.000107044
123.673,0.197477,0.000107242
124.49,0.201333,0.000110115
125.306,0.20561,0.000119767
126.122,0.209961,0.000116671
126.939,0.214509,0.000259014
127.755,0.218678,0.000176648
128.571,0.222708,0.000120982
129.388,0.227136,0.000125791
130.204,0.231385,0.000126133
131.02,0.236167,0.000226252
131.837,0.240432,0.000128332
132.653,0.245276,0.000176167
133.469,0.249693,0.000142075
134.286,0.254292,0.000159527
135.102,0.259047,0.000154577
135.918,0.263796,0.000151439
136.735,0.268467,0.00014952
137.551,0.273377,0.000148923
138.367,0.278196,0.000147695
139.184,0.283335,0.00016383
140.0,0.288038,0.000159984
140.816,0.292979,0.00015957
141.633,0.297863,0.000167567
142.449,0.303403,0.000171972
143.265,0.308302,0.00018817
144.082,0.313781,0.000211907
144.898,0.318819,0.000183903
145.714,0.324295,0.000264656
146.531,0.32937,0.000236323
147.347,0.334642,0.000186072
148.163,0.339786,0.000175715
148.98,0.345416,0.000188042
149.796,0.351078,0.000207542
150.612,0.357123,0.00025537
151.429,0.362027,0.000229778
152.245,0.367448,0.00020518
153.061,0.373949,0.000347639
153.878,0.378675,0.000198245
154.694,0.385427,0.000415221
155.51,0.391041,0.000253023
156.327,0.396113,0.000216397
157.143,0.402348,0.000230195
157.959,0.408618,0.000266376
158.776,0.414114,0.000215186
159.592,0.420955,0.000319978
160.408,0.426515,0.000242045
161.224,0.43206,0.000247167
162.041,0.438956,0.000277965
162.857,0.444533,0.000253559
163.673,0.450905,0.000337518
164.49,0.457352,0.000259942
165.306,0.464135,0.000281156
166.122,0.469971,0.000257085
166.939,0.476142,0.000281851
167.755,0.482812,0.000277467
168.571,0.488708,0.000277195
169.388,0.495764,0.000289127
170.204,0.502067,0.000305406
171.02,0.509538,0.000691683
171.837,0.515566,0.00028324
172.653,0.522318,0.000295631
173.469,0.528305,0.000280231
174.286,0.535225,0.000308632
175.102,0.542328,0.000306519
175.918,0.54927,0.000302291
176.735,0.556907,0.00034484
177.551,0.563325,0.000324178
178.367,0.570266,0.00034421
179.184,0.577308,0.000343596
180.0,0.584205,0.000309239
180.816,0.591545,0.000326044
181.633,0.59854,0.00037515
182.449,0.606056,0.000374504
183.265,0.613054,0.000441164
184.082,0.620826,0.000350426
184.898,0.628502,0.000348945
185.714,0.635577,0.000471969
186.531,0.643052,0.000530803
187.347,0.650218,0.000533949
188.163,0.657669,0.000363786
188.98,0.664949,0.000438201
189.796,0.671588,0.000364127
190.612,0.681231,0.000482252
191.429,0.687581,0.000364264
192.245,0.695193,0.000503808
193.061,0.70333,0.000415744
193.878,0.709846,0.000375109
194.694,0.719094,0.000409537
195.51,0.726245,0.000387205
196.327,0.734818,0.000420325
197.143,0.743837,0.000592808
197.959,0.749518,0.00042279
198.776,0.758882,0.000535717
199.592,0.766373,0.000448111
200.408,0.773618,0.000396008
201.224,0.782383,0.000425507
202.041,0.790049,0.000422494
202.857,0.79955,0.00063142
203.673,0.806387,0.000424894
204.49,0.815791,0.000501469
205.306,0.823221,0.000447099
206.122,0.832103,0.000460889
206.939,0.839768,0.000469452
207.755,0.84889,0.000579201
208.571,0.857512,0.000479656
209.388,0.865401,0.000469899
210.204,0.87417,0.0004567
211.02,0.883252,0.000493421
211.837,0.891048,0.000506201
212.653,0.900515,0.000763564
213.469,0.909455,0.000533891
214.286,0.917689,0.000551758
215.102,0.927147,0.000624909
215.918,0.935888,0.000528484
216.735,0.944855,0.000591084
217.551,0.952195,0.000510229
218.367,0.961684,0.000506056
219.184,0.970692,0.000602098
220.0,0.979764,0.000498204
221.633,0.998584,0.000571165
223.265,1.01601,0.000554176
224.898,1.03585,0.0007689
226.531,1.05261,0.000563525
228.163,1.07139,0.000576172
229.796,1.09151,0.000715751
231.429,1.10926,0.000662702
233.061,1.12871,0.000675028
234.694,1.14823,0.000741331
236.327,1.16822,0.000703917
237.959,1.18908,0.000880539
239.592,1.20682,0.000638606
241.224,1.22732,0.000675747
242.857,1.24719,0.000720175
244.49,1.26652,0.000694942
246.122,1.28823,0.00084597
247.755,1.30842,0.000712432
249.388,1.3288,0.000762009
251.02,1.34945,0.000780153
252.653,1.37026,0.000789828
254.286,1.39077,0.000739136
255.918,1.4128,0.000863914
257.551,1.43527,0.00102061
259.184,1.45506,0.000819002
260.816,1.4776,0.000864317
262.449,1.49841,0.00082424
264.082,1.52075,0.000831634
265.714,1.5433,0.00100626
267.347,1.56472,0.000869504
268.98,1.58685,0.000886082
270.612,1.60991,0.000958838
272.245,1.6312,0.000971903
273.878,1.65429,0.000972645
275.51,1.67778,0.000970027
277.143,1.70073,0.00111711
278.776,1.72318,0.000904831
280.408,1.7468,0.00105679
282.041,1.77067,0.00132205
283.673,1.79324,0.000979717
285.306,1.81725,0.00115517
286.939,1.84274,0.0011442
288.571,1.86537,0.00113212
290.204,1.88987,0.00111483
291.837,1.91308,0.00111913
293.469,1.93631,0.00113964
295.102,1.96357,0.00127655
296.735,1.98857,0.00136948
298.367,2.01059,0.00120716
300.0,2.0335,0.00106403
301.633,2.06198,0.00125008
303.265,2.0875,0.00121873
304.898,2.11084,0.00114612
306.531,2.13684,0.00127492
308.163,2.16061,0.00123723
309.796,2.18751,0.00136596
311.429,2.21371,0.00157509
313.061,2.23969,0.00157429
314.694,2.26525,0.00162913
316.327,2.28896,0.00120243
317.959,2.31731,0.00156553
319.592,2.34234,0.00133115
321.224,2.37024,0.0014808
322.857,2.39735,0.00213071
324.49,2.42156,0.0014379
326.122,2.44871,0.00142053
327.755,2.4795,0.00257035
329.388,2.50312,0.00203322
331.02,2.53088,0.0015793
332.653,2.55582,0.00147438
334.286,2.58378,0.00151618
335.918,2.61064,0.00141732
337.551,2.63928,0.0015043
339.184,2.66609,0.00147546
340.816,2.69636,0.00161007
342.449,2.71998,0.00142368
344.082,2.75264,0.00174938
345.714,2.7792,0.00191132
347.347,2.80566,0.00148221
348.98,2.83603,0.00159401
350.612,2.86173,0.00180421
352.245,2.89239,0.00178467
353.878,2.9208,0.00173635
355.51,2.95128,0.00163796
357.143,2.98198,0.00225791
358.776,3.00878,0.0023567
360.408,3.03811,0.00194404
362.041,3.065,0.0017412
363.673,3.09804,0.00177152
365.306,3.12847,0.00232181
366.939,3.15655,0.00187275
368.571,3.18227,0.00198173
370.204,3.21283,0.00179224
371.837,3.24303,0.00178802
373.469,3.27233,0.0019217
375.102,3.30595,0.00245717
376.735,3.33481,0.00186587
378.367,3.36655,0.00219311
380.0,3.39624,0.00196681
382.449,3.44142,0.00193401
384.898,3.48812,0.00197081
387.347,3.53434,0.00220459
389.796,3.58225,0.00274835
392.245,3.62833,0.00205218
394.694,3.6759,0.00324456
397.143,3.72022,0.00230464
399.592,3.76665,0.00302792
402.041,3.8173,0.0024446
404.49,3.86634,0.00223308
406.939,3.91632,0.00263011
409.388,3.96829,0.00372001
411.837,4.00878,0.00231859
414.286,4.05525,0.00214171
416.735,4.10983,0.00239803
419.184,4.15513,0.00229906
421.633,4.21537,0.00314566
424.082,4.25958,0.00300434
426.531,4.31109,0.00380389
428.98,4.35727,0.00289501
431.429,4.41226,0.00264022
433.878,4.45913,0.00281585
436.327,4.50958,0.00304057
438.776,4.55882,0.00252415
441.224,4.61184,0.0028111
443.673,4.66724,0.00336961
446.122,4.71459,0.00278488
448.571,4.7659,0.00276191
451.02,4.82274,0.00280498
453.469,4.87259,0.00316805
455.918,4.92737,0.00341074
458.367,4.97604,0.00281544
460.816,5.03268,0.00419297
463.265,5.08657,0.00298107
465.714,5.13847,0.0029681
468.163,5.19414,0.00342418
470.612,5.24609,0.00317631
473.061,5.30038,0.00418872
475.51,5.34934,0.00313214
477.959,5.41299,0.00328414
480.408,5.46162,0.00316196
482.857,5.51476,0.00319356
485.306,5.57674,0.00362227
487.755,5.62842,0.00316602
490.204,5.68561,0.00360855
492.653,5.74139,0.0035156
495.102,5.79834,0.00390156
497.551,5.85304,0.00337296
500.0,5.90464,0.00338476
502.449,5.96547,0.00388033
504.898,6.01904,0.00361271
507.347,6.0735,0.00382528
509.796,6.13662,0.00454463
512.245,6.18993,0.00357961
514.694,6.24796,0.00348832
517.143,6.30308,0.00430136
519.592,6.35987,0.00352178
522.041,6.42424,0.00388513
524.49,6.47686,0.00461645
526.939,6.53901,0.00438409
529.388,6.59784,0.00444867
531.837,6.65518,0.0042833
534.286,6.71604,0.00429413
536.735,6.76738,0.00371675
539.184,6.82742,0.00378306
541.633,6.89378,0.00416204
544.082,6.94942,0.00421113
546.531,7.0215,0.0050025
548.98,7.07582,0.00565862
551.429,7.13056,0.00503711
553.878,7.19797,0.00457201
556.327,7.25722,0.00432518
558.776,7.31812,0.00624411
561.224,7.37604,0.00646781
563.673,7.44023,0.00457715
566.122,7.49791,0.00637264
568.571,7.54732,0.00416645
571.02,7.62346,0.00608683
573.469,7.68806,0.005689
575.918,7.74472,0.0050552
578.367,7.80771,0.00528557
580.816,7.85722,0.00440676
583.265,7.92259,0.00442099
585.714,7.98485,0.0044139
588.163,8.04475,0.00490584
590.612,8.10776,0.00484434
593.061,8.17824,0.00483604
595.51,8.24288,0.00493415
597.959,8.3124,0.00499869
600.408,8.36765,0.0048966
602.857,8.42608,0.00516596
605.306,8.5059,0.00643941
607.755,8.55885,0.00501948
610.204,8.61811,0.00513697
612.653,8.6963,0.00676319
615.102,8.75161,0.00521946
617.551,8.82137,0.00592774
620.0,8.8812,0.00543265
622.449,8.94555,0.00595206
624.898,9.01097,0.00544268
627.347,9.08155,0.0052733
629.796,9.14345,0.00708429
632.245,9.20798,0.00550716
634.694,9.28139,0.00637176
637.143,9.33984,0.00562302
639.592,9.4046,0.00544734
642.041,9.47872,0.00597405
644.49,9.54495,0.00637864
646.939,9.61946,0.00879764
649.388,9.67389,0.00607373
651.837,9.74231,0.00608539
654.286,9.80624,0.00600509
656.735,9.8809,0.00632932
659.184,9.94252,0.00575169
661.633,10.0068,0.015302
664.082,10.0818,0.00628095
666.531,10.1439,0.00711965
668.98,10.2065,0.00623778
671.429,10.2785,0.00648906
673.878,10.3498,0.00686122
676.327,10.4208,0.0075456
678.776,10.4761,0.00639575
681.224,10.5567,0.00735143
683.673,10.6175,0.0062468
686.122,10.7074,0.0158484
688.571,10.7645,0.00735982
691.02,10.8243,0.00646806
693.469,10.8967,0.00667101
695.918,10.9756,0.00689453
698.367,11.035,0.00651262
700.816,11.1052,0.00696461
703.265,11.1712,0.00729271
705.714,11.2499,0.00690831
708.163,11.3304,0.00699028
710.612,11.3961,0.00768056
713.061,11.4542,0.00664691
715.51,11.537,0.0106057
717.959,11.5866,0.00657961
720.408,11.6839,0.00756507
722.857,11.7394,0.00694443
725.306,11.829,0.00761483
727.755,11.8961,0.00742559
730.204,11.9464,0.00762708
732.653,12.0469,0.00964875
735.102,12.0977,0.00780526
737.551,12.1768,0.00766909
740.0,12.2584,0.00767102
743.265,12.3615,0.00926364
746.531,12.4453,0.00851572
749.796,12.5436,0.00902503
753.061,12.6208,0.00721666
756.327,12.7524,0.00984932
759.592,12.8479,0.0133028
762.857,12.9295,0.00768275
766.122,13.0158,0.00738512
769.388,13.1251,0.00896013
772.653,13.2187,0.00838038
775.918,13.3158,0.00816183
779.184,13.4168,0.00836283
782.449,13.5009,0.00859606
785.714,13.6213,0.00950794
788.98,13.7255,0.00851487
792.245,13.8047,0.00854904
795.51,13.9192,0.00909983
798.776,13.9984,0.00822744
802.041,14.1171,0.00883337
805.306,14.225,0.0129163
808.571,14.3156,0.0113794
811.837,14.4138,0.00875498
815.102,14.5248,0.00888386
818.367,14.6189,0.00971033
821.633,14.7581,0.0202928
824.898,14.8071,0.00888809
828.163,14.9305,0.00967017
831.429,15.0301,0.00876947
834.694,15.1488,0.0100692
837.959,15.2241,0.00934838
841.224,15.3678,0.0138227
844.49,15.4292,0.00909844
847.755,15.5311,0.00914651
851.02,15.655,0.0153615
854.286,15.781,0.0243755
857.551,15.8622,0.00983267
860.816,15.9692,0.0100543
864.082,16.078,0.0117799
867.347,16.1791,0.00995912
870.612,16.2799,0.00987414
873.878,16.3945,0.0108697
877.143,16.4927,0.0110161
880.408,16.6045,0.010596
883.673,16.7129,0.0125343
886.939,16.8032,0.0111949
890.204,16.9347,0.0108114
893.469,17.0125,0.0101918
896.735,17.1375,0.0105807
900.0,17.2592,0.019615
903.265,17.3362,0.0106943
906.531,17.4676,0.010962
909.796,17.5632,0.0108479
913.061,17.671,0.0120571
916.327,17.7824,0.0113069
919.592,17.8777,0.0111906
922.857,17.9733,0.0114411
926.122,18.1119,0.0121411
929.388,18.2077,0.0109233
932.653,18.3148,0.0129624
935.918,18.4477,0.0116868
939.184,18.5749,0.0143877
942.449,18.6566,0.0115924
945.714,18.749,0.0114756
948.98,18.8703,0.0116736
952.245,18.9717,0.0146574
955.51,19.1343,0.0590205
958.776,19.1836,0.0126359
962.041,19.3096,0.0122752
965.306,19.394,0.0118147
968.571,19.5444,0.0140808
971.837,19.6433,0.0127035
975.102,19.7568,0.0134004
978.367,19.8716,0.0122966
981.633,19.9758,0.0123679
984.898,20.0726,0.0120407
988.163,20.2152,0.0261838
991.429,20.329,0.0147332
994.694,20.4118,0.0120456
997.959,20.5506,0.0128362
1001.22,20.6409,0.0121868
1004.49,20.7718,0.0158492
1007.76,20.8977,0.0135852
1011.02,21.0103,0.0152562
1014.29,21.1107,0.0133332
1017.55,21.2194,0.0134186
1020.82,21.3161,0.0132123
1024.08,21.466,0.0191673
1027.35,21.5413,0.0162137
1030.61,21.6903,0.0174355
1033.88,21.7817,0.0160445
1037.14,21.9236,0.0161878
1040.41,22.0237,0.0138488
1043.67,22.169,0.0155868
1046.94,22.2298,0.0135265
1050.2,22.3944,0.0156624
1053.47,22.5181,0.0152658
1056.73,22.6201,0.0224463
1060.0,22.7143,0.0142169
1064.9,22.8936,0.0177659
1069.8,23.0635,0.0159623
1074.69,23.2198,0.0141992
1079.59,23.4053,0.017123
1084.49,23.6265,0.018823
1089.39,23.7919,0.0178634
1094.29,23.9495,0.0156972
1099.18,24.1154,0.0154087
1104.08,24.3118,0.0168541
1108.98,24.4859,0.0179458
1113.88,24.6863,0.016722
1118.78,24.8567,0.0170506
1123.67,25.015,0.0161744
1128.57,25.2181,0.0157154
1133.47,25.3986,0.0209907
1138.37,25.5336,0.0155688
1143.27,25.7302,0.0178571
1148.16,25.9345,0.0178506
1153.06,26.1073,0.0170977
1157.96,26.2823,0.017222
1162.86,26.4655,0.0169748
1167.76,26.6519,0.0202679
1172.65,26.8497,0.0202327
1177.55,27.0159,0.0175953
1182.45,27.2244,0.019645
1187.35,27.3833,0.0178525
1192.24,27.5867,0.0191369
1197.14,27.7535,0.0214176
1202.04,27.9335,0.0191512
1206.94,28.1034,0.0180217
1211.84,28.3345,0.0219859
1216.73,28.4822,0.0288428
1221.63,28.6966,0.0210804
1226.53,28.8328,0.0180211
1231.43,29.0667,0.0202391
1236.33,29.2479,0.0236222
1241.22,29.4063,0.0204274
1246.12,29.6567,0.0563893
1251.02,29.8166,0.0204064
1255.92,30.002,0.01993
1260.82,30.1766,0.0266552
1265.71,30.3655,0.0210399
1270.61,30.5705,0.022911
1275.51,30.7312,0.0198813
1280.41,30.9518,0.0226336
1285.31,31.1002,0.0201682
1290.2,31.283,0.0196676
1295.1,31.6446,0.139313
1300.0,31.6865,0.0216355
1304.9,31.9039,0.0216126
1309.8,32.1148,0.0237558
1314.69,32.2856,0.0221298
1319.59,32.5041,0.0225006
1324.49,32.6877,0.0416087
1329.39,32.8622,0.0223699
1334.29,33.0247,0.022114
1339.18,33.2458,0.023037
1344.08,33.5364,0.0596251
1348.98,33.6389,0.0209682
1353.88,33.8471,0.0226652
1358.78,34.0083,0.0240009
1363.67,34.2202,0.0216867
1368.57,34.4491,0.0277892
1373.47,34.6183,0.0237464
1378.37,34.8476,0.0338381
1383.27,34.9649,0.0213545
1388.16,35.1936,0.022238
1393.06,35.3978,0.0224028
1397.96,35.6211,0.0266116
1402.86,35.8115,0.0284972
1407.76,35.9991,0.0266512
1412.65,36.1922,0.02344
1417.55,36.3949,0.0338199
1422.45,36.6056,0.0254254
1427.35,36.8658,0.0249331
1432.24,36.9751,0.0266282
1437.14,37.174,0.0238665
1442.04,37.4172,0.0242019
1446.94,37.6195,0.0318753
1451.84,37.7538,0.026195
1456.73,38.0239,0.0348793
1461.63,38.1964,0.0251473
1466.53,38.4281,0.0253091
1471.43,38.5686,0.0243558
1476.33,38.802,0.0250795
1481.22,38.9836,0.0248475
1486.12,39.1862,0.024257
1491.02,39.4325,0.0467752
1495.92,39.6081,0.0272122
1500.82,39.8194,0.0292008
1505.71,40.0142,0.0289817
1510.61,40.2484,0.0299849
1515.51,40.4651,0.0270128
1520.41,40.6059,0.0275333
1525.31,40.8592,0.0275321
1530.2,41.0761,0.0288553
1535.1,41.2653,0.0276347
1540.0,41.5143,0.0305762
1547.35,41.8224,0.0505974
1554.69,42.0865,0.0273474
1562.04,42.3357,0.0278245
1569.39,42.6474,0.026746
1576.73,43.0528,0.0344931
1584.08,43.3191,0.0286309
1591.43,43.6799,0.0314327
1598.78,43.932,0.030448
1606.12,44.2105,0.0285431
1613.47,44.6165,0.0308149
1620.82,44.8843,0.0294173
1628.16,45.2482,0.030441
1635.51,45.528,0.0306652
1642.86,45.8764,0.0319743
1650.2,46.1156,0.0291576
1657.55,46.5493,0.0453546
1664.9,46.7937,0.0297554
1672.24,47.1206,0.0344738
1679.59,47.4634,0.0388865
1686.94,47.728,0.0334379
1694.29,48.1546,0.0472878
1701.63,48.2873,0.0311354
1708.98,48.7352,0.0327687
1716.33,49.0985,0.040248
1723.67,49.3664,0.0316773
1731.02,49.7166,0.0353176
1738.37,50.0203,0.0373109
1745.71,50.4026,0.0352454
1753.06,50.6701,0.0366192
1760.41,50.9562,0.0348516
1767.76,51.3959,0.0951219
1775.1,51.5535,0.0318984
1782.45,51.9614,0.0346041
1789.8,52.2811,0.035498
1797.14,52.5837,0.0329658
1804.49,52.9267,0.0334464
1811.84,53.3527,0.0470122
1819.18,53.5995,0.0340069
1826.53,53.9909,0.03739
1833.88,54.2208,0.0350237
1841.22,54.677,0.0485929
1848.57,54.9347,0.0387533
1855.92,55.2953,0.0406703
1863.27,55.5852,0.0377158
1870.61,56.0128,0.0548029
1877.96,56.3149,0.0402579
1885.31,56.6585,0.0370193
1892.65,56.9697,0.0405591
1900.0,57.3053,0.0375632
1907.35,57.6188,0.0386553
1914.69,58.0605,0.0393843
1922.04,58.3356,0.0399233
1929.39,58.7031,0.0397706
1936.73,59.041,0.0419247
1944.08,59.3017,0.0454906
1951.43,59.6573,0.0419794
1958.78,59.9987,0.0411904
1966.12,60.3761,0.0469919
1973.47,60.7559,0.0485338
1980.82,61.0602,0.0609384
1988.16,61.4253,0.0431371
1995.51,61.7036,0.0401593
2002.86,62.0211,0.0439776
2010.2,62.4235,0.0470458
2017.55,62.7744,0.0479073
2024.9,63.0551,0.0693801
2032.24,63.4116,0.0431405
2039.59,63.783,0.0454888
2046.94,64.1103,0.0452512
2054.29,64.4146,0.041427
2061.63,64.9324,0.104427
2068.98,65.2016,0.0472953
2076.33,65.4779,0.0494328
2083.67,65.7962,0.0500156
2091.02,66.1584,0.0447061
2098.37,66.5087,0.0473829
2105.71,66.8778,0.0436864
2113.06,67.2517,0.0488541
2120.41,67.5678,0.0520456
2127.76,68.0587,0.0502587
2135.1,68.2556,0.0505497
2142.45,68.6596,0.0499167
2149.8,69.0152,0.0472459
2157.14,69.3956,0.0522442
2164.49,69.7261,0.0643609
2171.84,69.9932,0.0506764
2179.18,70.4124,0.0494752
2186.53,70.935,0.0808918
2193.88,71.1597,0.0608002
2201.22,71.5816,0.067786
2208.57,71.8708,0.0482087
2215.92,72.1547,0.0500976
2223.27,72.6732,0.0565189
2230.61,72.7947,0.0488562
2237.96,73.4856,0.248594
2245.31,73.7323,0.0783868
2252.65,73.9621,0.0502636
2260.0,74.4068,0.0597017
2271.02,74.8591,0.058759
2282.04,75.4356,0.062304
2293.06,75.9469,0.0520338
2304.08,76.6256,0.0611943
2315.1,77.0662,0.0649089
2326.12,77.5672,0.0659223
2337.14,78.1168,0.0695375
2348.16,78.7276,0.0812045
2359.18,79.2912,0.0593721
2370.2,79.7651,0.057388
2381.22,80.253,0.0542806
2392.24,80.931,0.0796375
2403.27,81.4249,0.0623675
2414.29,81.9097,0.0622446
2425.31,82.4408,0.0580566
2436.33,83.0557,0.055299
2447.35,83.6282,0.0616027
2458.37,84.1689,0.0592505
2469.39,84.593,0.0554374
2480.41,85.2114,0.0696791
2491.43,85.8252,0.0655314
2502.45,86.4343,0.0763174
2513.47,86.9891,0.0646502
2524.49,87.6274,0.0676624
2535.51,88.1849,0.0662609
2546.53,88.6033,0.063235
2557.55,89.0793,0.0595904
2568.57,89.693,0.072964
2579.59,90.2967,0.0763014
2590.61,90.9087,0.066744
2601.63,91.3964,0.0682958
2612.65,91.8709,0.0637936
2623.67,92.6284,0.0676759
2634.69,93.0385,0.093547
2645.71,93.7935,0.0785294
2656.73,94.1412,0.0770026
2667.76,94.8969,0.0701845
2678.78,95.373,0.0667122
2689.8,95.9883,0.0705968
2700.82,96.6606,0.0786037
2711.84,97.042,0.0683301
2722.86,97.7674,0.0732931
2733.88,98.1416,0.0702776
2744.9,98.8154,0.0703818
2755.92,99.3402,0.0723992
2766.94,99.8895,0.0733548
2777.96,100.471,0.0692259
2788.98,101.227,0.0846425
2800.0,101.639,0.0740437
2814.29,102.568,0.0810511
2828.57,103.238,0.0749868
2842.86,104.026,0.0807798
2857.14,104.59,0.0698736
2871.43,105.302,0.0728948
2885.71,106.595,0.516977
2900.0,106.923,0.0812421
2914.29,107.686,0.0762404
2928.57,108.617,0.0859949
2942.86,109.375,0.083654
2957.14,110.203,0.0833875
2971.43,110.792,0.0859049
2985.71,111.493,0.0814331
3000.0,112.266,0.0824556
3014.29,113.053,0.089612
3028.57,113.733,0.0842864
3042.86,114.577,0.0905116
3057.14,115.478,0.0888762
3071.43,116.109,0.149332
3085.71,116.852,0.0834163
3100.0,117.681,0.08508
3114.29,118.518,0.0863904
3128.57,119.284,0.0851153
3142.86,119.981,0.0910841
3157.14,120.947,0.141828
3171.43,121.608,0.103996
3185.71,122.417,0.106298
3200.0,123.185,0.0937979
3214.29,123.853,0.0872895
3228.57,124.865,0.0887821
3242.86,125.367,0.091952
3257.14,126.361,0.0946508
3271.43,126.972,0.0886168
3285.71,127.845,0.0933794
3300.0,128.616,0.0929267
3314.29,129.38,0.0941421
3328.57,130.269,0.0981174
3342.86,130.994,0.0946813
3357.14,131.777,0.0904519
3371.43,132.497,0.0969622
3385.71,133.498,0.135849
3400.0,134.084,0.0990039
3414.29,134.892,0.100292
3428.57,135.81,0.105598
3442.86,136.565,0.0941889
3457.14,137.226,0.0927166
3471.43,138.045,0.0996065
3485.71,138.913,0.110986
3500.0,139.759,0.0990294
3520.41,140.905,0.0984299
3540.82,142.176,0.107013
3561.22,143.241,0.110256
3581.63,144.428,0.105141
3602.04,145.452,0.0988027
3622.45,146.752,0.111109
3642.86,148.036,0.110973
3663.27,149.026,0.127549
3683.67,150.421,0.108732
3704.08,151.524,0.124748
3724.49,152.727,0.118382
3744.9,153.595,0.108354
3765.31,154.915,0.12346
3785.71,156.292,0.152439
3806.12,157.079,0.122269
3826.53,158.512,0.150688
3846.94,159.558,0.121511
3867.35,160.816,0.158387
3887.76,162.174,0.122529
3908.16,163.422,0.148754
3928.57,164.339,0.125613
3948.98,165.557,0.120793
3969.39,166.863,0.133626
3989.8,167.973,0.127755
4010.2,169.337,0.139095
4030.61,170.534,0.133312
4051.02,171.756,0.190042
4071.43,172.72,0.12946
4091.84,173.981,0.132952
4112.24,175.122,0.141844
4132.65,176.586,0.148486
4153.06,177.527,0.133829
4173.47,178.836,0.133788
4193.88,180.085,0.141836
4214.29,181.08,0.14351
4234.69,182.344,0.150369
4255.1,183.585,0.151761
4275.51,185.003,0.203767
4295.92,186.167,0.145919
4316.33,187.383,0.14271
4336.73,188.815,0.443263
4357.14,189.457,0.157006
4377.55,191.11,0.171521
4397.96,192.257,0.148893
4418.37,193.396,0.144792
4438.78,194.481,0.143968
4459.18,195.939,0.148576
4479.59,197.425,0.157168
4500.0,198.644,0.149956
4530.61,200.314,0.188255
4561.22,202.002,0.150591
4591.84,204.074,0.156846
4622.45,205.735,0.159526
4653.06,207.811,0.163542
4683.67,209.661,0.158967
4714.29,211.406,0.165051
4744.9,212.927,0.166116
4775.51,215.067,0.167259
4806.12,217.205,0.239422
4836.73,219.227,0.182125
4867.35,220.588,0.182241
4897.96,222.943,0.183235
4928.57,225.799,0.841259
4959.18,226.734,0.203789
4989.8,228.466,0.175297
5020.41,230.118,0.171511
5051.02,232.581,0.177824
5081.63,234.434,0.187277
5112.24,236.255,0.198164
5142.86,238.306,0.18384
5173.47,239.92,0.183413
5204.08,242.164,0.192895
5234.69,243.879,0.189273
5265.31,246.699,0.42968
5295.92,247.443,0.182498
5326.53,249.901,0.245872
5357.14,251.725,0.190317
5387.76,253.817,0.24354
5418.37,255.495,0.21427
5448.98,257.53,0.206861
5479.59,259.646,0.208942
5510.2,261.431,0.245866
5540.82,263.579,0.24303
5571.43,265.158,0.235158
5602.04,267.129,0.203541
5632.65,269.412,0.252389
5663.27,271.239,0.215139
5693.88,272.978,0.20249
5724.49,275.267,0.232527
5755.1,277.811,0.391436
5785.71,279.66,0.292798
5816.33,281.138,0.207147
5846.94,283.771,0.277823
5877.55,284.899,0.22128
5908.16,287.655,0.24435
5938.78,289.563,0.239976
5969.39,291.385,0.244815
6000.0,293.081,0.274719
6040.82,295.595,0.270409
6081.63,298.327,0.229419
6122.45,300.877,0.238005
6163.27,303.891,0.278594
6204.08,306.164,0.248975
6244.9,309.436,0.292612
6285.71,311.984,0.243734
6326.53,314.693,0.268559
6367.35,318.012,0.361492
6408.16,320.133,0.284678
6448.98,322.862,0.276228
6489.8,325.779,0.282931
6530.61,328.387,0.258653
6571.43,330.555,0.256071
6612.24,333.575,0.285733
6653.06,336.706,0.311155
6693.88,339.607,0.29214
6734.69,342.025,0.265032
6775.51,344.642,0.292765
6816.33,347.406,0.260124
6857.14,350.536,0.292227
6897.96,352.742,0.304236
6938.78,355.99,0.279207
6979.59,358.446,0.338711
7020.41,361.356,0.286568
7061.22,363.918,0.281615
7102.04,367.134,0.309875
7142.86,369.779,0.299676
7183.67,372.818,0.305545
7224.49,375.19,0.329452
7265.31,378.258,0.294571
7306.12,380.982,0.312808
7346.94,384.404,0.55718
7387.76,385.892,0.319551
7428.57,388.789,0.324421
7469.39,391.709,0.312309
7510.2,395.234,0.322117
7551.02,398.278,0.392747
7591.84,400.907,0.353017
7632.65,403.92,0.350892
7673.47,406.823,0.376855
7714.29,408.701,0.333187
7755.1,411.818,0.311542
7795.92,415.021,0.340229
7836.73,418.147,0.413915
7877.55,420.3,0.365799
7918.37,423.373,0.353648
7959.18,426.669,0.348795
8000.0,429.379,0.348094
8040.82,432.275,0.379052
8081.63,434.611,0.401588
8122.45,438.58,0.390259
8163.27,441.159,0.375107
8204.08,443.241,0.350164
8244.9,446.437,0.413917
8285.71,449.404,0.391356
8326.53,452.01,0.344237
8367.35,455.381,0.447127
8408.16,458.254,0.405464
8448.98,461.2,0.367856
8489.8,464.606,0.490978
8530.61,467.358,0.382475
8571.43,470.623,0.47804
8612.24,472.847,0.461076
8653.06,475.469,0.383115
8693.88,478.676,0.429641
8734.69,481.676,0.50134
8775.51,483.638,0.392066
8816.33,487.213,0.389655
8857.14,490.441,0.447906
8897.96,493.754,0.417341
8938.78,495.345,0.384278
8979.59,500.068,0.508648
9020.41,502.075,0.394761
9061.22,504.464,0.448528
9102.04,508.23,0.424234
9142.86,511.298,0.4875
9183.67,514.726,0.490185
9224.49,516.887,0.478073
9265.31,521.169,0.995152
9306.12,522.392,0.432215
9346.94,525.494,0.436911
9387.76,529.484,0.772599
9428.57,531.896,0.722907
9469.39,534.244,0.446285
9510.2,537.756,0.472048
9551.02,540.596,0.468465
9591.84,544.156,0.473107
9632.65,546.318,0.482019
9673.47,550.894,0.642769
9714.29,552.857,0.540906
9755.1,555.776,0.461659
9795.92,559.107,0.486534
9836.73,561.026,0.468894
9877.55,564.75,0.481903
9918.37,566.947,0.45074
9959.18,570.574,0.479058
10000.0,573.796,0.536988
