0.0,0.0,0.0
0.000204082,0.0,0.0
0.000408163,0.0,0.0
0.000612245,0.0,0.0
0.000816327,0.0,0.0
0.00102041,0.0,0.0
0.00122449,0.0,0.0
0.00142857,0.0,0.0
0.00163265,0.0,0.0
0.00183673,0.0,0.0
0.00204082,0.0,0.0
0.0022449,0.0,0.0
0.00244898,0.0,0.0
0.00265306,0.0,0.0
0.00285714,0.0,0.0
0.00306122,0.0,0.0
0.00326531,0.0,0.0
0.00346939,0.0,0.0
0.00367347,0.0,0.0
0.00387755,0.0,0.0
0.00408163,0.0,0.0
0.00428571,0.0,0.0
0.0044898,0.0,0.0
0.00469388,0.0,0.0
0.00489796,0.0,0.0
0.00510204,0.0,0.0
0.00530612,0.0,0.0
0.0055102,0.0,0.0
0.00571429,0.0,0.0
0.00591837,0.0,0.0
0.00612245,0.0,0.0
0.00632653,0.0,0.0
0.00653061,0.0,0.0
0.00673469,0.0,0.0
0.00693878,0.0,0.0
0.00714286,0.0,0.0
0.00734694,0.0,0.0
0.00755102,0.0,0.0
0.0077551,0.0,0.0
0.00795918,0.0,0.0
0.00816327,0.0,0.0
0.00836735,0.0,0.0
0.00857143,0.0,0.0
0.00877551,0.0,0.0
0.00897959,0.0,0.0
0.00918367,0.0,0.0
0.00938776,0.0,0.0
0.00959184,0.0,0.0
0.00979592,0.0,0.0
0.01,0.0,0.0
0.0118367,0.0,0.0
0.0136735,0.0,0.0
0.0155102,0.0,0.0
0.0173469,0.0,0.0
0.0191837,0.0,0.0
0.0210204,0.0,0.0
0.0228571,0.0,0.0
0.0246939,0.0,0.0
0.0265306,0.0,0.0
0.0283673,0.0,0.0
0.0302041,0.0,0.0
0.0320408,0.0,0.0
0.0338776,0.0,0.0
0.0357143,0.0,0.0
0.037551,0.0,0.0
0.0393878,0.0,0.0
0.0412245,0.0,0.0
0.0430612,0.0,0.0
0.044898,0.0,0.0
0.0467347,0.0,0.0
0.0485714,0.0,0.0
0.0504082,0.0,0.0
0.0522449,0.0,0.0
0.0540816,0.0,0.0
0.0559184,0.0,0.0
0.0577551,0.0,0.0
0.0595918,0.0,0.0
0.0614286,0.0,0.0
0.0632653,0.0,0.0
0.065102,0.0,0.0
0.0669388,0.0,0.0
0.0687755,0.0,0.0
0.0706122,0.0,0.0
0.072449,0.0,0.0
0.0742857,0.0,0.0
0.0761224,0.0,0.0
0.0779592,0.0,0.0
0.0797959,0.0,0.0
0.0816327,0.0,0.0
0.0834694,0.0,0.0
0.0853061,0.0,0.0
0.0871429,0.0,0.0
0.0889796,0.0,0.0
0.0908163,0.0,0.0
0.0926531,0.0,0.0
0.0944898,0.0,0.0
0.0963265,0.0,0.0
0.0981633,0.0,0.0
0.1,0.0,0.0
0.102041,0.0,0.0
0.104082,0.0,0.0
0.106122,0.0,0.0
0.108163,0.0,0.0
0.110204,0.0,0.0
0.112245,0.0,0.0
0.114286,0.0,0.0
0.116327,0.0,0.0
0.118367,0.0,0.0
0.120408,0.0,0.0
0.122449,0.0,0.0
0.12449,0.0,0.0
0.126531,0.0,0.0
0.128571,0.0,0.0
0.130612,0.0,0.0
0.132653,0.0,0.0
0.134694,0.0,0.0
0.136735,0.0,0.0
0.138776,0.0,0.0
0.140816,0.0,0.0
0.142857,0.0,0.0
0.144898,0.0,0.0
0.146939,0.0,0.0
0.14898,0.0,0.0
0.15102,0.0,0.0
0.153061,0.0,0.0
0.155102,0.0,0.0
0.157143,0.0,0.0
0.159184,0.0,0.0
0.161224,0.0,0.0
0.163265,0.0,0.0
0.165306,0.0,0.0
0.167347,0.0,0.0
0.169388,0.0,0.0
0.171429,0.0,0.0
0.173469,0.0,0.0
0.17551,0.0,0.0
0.177551,0.0,0.0
0.179592,0.0,0.0
0.181633,0.0,0.0
0.183673,0.0,0.0
0.185714,0.0,0.0
0.187755,0.0,0.0
0.189796,0.0,0.0
0.191837,0.0,0.0
0.193878,0.0,0.0
0.195918,0.0,0.0
0.197959,0.0,0.0
0.2,0.0,0.0
0.202041,0.0,0.0
0.204082,0.0,0.0
0.206122,0.0,0.0
0.208163,0.0,0.0
0.210204,0.0,0.0
0.212245,0.0,0.0
0.214286,0.0,0.0
0.216327,0.0,0.0
0.218367,0.0,0.0
0.220408,0.0,0.0
0.222449,0.0,0.0
0.22449,0.0,0.0
0.226531,0.0,0.0
0.228571,0.0,0.0
0.230612,0.0,0.0
0.232653,0.0,0.0
0.234694,0.0,0.0
0.236735,0.0,0.0
0.238776,0.0,0.0
0.240816,0.0,0.0
0.242857,0.0,0.0
0.244898,0.0,0.0
0.246939,0.0,0.0
0.24898,0.0,0.0
0.25102,0.0,0.0
0.253061,0.0,0.0
0.255102,0.0,0.0
0.257143,0.0,0.0
0.259184,0.0,0.0
0.261224,0.0,0.0
0.263265,0.0,0.0
0.265306,0.0,0.0
0.267347,0.0,0.0
0.269388,0.0,0.0
0.271429,0.0,0.0
0.273469,0.0,0.0
0.27551,0.0,0.0
0.277551,0.0,0.0
0.279592,0.0,0.0
0.281633,0.0,0.0
0.283673,0.0,0.0
0.285714,0.0,0.0
0.287755,0.0,0.0
0.289796,0.0,0.0
0.291837,0.0,0.0
0.293878,0.0,0.0
0.295918,0.0,0.0
0.297959,0.0,0.0
0.3,0.0,0.0
0.302041,0.0,0.0
0.304082,0.0,0.0
0.306122,0.0,0.0
0.308163,0.0,0.0
0.310204,0.0,0.0
0.312245,0.0,0.0
0.314286,0.0,0.0
0.316327,0.0,0.0
0.318367,0.0,0.0
0.320408,0.0,0.0
0.322449,0.0,0.0
0.32449,0.0,0.0
0.326531,0.0,0.0
0.328571,0.0,0.0
0.330612,0.0,0.0
0.332653,0.0,0.0
0.334694,0.0,0.0
0.336735,0.0,0.0
0.338776,0.0,0.0
0.340816,0.0,0.0
0.342857,0.0,0.0
0.344898,0.0,0.0
0.346939,0.0,0.0
0.34898,0.0,0.0
0.35102,0.0,0.0
0.353061,0.0,0.0
0.355102,0.0,0.0
0.357143,0.0,0.0
0.359184,0.0,0.0
0.361224,0.0,0.0
0.363265,0.0,0.0
0.365306,0.0,0.0
0.367347,0.0,0.0
0.369388,0.0,0.0
0.371429,0.0,0.0
0.373469,0.0,0.0
0.37551,0.0,0.0
0.377551,0.0,0.0
0.379592,0.0,0.0
0.381633,0.0,0.0
0.383673,0.0,0.0
0.385714,0.0,0.0
0.387755,0.0,0.0
0.389796,0.0,0.0
0.391837,0.0,0.0
0.393878,0.0,0.0
0.395918,0.0,0.0
0.397959,0.0,0.0
0.4,0.0,0.0
0.402041,0.0,0.0
0.404082,0.0,0.0
0.406122,0.0,0.0
0.408163,0.0,0.0
0.410204,0.0,0.0
0.412245,0.0,0.0
0.414286,0.0,0.0
0.416327,0.0,0.0
0.418367,0.0,0.0
0.420408,0.0,0.0
0.422449,0.0,0.0
0.42449,0.0,0.0
0.426531,0.0,0.0
0.428571,0.0,0.0
0.430612,0.0,0.0
0.432653,0.0,0.0
0.434694,0.0,0.0
0.436735,0.0,0.0
0.438776,0.0,0.0
0.440816,0.0,0.0
0.442857,0.0,0.0
0.444898,0.0,0.0
0.446939,0.0,0.0
0.44898,0.0,0.0
0.45102,0.0,0.0
0.453061,0.0,0.0
0.455102,0.0,0.0
0.457143,0.0,0.0
0.459184,0.0,0.0
0.461224,0.0,0.0
0.463265,0.0,0.0
0.465306,0.0,0.0
0.467347,0.0,0.0
0.469388,0.0,0.0
0.471429,0.0,0.0
0.473469,0.0,0.0
0.47551,0.0,0.0
0.477551,0.0,0.0
0.479592,0.0,0.0
0.481633,0.0,0.0
0.483673,0.0,0.0
0.485714,0.0,0.0
0.487755,0.0,0.0
0.489796,0.0,0.0
0.491837,0.0,0.0
0.493878,0.0,0.0
0.495918,0.0,0.0
0.497959,0.0,0.0
0.5,0.0,0.0
0.502041,0.0,0.0
0.504082,0.0,0.0
0.506122,0.0,0.0
0.508163,0.0,0.0
0.510204,0.0,0.0
0.512245,0.0,0.0
0.514286,0.0,0.0
0.516327,0.0,0.0
0.518367,0.0,0.0
0.520408,0.0,0.0
0.522449,0.0,0.0
0.52449,0.0,0.0
0.526531,0.0,0.0
0.528571,0.0,0.0
0.530612,0.0,0.0
0.532653,0.0,0.0
0.534694,0.0,0.0
0.536735,0.0,0.0
0.538776,0.0,0.0
0.540816,0.0,0.0
0.542857,0.0,0.0
0.544898,0.0,0.0
0.546939,0.0,0.0
0.54898,0.0,0.0
0.55102,0.0,0.0
0.553061,0.0,0.0
0.555102,0.0,0.0
0.557143,0.0,0.0
0.559184,0.0,0.0
0.561224,0.0,0.0
0.563265,0.0,0.0
0.565306,0.0,0.0
0.567347,0.0,0.0
0.569388,0.0,0.0
0.571429,0.0,0.0
0.573469,0.0,0.0
0.57551,0.0,0.0
0.577551,0.0,0.0
0.579592,0.0,0.0
0.581633,0.0,0.0
0.583673,0.0,0.0
0.585714,0.0,0.0
0.587755,0.0,0.0
0.589796,0.0,0.0
0.591837,0.0,0.0
0.593878,0.0,0.0
0.595918,0.0,0.0
0.597959,0.0,0.0
0.6,0.0,0.0
0.602041,0.0,0.0
0.604082,0.0,0.0
0.606122,0.0,0.0
0.608163,0.0,0.0
0.610204,0.0,0.0
0.612245,0.0,0.0
0.614286,0.0,0.0
0.616327,0.0,0.0
0.618367,0.0,0.0
0.620408,0.0,0.0
0.622449,0.0,0.0
0.62449,0.0,0.0
0.626531,0.0,0.0
0.628571,0.0,0.0
0.630612,0.0,0.0
0.632653,0.0,0.0
0.634694,0.0,0.0
0.636735,0.0,0.0
0.638776,0.0,0.0
0.640816,0.0,0.0
0.642857,0.0,0.0
0.644898,0.0,0.0
0.646939,0.0,0.0
0.64898,0.0,0.0
0.65102,0.0,0.0
0.653061,0.0,0.0
0.655102,0.0,0.0
0.657143,0.0,0.0
0.659184,0.0,0.0
0.661224,0.0,0.0
0.663265,0.0,0.0
0.665306,0.0,0.0
0.667347,0.0,0.0
0.669388,0.0,0.0
0.671429,0.0,0.0
0.673469,0.0,0.0
0.67551,0.0,0.0
0.677551,0.0,0.0
0.679592,0.0,0.0
0.681633,0.0,0.0
0.683673,0.0,0.0
0.685714,0.0,0.0
0.687755,0.0,0.0
0.689796,0.0,0.0
0.691837,0.0,0.0
0.693878,0.0,0.0
0.695918,0.0,0.0
0.697959,0.0,0.0
0.7,0.0,0.0
0.702041,0.0,0.0
0.704082,0.0,0.0
0.706122,0.0,0.0
0.708163,0.0,0.0
0.710204,0.0,0.0
0.712245,0.0,0.0
0.714286,0.0,0.0
0.716327,0.0,0.0
0.718367,0.0,0.0
0.720408,0.0,0.0
0.722449,0.0,0.0
0.72449,0.0,0.0
0.726531,0.0,0.0
0.728571,0.0,0.0
0.730612,0.0,0.0
0.732653,0.0,0.0
0.734694,0.0,0.0
0.736735,0.0,0.0
0.738776,0.0,0.0
0.740816,0.0,0.0
0.742857,0.0,0.0
0.744898,0.0,0.0
0.746939,0.0,0.0
0.74898,0.0,0.0
0.75102,0.0,0.0
0.753061,0.0,0.0
0.755102,0.0,0.0
0.757143,0.0,0.0
0.759184,0.0,0.0
0.761224,0.0,0.0
0.763265,0.0,0.0
0.765306,0.0,0.0
0.767347,0.0,0.0
0.769388,0.0,0.0
0.771429,0.0,0.0
0.773469,0.0,0.0
0.77551,0.0,0.0
0.777551,0.0,0.0
0.779592,0.0,0.0
0.781633,0.0,0.0
0.783673,0.0,0.0
0.785714,0.0,0.0
0.787755,0.0,0.0
0.789796,0.0,0.0
0.791837,0.0,0.0
0.793878,0.0,0.0
0.795918,0.0,0.0
0.797959,0.0,0.0
0.8,0.0,0.0
0.802041,0.0,0.0
0.804082,0.0,0.0
0.806122,0.0,0.0
0.808163,0.0,0.0
0.810204,0.0,0.0
0.812245,0.0,0.0
0.814286,0.0,0.0
0.816327,0.0,0.0
0.818367,0.0,0.0
0.820408,0.0,0.0
0.822449,0.0,0.0
0.82449,0.0,0.0
0.826531,0.0,0.0
0.828571,0.0,0.0
0.830612,0.0,0.0
0.832653,0.0,0.0
0.834694,0.0,0.0
0.836735,0.0,0.0
0.838776,0.0,0.0
0.840816,0.0,0.0
0.842857,0.0,0.0
0.844898,0.0,0.0
0.846939,0.0,0.0
0.84898,0.0,0.0
0.85102,0.0,0.0
0.853061,0.0,0.0
0.855102,0.0,0.0
0.857143,0.0,0.0
0.859184,0.0,0.0
0.861224,0.0,0.0
0.863265,0.0,0.0
0.865306,0.0,0.0
0.867347,0.0,0.0
0.869388,0.0,0.0
0.871429,0.0,0.0
0.873469,0.0,0.0
0.87551,0.0,0.0
0.877551,0.0,0.0
0.879592,0.0,0.0
0.881633,0.0,0.0
0.883673,0.0,0.0
0.885714,0.0,0.0
0.887755,0.0,0.0
0.889796,0.0,0.0
0.891837,0.0,0.0
0.893878,0.0,0.0
0.895918,0.0,0.0
0.897959,0.0,0.0
0.9,0.0,0.0
0.902041,0.0,0.0
0.904082,0.0,0.0
0.906122,0.0,0.0
0.908163,0.0,0.0
0.910204,0.0,0.0
0.912245,0.0,0.0
0.914286,0.0,0.0
0.916327,0.0,0.0
0.918367,0.0,0.0
0.920408,0.0,0.0
0.922449,0.0,0.0
0.92449,0.0,0.0
0.926531,0.0,0.0
0.928571,0.0,0.0
0.930612,0.0,0.0
0.932653,0.0,0.0
0.934694,0.0,0.0
0.936735,0.0,0.0
0.938776,0.0,0.0
0.940816,0.0,0.0
0.942857,0.0,0.0
0.944898,0.0,0.0
0.946939,0.0,0.0
0.94898,0.0,0.0
0.95102,0.0,0.0
0.953061,0.0,0.0
0.955102,0.0,0.0
0.957143,0.0,0.0
0.959184,0.0,0.0
0.961224,0.0,0.0
0.963265,0.0,0.0
0.965306,0.0,0.0
0.967347,0.0,0.0
0.969388,0.0,0.0
0.971429,0.0,0.0
0.973469,0.0,0.0
0.97551,0.0,0.0
0.977551,0.0,0.0
0.979592,0.0,0.0
0.981633,0.0,0.0
0.983673,0.0,0.0
0.985714,0.0,0.0
0.987755,0.0,0.0
0.989796,0.0,0.0
0.991837,0.0,0.0
0.993878,0.0,0.0
0.995918,0.0,0.0
0.997959,0.0,0.0
1.0,0.0,0.0
1.08163,0.0,0.0
1.16327,0.0,0.0
1.2449,0.0,0.0
1.32653,0.0,0.0
1.40816,0.0,0.0
1.4898,0.0,0.0
1.57143,0.0,0.0
1.65306,0.0,0.0
1.73469,0.0,0.0
1.81633,0.0,0.0
1.89796,0.0,0.0
1.97959,8.53984e-23,1.22496e-25
2.06122,7.31468e-19,5.07863e-22
2.14286,1.87385e-17,1.38114e-20
2.22449,1.44076e-16,1.24765e-19
2.30612,6.41918e-16,5.25241e-19
2.38776,2.08875e-15,2.11296e-18
2.46939,5.52886e-15,5.39268e-18
2.55102,1.27186e-14,1.18187e-17
2.63265,2.64562e-14,2.82366e-17
2.71429,5.08643e-14,5.95303e-17
2.79592,9.10519e-14,1.02975e-16
2.87755,1.55469e-13,1.61863e-16
2.95918,2.53843e-13,2.56652e-16
3.04082,4.00926e-13,4.40825e-16
3.12245,6.11113e-13,7.37365e-16
3.20408,9.06762e-13,1.16634e-15
3.28571,1.31204e-12,1.71003e-15
3.36735,1.86209e-12,2.34708e-15
3.44898,2.5804e-12,3.04791e-15
3.53061,3.54397e-12,3.92406e-15
3.61224,4.78757e-12,5.08301e-15
3.69388,6.37386e-12,6.78268e-15
3.77551,8.39667e-12,9.32153e-15
3.85714,1.09263e-11,1.28573e-14
3.93878,1.40853e-11,1.76563e-14
4.02041,1.79112e-11,2.36549e-14
4.10204,2.25569e-11,3.08982e-14
4.18367,2.82307e-11,3.92929e-14
4.26531,3.49655e-11,4.91921e-14
4.34694,4.28942e-11,5.9116e-14
4.42857,5.2567e-11,7.05467e-14
4.5102,6.38881e-11,8.29966e-14
4.59184,7.72991e-11,9.63898e-14
4.67347,9.30247e-11,1.09704e-13
4.7551,1.1116e-10,1.24086e-13
4.83673,1.32694e-10,1.42297e-13
4.91837,1.57838e-10,1.66412e-13
5.0,1.8666e-10,1.88656e-13
5.10204,2.28821e-10,2.3139e-13
5.20408,2.79134e-10,2.83955e-13
5.30612,3.37223e-10,3.51991e-13
5.40816,4.06697e-10,4.41057e-13
5.5102,4.85458e-10,5.45214e-13
5.61224,5.7792e-10,6.86244e-13
5.71429,6.84127e-10,8.41135e-13
5.81633,8.03663e-10,1.01417e-12
5.91837,9.40737e-10,1.22613e-12
6.02041,1.09682e-09,1.46518e-12
6.12245,1.27152e-09,1.73234e-12
6.22449,1.47054e-09,2.00726e-12
6.32653,1.69276e-09,2.35736e-12
6.42857,1.94032e-09,2.73337e-12
6.53061,2.22344e-09,3.14346e-12
6.63265,2.52463e-09,3.48073e-12
6.73469,2.87072e-09,3.99999e-12
6.83673,3.27303e-09,4.3911e-12
6.93878,3.70001e-09,4.88982e-12
7.04082,4.17663e-09,5.37548e-12
7.14286,4.7205e-09,6.04448e-12
7.2449,5.31734e-09,6.56858e-12
7.34694,5.98269e-09,7.15867e-12
7.44898,6.69515e-09,7.67872e-12
7.55102,7.5164e-09,8.34974e-12
7.65306,8.40528e-09,8.97872e-12
7.7551,9.39933e-09,9.76394e-12
7.85714,1.04844e-08,1.05006e-11
7.95918,1.16705e-08,1.11916e-11
8.06122,1.29724e-08,1.20474e-11
8.16327,1.44101e-08,1.29672e-11
8.26531,1.59641e-08,1.39516e-11
8.36735,1.76532e-08,1.50121e-11
8.46939,1.94882e-08,1.61521e-11
8.57143,2.15392e-08,1.74585e-11
8.67347,2.36827e-08,1.89442e-11
8.77551,2.59813e-08,2.03576e-11
8.87755,2.85217e-08,2.19665e-11
8.97959,3.12402e-08,2.4062e-11
9.08163,3.41579e-08,2.62041e-11
9.18367,3.72701e-08,2.84902e-11
9.28571,4.06401e-08,3.11293e-11
9.38776,4.42411e-08,3.42135e-11
9.4898,4.80411e-08,3.74089e-11
9.59184,5.21374e-08,4.13497e-11
9.69388,5.63683e-08,4.48108e-11
9.79592,6.09357e-08,4.91565e-11
9.89796,6.5867e-08,5.40765e-11
10.0,7.08989e-08,5.90392e-11
10.2041,8.21322e-08,7.09721e-11
10.4082,9.44329e-08,8.39254e-11
10.6122,1.08521e-07,1.00061e-10
10.8163,1.236e-07,1.17875e-10
11.0204,1.40458e-07,1.39686e-10
11.2245,1.58531e-07,1.61765e-10
11.4286,1.79131e-07,1.89364e-10
11.6327,2.00503e-07,2.20065e-10
11.8367,2.24544e-07,2.51807e-10
12.0408,2.50123e-07,2.87279e-10
12.2449,2.78726e-07,3.27161e-10
12.449,3.0951e-07,3.72227e-10
12.6531,3.41351e-07,4.19577e-10
12.8571,3.79196e-07,4.7307e-10
13.0612,4.16938e-07,5.28539e-10
13.2653,4.59387e-07,5.9117e-10
13.4694,5.05267e-07,6.5654e-10
13.6735,5.53077e-07,7.26806e-10
13.8776,6.07528e-07,8.09462e-10
14.0816,6.64825e-07,8.89267e-10
14.2857,7.2747e-07,9.74695e-10
14.4898,7.97633e-07,1.08292e-09
14.6939,8.68329e-07,1.17915e-09
14.898,9.4747e-07,1.27745e-09
15.102,1.03178e-06,1.40142e-09
15.3061,1.12627e-06,1.51873e-09
15.5102,1.22483e-06,1.64952e-09
15.7143,1.32468e-06,1.77148e-09
15.9184,1.44387e-06,1.91568e-09
16.1224,1.57032e-06,2.06002e-09
16.3265,1.70301e-06,2.22335e-09
16.5306,1.8451e-06,2.38922e-09
16.7347,2.00303e-06,2.56784e-09
16.9388,2.16739e-06,2.72941e-09
17.1429,2.34125e-06,2.94581e-09
17.3469,2.54e-06,3.1502e-09
17.551,2.74361e-06,3.32978e-09
17.7551,2.96041e-06,3.55013e-09
17.9592,3.20213e-06,3.82397e-09
18.1633,3.43805e-06,4.01098e-09
18.3673,3.71705e-06,4.26332e-09
18.5714,4.00338e-06,4.51851e-09
18.7755,4.30834e-06,4.80166e-09
18.9796,4.61929e-06,5.03445e-09
19.1837,4.96634e-06,5.36785e-09
19.3878,5.3302e-06,5.62383e-09
19.5918,5.73444e-06,5.98131e-09
19.7959,6.15043e-06,6.28945e-09
20.0,6.58055e-06,6.61729e-09
20.4082,7.52466e-06,7.28961e-09
20.8163,8.60064e-06,8.15866e-09
21.2245,9.77251e-06,8.8628e-09
21.6327,1.10888e-05,9.73802e-09
22.0408,1.25426e-05,1.07656e-08
22.449,1.41551e-05,1.17404e-08
22.8571,1.58946e-05,1.27921e-08
23.2653,1.78334e-05,1.40917e-08
23.6735,1.99136e-05,1.51508e-08
24.0816,2.21983e-05,1.65166e-08
24.4898,2.47263e-05,1.79583e-08
24.898,2.74103e-05,1.9351e-08
25.3061,3.02748e-05,2.09003e-08
25.7143,3.34803e-05,2.26223e-08
26.1224,3.68697e-05,2.4337e-08
26.5306,4.04173e-05,2.61786e-08
26.9388,4.43551e-05,2.81613e-08
27.3469,4.85595e-05,3.03815e-08
27.7551,5.29616e-05,3.22304e-08
28.1633,5.77809e-05,3.47208e-08
28.5714,6.27319e-05,3.69412e-08
28.9796,6.81472e-05,3.9517e-08
29.3878,7.38454e-05,4.23155e-08
29.7959,7.98011e-05,4.48417e-08
30.2041,8.61505e-05,4.79065e-08
30.6122,9.29411e-05,5.08733e-08
31.0204,0.000100068,5.3908e-08
31.4286,0.000107368,5.72006e-08
31.8367,0.000115263,6.07651e-08
32.2449,0.000123523,6.43137e-08
32.6531,0.00013211,6.78334e-08
33.0612,0.000141183,7.15267e-08
33.4694,0.000150713,7.58814e-08
33.8776,0.000160579,7.99039e-08
34.2857,0.000170955,8.41081e-08
34.6939,0.000182069,8.90368e-08
35.102,0.000193238,9.32049e-08
35.5102,0.00020481,9.80164e-08
35.9184,0.000217008,1.02731e-07
36.3265,0.000229902,1.08254e-07
36.7347,0.000243086,1.13525e-07
37.1429,0.00025675,1.18394e-07
37.551,0.000271035,1.24578e-07
37.9592,0.000285834,1.30459e-07
38.3673,0.00030096,1.35865e-07
38.7755,0.000316896,1.4214e-07
39.1837,0.000333628,1.48858e-07
39.5918,0.000350249,1.55259e-07
40.0,0.00036764,1.61651e-07
40.4082,0.000385851,1.68473e-07
40.8163,0.000404478,1.7577e-07
41.2245,0.000423807,1.83295e-07
41.6327,0.000443636,1.90096e-07
42.0408,0.000463518,1.97846e-07
42.449,0.000484862,2.05354e-07
42.8571,0.000506922,2.13362e-07
43.2653,0.000528936,2.22057e-07
43.6735,0.000551736,2.30642e-07
44.0816,0.000575314,2.38909e-07
44.4898,0.000599321,2.47954e-07
44.898,0.000624236,2.55969e-07
45.3061,0.000650093,2.65963e-07
45.7143,0.000675495,2.74094e-07
46.1224,0.000702804,2.84578e-07
46.5306,0.000730005,2.94222e-07
46.9388,0.000759041,3.05141e-07
47.3469,0.000787574,3.15333e-07
47.7551,0.000817277,3.25439e-07
48.1633,0.000847154,3.3642e-07
48.5714,0.000878417,3.47013e-07
48.9796,0.000909888,3.57488e-07
49.3878,0.000942687,3.70082e-07
49.7959,0.000975179,3.80399e-07
50.2041,0.00100944,3.94485e-07
50.6122,0.0010441,4.05124e-07
51.0204,0.00107855,4.16905e-07
51.4286,0.00111464,4.29155e-07
51.8367,0.00115168,4.4088e-07
52.2449,0.00118857,4.54784e-07
52.6531,0.00122795,4.67697e-07
53.0612,0.00126613,4.80053e-07
53.4694,0.00130588,4.95393e-07
53.8776,0.00134772,5.08353e-07
54.2857,0.00138824,5.22262e-07
54.6939,0.00143004,5.36528e-07
55.102,0.00147267,5.51508e-07
55.5102,0.00151548,5.64599e-07
55.9184,0.00156083,5.81142e-07
56.3265,0.00160638,5.94832e-07
56.7347,0.00165271,6.12086e-07
57.1429,0.0016992,6.27114e-07
57.551,0.00174508,6.40339e-07
57.9592,0.00179418,6.58521e-07
58.3673,0.00184282,6.73071e-07
58.7755,0.00189409,6.92443e-07
59.1837,0.00194462,7.09831e-07
59.5918,0.00199558,7.25401e-07
60.0,0.0020487,7.43181e-07
60.4082,0.00210063,7.57952e-07
60.8163,0.00215618,7.79984e-07
61.2245,0.00221015,7.9601e-07
61.6327,0.0022675,8.1447e-07
62.0408,0.00232336,8.3424e-07
62.449,0.00237969,8.51716e-07
62.8571,0.00243926,8.70666e-07
63.2653,0.00249854,8.90079e-07
63.6735,0.0025561,9.06477e-07
64.0816,0.002618,9.28481e-07
64.4898,0.00267833,9.46411e-07
64.898,0.00274116,9.67104e-07
65.3061,0.00280473,9.89568e-07
65.7143,0.00286903,1.01007e-06
66.1224,0.00293281,1.02788e-06
66.5306,0.00299796,1.05131e-06
66.9388,0.00306632,1.07344e-06
67.3469,0.00313342,1.09472e-06
67.7551,0.00320242,1.11777e-06
68.1633,0.00327177,1.13954e-06
68.5714,0.00333937,1.15776e-06
68.9796,0.00341172,1.18163e-06
69.3878,0.00348425,1.20746e-06
69.7959,0.00355626,1.23113e-06
70.2041,0.0036303,1.25315e-06
70.6122,0.00370383,1.27757e-06
71.0204,0.00377734,1.30011e-06
71.4286,0.00385311,1.3248e-06
71.8367,0.00393332,1.35036e-06
72.2449,0.00401041,1.37305e-06
72.6531,0.00408828,1.39688e-06
73.0612,0.00416735,1.42145e-06
73.4694,0.00424743,1.4481e-06
73.8776,0.00432939,1.47631e-06
74.2857,0.00441234,1.4998e-06
74.6939,0.00449358,1.52353e-06
75.102,0.0045799,1.55032e-06
75.5102,0.00466434,1.57909e-06
75.9184,0.00475065,1.60735e-06
76.3265,0.0048379,1.63465e-06
76.7347,0.00492652,1.66336e-06
77.1429,0.00501387,1.68779e-06
77.551,0.00510241,1.71317e-06
77.9592,0.00519452,1.74634e-06
78.3673,0.00528515,1.77231e-06
78.7755,0.00537645,1.80278e-06
79.1837,0.0054693,1.83211e-06
79.5918,0.00556362,1.86209e-06
80.0,0.00565779,1.88924e-06
80.4082,0.00575291,1.91869e-06
80.8163,0.00585005,1.94956e-06
81.2245,0.00594745,1.97988e-06
81.6327,0.00605008,2.01239e-06
82.0408,0.00614054,2.03929e-06
82.449,0.00624227,2.0701e-06
82.8571,0.00634575,2.10542e-06
83.2653,0.006446,2.13131e-06
83.6735,0.00654955,2.16256e-06
84.0816,0.00665829,2.20057e-06
84.4898,0.00675939,2.23022e-06
84.898,0.00686133,2.25759e-06
85.3061,0.00697305,2.29529e-06
85.7143,0.00707559,2.32616e-06
86.1224,0.00718377,2.36186e-06
86.5306,0.00729575,2.39762e-06
86.9388,0.00740539,2.43266e-06
87.3469,0.00751769,2.46009e-06
87.7551,0.00762591,2.49895e-06
88.1633,0.00774214,2.5311e-06
88.5714,0.00785623,2.56958e-06
88.9796,0.00796651,2.59702e-06
89.3878,0.00808302,2.63538e-06
89.7959,0.0082012,2.68114e-06
90.2041,0.00831805,2.70916e-06
90.6122,0.00843414,2.74894e-06
91.0204,0.00855504,2.78553e-06
91.4286,0.00867004,2.81704e-06
91.8367,0.00879745,2.86195e-06
92.2449,0.00891527,2.89491e-06
92.6531,0.00904139,2.93225e-06
93.0612,0.00916243,2.96979e-06
93.4694,0.00928832,3.00067e-06
93.8776,0.00941783,3.04264e-06
94.2857,0.00954645,3.08747e-06
94.6939,0.00967101,3.12209e-06
95.102,0.00978961,3.15779e-06
95.5102,0.0099262,3.19995e-06
95.9184,0.0100535,3.2378e-06
96.3265,0.0101829,3.27652e-06
96.7347,0.0103159,3.32612e-06
97.1429,0.0104483,3.35682e-06
97.551,0.0105799,3.39868e-06
97.9592,0.0107214,3.44407e-06
98.3673,0.0108564,3.49181e-06
98.7755,0.0109894,3.52792e-06
99.1837,0.0111216,3.55787e-06
99.5918,0.0112652,3.60655e-06
100.0,0.0113966,3.63971e-06
100.816,0.0116873,3.73638e-06
101.633,0.0119667,3.8256e-06
102.449,0.012256,3.90594e-06
103.265,0.0125526,4.0072e-06
104.082,0.0128434,4.085e-06
104.898,0.0131454,4.17754e-06
105.714,0.0134477,4.27406e-06
106.531,0.0137498,4.35886e-06
107.347,0.014057,4.45455e-06
108.163,0.0143744,4.55655e-06
108.98,0.014696,4.65652e-06
109.796,0.0150022,4.73891e-06
110.612,0.0153308,4.84657e-06
111.429,0.0156565,4.94037e-06
112.245,0.0159832,5.03506e-06
113.061,0.0163149,5.13356e-06
113.878,0.0166623,5.24569e-06
114.694,0.0170032,5.34258e-06
115.51,0.0173492,5.45243e-06
116.327,0.0176855,5.54666e-06
117.143,0.01805,5.66665e-06
117.959,0.0183966,5.76909e-06
118.776,0.0187622,5.88219e-06
119.592,0.0191203,5.97571e-06
120.408,0.019489,6.1033e-06
121.224,0.0198438,6.19489e-06
122.041,0.0202289,6.3184e-06
122.857,0.0206005,6.43509e-06
123.673,0.0209891,6.54983e-06
124.49,0.0213714,6.65773e-06
125.306,0.021753,6.78129e-06
126.122,0.0221473,6.89846e-06
126.939,0.0225413,7.02196e-06
127.755,0.0229328,7.12663e-06
128.571,0.0233303,7.24706e-06
129.388,0.023735,7.36799e-06
130.204,0.0241636,7.51112e-06
131.02,0.0245664,7.633e-06
131.837,0.024977,7.73895e-06
132.653,0.0253993,7.87162e-06
133.469,0.0258285,8.02402e-06
134.286,0.0262457,8.15713e-06
135.102,0.0266745,8.26222e-06
135.918,0.0270848,8.38117e-06
136.735,0.0275443,8.52326e-06
137.551,0.0279617,8.64653e-06
138.367,0.0284159,8.77359e-06
139.184,0.0288539,8.93344e-06
140.0,0.0293056,9.03579e-06
140.816,0.029758,9.18347e-06
141.633,0.030206,9.30882e-06
142.449,0.0306781,9.49534e-06
143.265,0.0311267,9.61893e-06
144.082,0.0315983,9.75213e-06
144.898,0.0320623,9.89667e-06
145.714,0.0325462,1.00287e-05
146.531,0.0330177,1.01731e-05
147.347,0.0334952,1.03102e-05
148.163,0.0339656,1.04639e-05
148.98,0.0344424,1.05769e-05
149.796,0.0349412,1.07488e-05
150.612,0.0354172,1.0888e-05
151.429,0.0359133,1.10211e-05
152.245,0.0364293,1.11953e-05
153.061,0.0369221,1.13406e-05
153.878,0.0374211,1.14864e-05
154.694,0.0379179,1.16481e-05
155.51,0.0384543,1.17824e-05
156.327,0.0389674,1.19783e-05
157.143,0.0394869,1.2127e-05
157.959,0.0400103,1.23036e-05
158.776,0.0405229,1.24365e-05
159.592,0.0410579,1.25777e-05
160.408,0.0415906,1.27269e-05
161.224,0.0421171,1.29082e-05
162.041,0.0426428,1.30637e-05
162.857,0.0431972,1.3235e-05
163.673,0.0437447,1.34055e-05
164.49,0.0442932,1.35895e-05
165.306,0.0448427,1.37346e-05
166.122,0.0453989,1.39145e-05
166.939,0.0459333,1.40574e-05
167.755,0.0464945,1.42744e-05
168.571,0.0470358,1.43916e-05
169.388,0.0476447,1.46089e-05
170.204,0.0481811,1.47628e-05
171.02,0.0487665,1.49631e-05
171.837,0.049329,1.50961e-05
172.653,0.0499272,1.53058e-05
173.469,0.0505074,1.54648e-05
174.286,0.0510748,1.56434e-05
175.102,0.0516681,1.58107e-05
175.918,0.052213,1.59245e-05
176.735,0.0528564,1.61657e-05
177.551,0.0534156,1.63404e-05
178.367,0.0540376,1.65499e-05
179.184,0.0546072,1.66763e-05
180.0,0.055279,1.6951e-05
180.816,0.0558781,1.71569e-05
181.633,0.0564494,1.72685e-05
182.449,0.0570875,1.74862e-05
183.265,0.0576916,1.76536e-05
184.082,0.0582987,1.78211e-05
184.898,0.0589374,1.80558e-05
185.714,0.0595626,1.81865e-05
186.531,0.0601841,1.84209e-05
187.347,0.0608136,1.86225e-05
188.163,0.0614683,1.88464e-05
188.98,0.0621097,1.90298e-05
189.796,0.0627307,1.91724e-05
190.612,0.0633855,1.93956e-05
191.429,0.0640362,1.95704e-05
192.245,0.0646907,1.97633e-05
193.061,0.0653415,1.9987e-05
193.878,0.0660054,2.01846e-05
194.694,0.0666044,2.03463e-05
195.51,0.0672912,2.05979e-05
196.327,0.0679937,2.07952e-05
197.143,0.0686513,2.0983e-05
197.959,0.0693355,2.12536e-05
198.776,0.0699334,2.13575e-05
199.592,0.0706624,2.16245e-05
200.408,0.0713197,2.18018e-05
201.224,0.0719571,2.19637e-05
202.041,0.0726972,2.22985e-05
202.857,0.0733849,2.24302e-05
203.673,0.0740729,2.26767e-05
204.49,0.0747801,2.29439e-05
205.306,0.0754451,2.30442e-05
206.122,0.0761752,2.33396e-05
206.939,0.0768651,2.3588e-05
207.755,0.0775341,2.37002e-05
208.571,0.0782764,2.39441e-05
209.388,0.0789699,2.41901e-05
210.204,0.0796638,2.43682e-05
211.02,0.0804288,2.46539e-05
211.837,0.0810334,2.47713e-05
212.653,0.0818835,2.51299e-05
213.469,0.0825833,2.52498e-05
214.286,0.0832801,2.54608e-05
215.102,0.0840389,2.57495e-05
215.918,0.0848227,2.60559e-05
216.735,0.0854794,2.62088e-05
217.551,0.0862298,2.63448e-05
218.367,0.0870573,2.6738e-05
219.184,0.0877034,2.68669e-05
220.0,0.0884464,2.71097e-05
221.633,0.0899992,2.75952e-05
223.265,0.0914283,2.80108e-05
224.898,0.0930063,2.85546e-05
226.531,0.0944713,2.89417e-05
228.163,0.0960243,2.94435e-05
229.796,0.0976067,2.9907e-05
231.429,0.0992222,3.05157e-05
233.061,0.100791,3.09467e-05
234.694,0.102374,3.1445e-05
236.327,0.10392,3.18386e-05
237.959,0.105549,3.24004e-05
239.592,0.107205,3.29348e-05
241.224,0.108817,3.3451e-05
242.857,0.110394,3.39166e-05
244.49,0.112082,3.4461e-05
246.122,0.113762,3.49009e-05
247.755,0.115458,3.54202e-05
249.388,0.117031,3.59047e-05
251.02,0.118806,3.66816e-05
252.653,0.120449,3.70566e-05
254.286,0.12219,3.75841e-05
255.918,0.123895,3.81439e-05
257.551,0.125601,3.86408e-05
259.184,0.127232,3.89563e-05
260.816,0.129161,3.98439e-05
262.449,0.130883,4.04065e-05
264.082,0.132565,4.0842e-05
265.714,0.134432,4.14536e-05
267.347,0.136155,4.19938e-05
268.98,0.13798,4.25915e-05
270.612,0.139818,4.31935e-05
272.245,0.141676,4.38048e-05
273.878,0.14339,4.42203e-05
275.51,0.145253,4.49703e-05
277.143,0.147132,4.55406e-05
278.776,0.148947,4.60545e-05
280.408,0.15084,4.65509e-05
282.041,0.152741,4.71401e-05
283.673,0.15461,4.77522e-05
285.306,0.156478,4.84933e-05
286.939,0.158317,4.90937e-05
288.571,0.160352,4.97323e-05
290.204,0.162315,5.03154e-05
291.837,0.164145,5.07751e-05
293.469,0.165946,5.14281e-05
295.102,0.168038,5.22187e-05
296.735,0.169924,5.27282e-05
298.367,0.171953,5.34256e-05
300.0,0.174024,5.40659e-05
301.633,0.175823,5.44994e-05
303.265,0.177912,5.5246e-05
304.898,0.179895,5.58313e-05
306.531,0.181905,5.65374e-05
308.163,0.1839,5.71867e-05
309.796,0.185984,5.7852e-05
311.429,0.18794,5.85232e-05
313.061,0.190089,5.93961e-05
314.694,0.192158,5.99025e-05
316.327,0.194244,6.06122e-05
317.959,0.196236,6.1054e-05
319.592,0.198312,6.19262e-05
321.224,0.200511,6.26601e-05
322.857,0.202401,6.31266e-05
324.49,0.204578,6.39456e-05
326.122,0.206722,6.45268e-05
327.755,0.208813,6.51764e-05
329.388,0.210909,6.56832e-05
331.02,0.213131,6.66434e-05
332.653,0.215278,6.73606e-05
334.286,0.217535,6.80971e-05
335.918,0.219592,6.8696e-05
337.551,0.221877,6.95489e-05
339.184,0.223843,6.99158e-05
340.816,0.226077,7.07516e-05
342.449,0.228307,7.16404e-05
344.082,0.230627,7.24592e-05
345.714,0.232677,7.29964e-05
347.347,0.234917,7.37899e-05
348.98,0.237196,7.44141e-05
350.612,0.239495,7.53312e-05
352.245,0.241671,7.58587e-05
353.878,0.244073,7.68552e-05
355.51,0.246202,7.74831e-05
357.143,0.24857,7.83522e-05
358.776,0.25084,7.90672e-05
360.408,0.253228,7.98538e-05
362.041,0.255361,8.06031e-05
363.673,0.25765,8.11984e-05
365.306,0.259994,8.1859e-05
366.939,0.262307,8.26925e-05
368.571,0.264705,8.35767e-05
370.204,0.267024,8.45166e-05
371.837,0.269355,8.50359e-05
373.469,0.27152,8.56979e-05
375.102,0.274011,8.65924e-05
376.735,0.276319,8.70755e-05
378.367,0.278657,8.8116e-05
380.0,0.281086,8.86466e-05
382.449,0.28464,9.01705e-05
384.898,0.288107,9.09873e-05
387.347,0.29206,9.25992e-05
389.796,0.295511,9.35699e-05
392.245,0.29915,9.47875e-05
394.694,0.302858,9.59815e-05
397.143,0.306628,9.74906e-05
399.592,0.310279,9.82733e-05
402.041,0.313963,9.9595e-05
404.49,0.317811,0.000101165
406.939,0.321487,0.000102307
409.388,0.325115,0.00010358
411.837,0.329102,0.000104868
414.286,0.333,0.000106161
416.735,0.336666,0.000107527
419.184,0.340486,0.000108967
421.633,0.344433,0.000110282
424.082,0.348237,0.000111358
426.531,0.352048,0.00011256
428.98,0.355909,0.000113495
431.429,0.360006,0.000115354
433.878,0.363726,0.000116385
436.327,0.367764,0.000117827
438.776,0.371625,0.000119177
441.224,0.375751,0.000120892
443.673,0.37977,0.000121799
446.122,0.383703,0.000123343
448.571,0.388013,0.000124847
451.02,0.391767,0.000125739
453.469,0.395558,0.000127331
455.918,0.399895,0.000129077
458.367,0.404316,0.000130317
460.816,0.40821,0.000131293
463.265,0.412228,0.000132906
465.714,0.416327,0.000134516
468.163,0.420323,0.00013572
470.612,0.42462,0.000136863
473.061,0.428714,0.00013849
475.51,0.433229,0.000140132
477.959,0.436987,0.000141133
480.408,0.441332,0.000143063
482.857,0.445505,0.000143654
485.306,0.449791,0.000146072
487.755,0.453886,0.000147089
490.204,0.458358,0.000148328
492.653,0.462682,0.000149738
495.102,0.467022,0.000151639
497.551,0.47115,0.000152799
500.0,0.475389,0.000154167
502.449,0.480206,0.000156333
504.898,0.484245,0.000157316
507.347,0.488771,0.000159452
509.796,0.493324,0.00016151
512.245,0.497266,0.000161878
514.694,0.501811,0.000163684
517.143,0.506343,0.000165134
519.592,0.510742,0.000166376
522.041,0.515243,0.000168666
524.49,0.519486,0.000170207
526.939,0.524025,0.000171069
529.388,0.528738,0.000173692
531.837,0.532929,0.00017363
534.286,0.537508,0.000175551
536.735,0.542319,0.000177578
539.184,0.546579,0.000179105
541.633,0.550898,0.000180646
544.082,0.555797,0.000182133
546.531,0.560223,0.000184022
548.98,0.564788,0.000184935
551.429,0.569557,0.000187346
553.878,0.574276,0.000189139
556.327,0.578909,0.000190428
558.776,0.583445,0.000191504
561.224,0.588167,0.000193165
563.673,0.592867,0.000195677
566.122,0.597844,0.000197399
568.571,0.602105,0.00019827
571.02,0.606544,0.000200751
573.469,0.611452,0.000201979
575.918,0.616155,0.000203804
578.367,0.620949,0.000205282
580.816,0.625452,0.000206693
583.265,0.630736,0.00020849
585.714,0.635662,0.000210113
588.163,0.64009,0.000212063
590.612,0.645164,0.00021422
593.061,0.649856,0.000214744
595.51,0.654561,0.000217261
597.959,0.659365,0.000218651
600.408,0.664528,0.00022105
602.857,0.669374,0.000222461
605.306,0.674032,0.000223601
607.755,0.678928,0.000225551
610.204,0.683669,0.000227527
612.653,0.688808,0.000228853
615.102,0.693882,0.000230687
617.551,0.698675,0.000231988
620.0,0.703848,0.000233854
622.449,0.708251,0.00023589
624.898,0.713843,0.000238377
627.347,0.71886,0.000239721
629.796,0.723528,0.000241307
632.245,0.728202,0.000243148
634.694,0.733436,0.000245365
637.143,0.738235,0.000246095
639.592,0.743889,0.000248251
642.041,0.748517,0.000249923
644.49,0.753661,0.000252447
646.939,0.758272,0.000252639
649.388,0.764053,0.000255693
651.837,0.768987,0.000258001
654.286,0.774315,0.000260185
656.735,0.779772,0.000261703
659.184,0.784241,0.00026256
661.633,0.789286,0.000266269
664.082,0.795012,0.000268061
666.531,0.799575,0.000268305
668.98,0.805112,0.000271717
671.429,0.810504,0.000273847
673.878,0.815055,0.00027371
676.327,0.820379,0.000275842
678.776,0.826033,0.000279109
681.224,0.831042,0.0002799
683.673,0.836072,0.000280941
686.122,0.841805,0.000284825
688.571,0.846981,0.000285908
691.02,0.852285,0.000287727
693.469,0.857266,0.000289627
695.918,0.862563,0.000290875
698.367,0.868063,0.000293661
700.816,0.874306,0.00029684
703.265,0.878738,0.000298285
705.714,0.883942,0.00030052
708.163,0.888942,0.000300481
710.612,0.895037,0.000303297
713.061,0.89996,0.000304751
715.51,0.905508,0.00030894
717.959,0.910842,0.00030818
720.408,0.916027,0.000310381
722.857,0.922064,0.000312095
725.306,0.926702,0.000314026
727.755,0.93225,0.00031703
730.204,0.937797,0.000319818
732.653,0.943546,0.000320652
735.102,0.949062,0.000323826
737.551,0.953956,0.000325063
740.0,0.960134,0.000326866
743.265,0.966847,0.000329798
746.531,0.973919,0.000331487
749.796,0.981774,0.00033444
753.061,0.989683,0.000338752
756.327,0.996529,0.00034024
759.592,1.00388,0.000343453
762.857,1.01215,0.000347195
766.122,1.01954,0.000349544
769.388,1.02573,0.00035126
772.653,1.03348,0.000354989
775.918,1.04097,0.000357317
779.184,1.04883,0.000359281
782.449,1.05691,0.000362115
785.714,1.06381,0.000366016
788.98,1.07133,0.000369123
792.245,1.07874,0.000370537
795.51,1.08562,0.000372525
798.776,1.09454,0.000377137
802.041,1.10163,0.000379994
805.306,1.10905,0.000381857
808.571,1.11717,0.000384218
811.837,1.12559,0.000387217
815.102,1.13223,0.000390252
818.367,1.14026,0.000393148
821.633,1.14803,0.00039722
824.898,1.15538,0.000400416
828.163,1.16354,0.000400241
831.429,1.17169,0.000405664
834.694,1.17838,0.00040656
837.959,1.18675,0.000412352
841.224,1.19424,0.000413515
844.49,1.20273,0.000417721
847.755,1.21019,0.000420404
851.02,1.21835,0.000421734
854.286,1.22668,0.000425148
857.551,1.23365,0.000429602
860.816,1.24214,0.000433189
864.082,1.24978,0.000434084
867.347,1.25778,0.000438046
870.612,1.2661,0.000440685
873.878,1.27481,0.000445116
877.143,1.28137,0.000446158
880.408,1.29006,0.000451818
883.673,1.298,0.000453656
886.939,1.30616,0.000454331
890.204,1.31436,0.00045911
893.469,1.32252,0.000462519
896.735,1.33034,0.000464894
900.0,1.33847,0.000469423
903.265,1.34658,0.000470901
906.531,1.35441,0.00047255
909.796,1.36279,0.0004782
913.061,1.37042,0.00048071
916.327,1.37933,0.000484701
919.592,1.38758,0.000486359
922.857,1.39611,0.00048886
926.122,1.40445,0.000493911
929.388,1.41242,0.000499795
932.653,1.42127,0.000499704
935.918,1.4287,0.000501987
939.184,1.43717,0.000505581
942.449,1.44582,0.00050838
945.714,1.45324,0.000510258
948.98,1.46215,0.000515129
952.245,1.46989,0.000517921
955.51,1.47867,0.000521839
958.776,1.48664,0.000522705
962.041,1.49522,0.000527581
965.306,1.50507,0.000533744
968.571,1.51144,0.000533608
971.837,1.52067,0.000536316
975.102,1.5281,0.000540163
978.367,1.53779,0.000543736
981.633,1.54633,0.000545602
984.898,1.5542,0.000548179
988.163,1.56345,0.0005548
991.429,1.57139,0.000555161
994.694,1.58003,0.000561632
997.959,1.5895,0.000564718
1001.22,1.59777,0.000568031
1004.49,1.6061,0.000569323
1007.76,1.6134,0.000569106
1011.02,1.62235,0.000574128
1014.29,1.63145,0.00057946
1017.55,1.63936,0.000583351
1020.82,1.64888,0.000584121
1024.08,1.65798,0.000590348
1027.35,1.66576,0.000591802
1030.61,1.67499,0.000595265
1033.88,1.68336,0.000600929
1037.14,1.69263,0.000602151
1040.41,1.70048,0.000605934
1043.67,1.71002,0.000610273
1046.94,1.71787,0.00061388
1050.2,1.72694,0.000618174
1053.47,1.73676,0.00061974
1056.73,1.74489,0.000628505
1060.0,1.75453,0.000630347
1064.9,1.76716,0.00063196
1069.8,1.78019,0.000637792
1074.69,1.79305,0.000642522
1079.59,1.80675,0.000649558
1084.49,1.82102,0.000654787
1089.39,1.83328,0.000657089
1094.29,1.84687,0.000666276
1099.18,1.8614,0.00066757
1104.08,1.87393,0.000674122
1108.98,1.88628,0.000675949
1113.88,1.90087,0.000686
1118.78,1.9143,0.000688667
1123.67,1.92842,0.000696903
1128.57,1.94096,0.000697513
1133.47,1.95542,0.000704599
1138.37,1.96859,0.000712612
1143.27,1.98249,0.000714543
1148.16,1.99433,0.000715882
1153.06,2.01032,0.000725517
1157.96,2.02263,0.000733849
1162.86,2.03769,0.000737915
1167.76,2.05073,0.000742389
1172.65,2.06457,0.000749768
1177.55,2.07761,0.000754228
1182.45,2.0917,0.000757891
1187.35,2.10633,0.000768176
1192.24,2.12073,0.000771211
1197.14,2.13478,0.000777173
1202.04,2.14861,0.000781138
1206.94,2.16258,0.000786612
1211.84,2.17786,0.000796275
1216.73,2.19115,0.000798579
1221.63,2.2048,0.000803601
1226.53,2.21947,0.000812591
1231.43,2.23335,0.000818704
1236.33,2.24643,0.000822551
1241.22,2.26084,0.000827342
1246.12,2.27538,0.000834748
1251.02,2.29036,0.000840823
1255.92,2.30402,0.000842493
1260.82,2.31872,0.000844712
1265.71,2.33353,0.000856892
1270.61,2.34754,0.000858835
1275.51,2.36203,0.000866106
1280.41,2.37495,0.000875461
1285.31,2.38915,0.000877127
1290.2,2.40308,0.000882805
1295.1,2.42003,0.000889418
1300.0,2.43222,0.000896382
1304.9,2.44927,0.000898557
1309.8,2.46397,0.000905927
1314.69,2.47827,0.000911208
1319.59,2.49162,0.000917017
1324.49,2.50597,0.000925212
1329.39,2.5208,0.000934322
1334.29,2.53712,0.000939462
1339.18,2.55041,0.000941831
1344.08,2.5655,0.000953817
1348.98,2.57994,0.000956764
1353.88,2.59454,0.000954521
1358.78,2.6097,0.000968395
1363.67,2.62541,0.000975614
1368.57,2.64065,0.000979182
1373.47,2.65526,0.000985179
1378.37,2.67018,0.000992007
1383.27,2.68498,0.000998955
1388.16,2.69775,0.00100354
1393.06,2.71477,0.0010052
1397.96,2.72723,0.0010078
1402.86,2.74183,0.00101453
1407.76,2.75989,0.00103329
1412.65,2.77354,0.00103275
1417.55,2.78926,0.00104167
1422.45,2.8046,0.00104244
1427.35,2.81924,0.00104726
1432.24,2.83405,0.00105978
1437.14,2.84917,0.00106716
1442.04,2.86504,0.0010661
1446.94,2.87812,0.00107447
1451.84,2.8957,0.0010806
1456.73,2.91205,0.00108985
1461.63,2.92579,0.00109629
1466.53,2.94127,0.00109644
1471.43,2.95725,0.00110817
1476.33,2.97126,0.00111095
1481.22,2.98953,0.00112636
1486.12,3.00403,0.00112448
1491.02,3.01784,0.00113886
1495.92,3.03514,0.00113851
1500.82,3.04909,0.00114683
1505.71,3.06485,0.00114941
1510.61,3.07901,0.00115814
1515.51,3.09731,0.00116444
1520.41,3.11118,0.00116687
1525.31,3.12855,0.00118773
1530.2,3.14027,0.00118067
1535.1,3.15689,0.00118676
1540.0,3.17496,0.00120182
1547.35,3.19672,0.00120682
1554.69,3.22029,0.00121418
1562.04,3.24438,0.00122853
1569.39,3.26808,0.00123724
1576.73,3.29225,0.00124981
1584.08,3.31609,0.00126471
1591.43,3.33941,0.0012664
1598.78,3.36482,0.00128233
1606.12,3.38502,0.00128488
1613.47,3.41155,0.00129574
1620.82,3.43349,0.00131004
1628.16,3.45838,0.00130926
1635.51,3.48226,0.00132339
1642.86,3.50804,0.00133279
1650.2,3.53096,0.00134986
1657.55,3.55341,0.00135741
1664.9,3.58102,0.00136881
1672.24,3.60356,0.00137848
1679.59,3.6279,0.00139209
1686.94,3.65064,0.00139239
1694.29,3.67569,0.00140083
1701.63,3.70063,0.00141387
1708.98,3.72592,0.00143502
1716.33,3.74869,0.00143589
1723.67,3.77117,0.00143933
1731.02,3.79839,0.00145865
1738.37,3.82164,0.00146481
1745.71,3.84642,0.0014778
1753.06,3.87333,0.00149021
1760.41,3.89767,0.00149871
1767.76,3.92001,0.00150516
1775.1,3.94875,0.00152251
1782.45,3.97205,0.00152754
1789.8,3.99547,0.00153564
1797.14,4.0227,0.00154674
1804.49,4.04493,0.00156342
1811.84,4.07018,0.00157371
1819.18,4.09911,0.00158788
1826.53,4.12039,0.00158831
1833.88,4.14866,0.00161033
1841.22,4.17088,0.00160667
1848.57,4.19706,0.0016308
1855.92,4.22365,0.00164387
1863.27,4.24674,0.00163838
1870.61,4.2726,0.00165967
1877.96,4.29771,0.00166599
1885.31,4.32294,0.00167721
1892.65,4.34602,0.0017003
1900.0,4.37545,0.00170345
1907.35,4.4009,0.00171293
1914.69,4.42473,0.00171558
1922.04,4.45351,0.0017373
1929.39,4.47378,0.00173461
1936.73,4.50457,0.00175031
1944.08,4.53104,0.00176547
1951.43,4.55519,0.00178146
1958.78,4.57888,0.00178206
1966.12,4.60777,0.00180248
1973.47,4.63661,0.00182112
1980.82,4.65561,0.00181402
1988.16,4.68297,0.0018334
1995.51,4.71096,0.00184664
2002.86,4.73621,0.00184876
2010.2,4.76081,0.00186146
2017.55,4.78434,0.00187358
2024.9,4.81646,0.00188228
2032.24,4.84133,0.00191825
2039.59,4.86411,0.00191155
2046.94,4.89524,0.00193673
2054.29,4.91813,0.00193669
2061.63,4.94193,0.0019409
2068.98,4.97141,0.00196024
2076.33,4.9998,0.00196296
2083.67,5.02466,0.00197927
2091.02,5.05191,0.00199308
2098.37,5.07671,0.00200196
2105.71,5.10464,0.00201033
2113.06,5.12954,0.00203612
2120.41,5.15995,0.00203592
2127.76,5.18587,0.00205365
2135.1,5.21016,0.00206609
2142.45,5.23597,0.00208117
2149.8,5.26412,0.0020798
2157.14,5.28971,0.00209644
2164.49,5.32114,0.00211149
2171.84,5.34922,0.00212065
2179.18,5.37049,0.00211983
2186.53,5.39915,0.00215045
2193.88,5.41967,0.00214545
2201.22,5.45192,0.00216677
2208.57,5.48128,0.00217474
2215.92,5.50586,0.00218516
2223.27,5.53503,0.0022099
2230.61,5.56146,0.00221186
2237.96,5.58452,0.00222305
2245.31,5.61691,0.00223999
2252.65,5.64318,0.00226138
2260.0,5.667,0.00225241
2271.02,5.71177,0.00228295
2282.04,5.75095,0.00228633
2293.06,5.7955,0.00231515
2304.08,5.83414,0.0023437
2315.1,5.87624,0.00234747
2326.12,5.91525,0.00237016
2337.14,5.96,0.00239031
2348.16,6.00185,0.00240185
2359.18,6.045,0.00242856
2370.2,6.08252,0.00244427
2381.22,6.12231,0.00245712
2392.24,6.16563,0.0024788
2403.27,6.20863,0.00251737
2414.29,6.24752,0.00250462
2425.31,6.2945,0.00254066
2436.33,6.3347,0.00255333
2447.35,6.37776,0.00257355
2458.37,6.41567,0.00260011
2469.39,6.45877,0.00260946
2480.41,6.50337,0.00263031
2491.43,6.54798,0.00266273
2502.45,6.58503,0.00266562
2513.47,6.62874,0.00267212
2524.49,6.67068,0.00269621
2535.51,6.71313,0.00271934
2546.53,6.75757,0.00276182
2557.55,6.80216,0.00277044
2568.57,6.84564,0.00280295
2579.59,6.88831,0.00279407
2590.61,6.93021,0.00283991
2601.63,6.96731,0.00281948
2612.65,7.01449,0.00286861
2623.67,7.06598,0.00289991
2634.69,7.10474,0.00289169
2645.71,7.14942,0.00289934
2656.73,7.19102,0.00293572
2667.76,7.23295,0.00295142
2678.78,7.27751,0.00295434
2689.8,7.31434,0.00296824
2700.82,7.36418,0.00301998
2711.84,7.40377,0.00302746
2722.86,7.44782,0.00305762
2733.88,7.49342,0.00307407
2744.9,7.53532,0.00308616
2755.92,7.58119,0.00310779
2766.94,7.62294,0.00312084
2777.96,7.66156,0.00311903
2788.98,7.71229,0.0031826
2800.0,7.75521,0.00319395
2814.29,7.813,0.00325909
2828.57,7.86794,0.00323671
2842.86,7.92826,0.00324289
2857.14,7.98115,0.00328765
2871.43,8.04704,0.00334015
2885.71,8.10242,0.00333617
2900.0,8.16404,0.00338726
2914.29,8.21364,0.00337884
2928.57,8.27833,0.00344108
2942.86,8.34008,0.00345629
2957.14,8.3949,0.00348135
2971.43,8.4536,0.00349786
2985.71,8.51147,0.00353301
3000.0,8.56783,0.00355308
3014.29,8.61899,0.00358093
3028.57,8.68868,0.00361047
3042.86,8.74513,0.00366111
3057.14,8.80719,0.00368534
3071.43,8.8633,0.00371881
3085.71,8.91898,0.00373014
3100.0,8.98048,0.00373325
3114.29,9.03387,0.00374551
3128.57,9.1036,0.00383615
3142.86,9.1676,0.00388331
3157.14,9.22093,0.00386896
3171.43,9.28375,0.00390194
3185.71,9.33686,0.00392535
3200.0,9.39242,0.0039398
3214.29,9.46144,0.00395803
3228.57,9.51857,0.00400291
3242.86,9.58113,0.00403199
3257.14,9.6316,0.0040444
3271.43,9.70213,0.00410941
3285.71,9.76528,0.0041325
3300.0,9.82422,0.00414335
3314.29,9.88181,0.00418306
3328.57,9.94575,0.00421652
3342.86,10.0008,0.00421309
3357.14,10.0622,0.00426129
3371.43,10.1233,0.00427148
3385.71,10.1942,0.00432562
3400.0,10.2508,0.00433684
3414.29,10.3,0.00436175
3428.57,10.3726,0.00441028
3442.86,10.4356,0.00446337
3457.14,10.493,0.00442202
3471.43,10.5592,0.00452114
3485.71,10.6152,0.0045368
3500.0,10.6782,0.00453898
3520.41,10.7662,0.00459092
3540.82,10.8541,0.00461806
3561.22,10.9457,0.00467651
3581.63,11.0335,0.00470478
3602.04,11.1152,0.00474502
3622.45,11.2127,0.00481346
3642.86,11.3081,0.00485851
3663.27,11.3837,0.00490991
3683.67,11.4791,0.00490894
3704.08,11.561,0.00490734
3724.49,11.671,0.00504996
3744.9,11.7546,0.00503811
3765.31,11.8543,0.00512324
3785.71,11.9326,0.00513679
3806.12,12.0168,0.00516504
3826.53,12.1096,0.00524254
3846.94,12.2101,0.00525467
3867.35,12.2975,0.0053293
3887.76,12.3809,0.00533666
3908.16,12.4659,0.00538108
3928.57,12.5627,0.00542443
3948.98,12.6559,0.00545929
3969.39,12.7561,0.00555488
3989.8,12.8392,0.00557806
4010.2,12.9361,0.00563519
4030.61,13.0219,0.00564401
4051.02,13.1214,0.00568616
4071.43,13.2169,0.0057516
4091.84,13.2937,0.00578356
4112.24,13.3955,0.00583723
4132.65,13.4954,0.00590347
4153.06,13.5838,0.00591088
4173.47,13.6716,0.0059375
4193.88,13.7681,0.00598035
4214.29,13.8586,0.00606142
4234.69,13.9587,0.00612894
4255.1,14.0539,0.00618687
4275.51,14.1337,0.00615724
4295.92,14.2362,0.00619587
4316.33,14.3349,0.00630959
4336.73,14.4311,0.0063751
4357.14,14.5236,0.00638437
4377.55,14.6168,0.00638456
4397.96,14.7215,0.00643924
4418.37,14.8026,0.0064986
4438.78,14.904,0.00651766
4459.18,14.9946,0.00657734
4479.59,15.0966,0.00665574
4500.0,15.187,0.00668402
4530.61,15.3346,0.0067747
4561.22,15.4851,0.00692144
4591.84,15.6155,0.00694461
4622.45,15.7748,0.00700391
4653.06,15.9073,0.00697118
4683.67,16.0542,0.00712864
4714.29,16.1841,0.0071965
4744.9,16.3373,0.00719457
4775.51,16.491,0.00737793
4806.12,16.6392,0.00740749
4836.73,16.7765,0.00746602
4867.35,16.9277,0.00757873
4897.96,17.0616,0.00759401
4928.57,17.2229,0.00771597
4959.18,17.3591,0.00772742
4989.8,17.5235,0.00792842
5020.41,17.6712,0.0078953
5051.02,17.8183,0.00796985
5081.63,17.9495,0.00800789
5112.24,18.1164,0.00811535
5142.86,18.2625,0.00820822
5173.47,18.4144,0.00822616
5204.08,18.5601,0.00838907
5234.69,18.7117,0.00850157
5265.31,18.8621,0.00849316
5295.92,19.0237,0.00870885
5326.53,19.161,0.00860354
5357.14,19.3117,0.00879469
5387.76,19.4445,0.00876174
5418.37,19.6064,0.00884674
5448.98,19.7619,0.00896374
5479.59,19.9189,0.00909912
5510.2,20.0494,0.00904878
5540.82,20.2197,0.00918516
5571.43,20.3707,0.00935599
5602.04,20.5345,0.00936164
5632.65,20.6726,0.0094263
5663.27,20.8304,0.00952152
5693.88,20.9697,0.0095157
5724.49,21.1172,0.00962063
5755.1,21.2937,0.00979441
5785.71,21.429,0.00975281
5816.33,21.5804,0.00982508
5846.94,21.7433,0.00990033
5877.55,21.9104,0.0101102
5908.16,22.0573,0.0101177
5938.78,22.2237,0.0101455
5969.39,22.3824,0.010406
6000.0,22.5173,0.010271
6040.82,22.7548,0.0105255
6081.63,22.9276,0.0105155
6122.45,23.1517,0.0106188
6163.27,23.3688,0.010864
6204.08,23.5616,0.0109066
6244.9,23.7709,0.010884
6285.71,23.9975,0.0110818
6326.53,24.2065,0.0111586
6367.35,24.4161,0.0112405
6408.16,24.6334,0.0113839
6448.98,24.825,0.0114454
6489.8,25.0529,0.011678
6530.61,25.267,0.0118093
6571.43,25.4703,0.0118095
6612.24,25.6988,0.0119591
6653.06,25.8957,0.0121298
6693.88,26.1025,0.0122731
6734.69,26.3551,0.0124615
6775.51,26.5305,0.012393
6816.33,26.7591,0.0125429
6857.14,26.9817,0.0126029
6897.96,27.2077,0.0127456
6938.78,27.3814,0.0128497
6979.59,27.6234,0.012974
7020.41,27.844,0.013287
7061.22,28.0545,0.0130208
7102.04,28.2827,0.0132511
7142.86,28.4866,0.0134105
7183.67,28.701,0.0135409
7224.49,28.9408,0.0134968
7265.31,29.1654,0.0137192
7306.12,29.3931,0.0139616
7346.94,29.5942,0.0139861
7387.76,29.8005,0.0140611
7428.57,30.03,0.0142102
7469.39,30.253,0.0142576
7510.2,30.4997,0.0145144
7551.02,30.6978,0.01464
7591.84,30.9091,0.0145846
7632.65,31.1513,0.0148605
7673.47,31.3552,0.01491
7714.29,31.5719,0.0149152
7755.1,31.8163,0.0150144
7795.92,32.0279,0.0151275
7836.73,32.2478,0.015538
7877.55,32.48,0.015416
7918.37,32.7436,0.0156634
7959.18,32.9574,0.0159908
8000.0,33.1476,0.015737
8040.82,33.3839,0.016135
8081.63,33.5818,0.0160967
8122.45,33.836,0.0162041
8163.27,34.0676,0.016236
8204.08,34.2506,0.0163341
8244.9,34.4951,0.016546
8285.71,34.7171,0.0165338
8326.53,34.9656,0.0169896
8367.35,35.1561,0.0168284
8408.16,35.3873,0.0168819
8448.98,35.6363,0.0169184
8489.8,35.8822,0.0172667
8530.61,36.087,0.0175044
8571.43,36.3177,0.0176396
8612.24,36.5506,0.0177306
8653.06,36.7846,0.0177226
8693.88,37.0185,0.0181144
8734.69,37.3007,0.0184117
8775.51,37.4609,0.0183365
8816.33,37.7199,0.0183007
8857.14,37.9448,0.0183568
8897.96,38.1415,0.0183386
8938.78,38.3843,0.0185476
8979.59,38.6507,0.0189042
9020.41,38.8664,0.0190339
9061.22,39.0881,0.0190918
9102.04,39.2822,0.0191118
9142.86,39.5746,0.0194734
9183.67,39.8159,0.0193313
9224.49,40.0154,0.019363
9265.31,40.2368,0.0195649
9306.12,40.4661,0.019581
9346.94,40.7494,0.02001
9387.76,40.979,0.0201907
9428.57,41.1783,0.0202442
9469.39,41.3909,0.0202764
9510.2,41.6408,0.0206645
9551.02,41.8624,0.0207035
9591.84,42.1469,0.0207625
9632.65,42.3983,0.0206752
9673.47,42.6227,0.0209585
9714.29,42.802,0.0208454
9755.1,43.064,0.021238
9795.92,43.2843,0.0213734
9836.73,43.5309,0.0214841
9877.55,43.8204,0.021792
9918.37,44.0109,0.0214993
9959.18,44.2516,0.0216745
10000.0,44.5191,0.0220554
