0.01,0.0,0.0
0.02,0.0,0.0
0.03,0.0,0.0
0.04,0.0,0.0
0.05,0.0,0.0
0.06,0.0,0.0
0.07,0.0,0.0
0.08,0.0,0.0
0.09,0.0,0.0
0.1,0.0,0.0
0.111111,0.0,0.0
0.122222,0.0,0.0
0.133333,0.0,0.0
0.144444,0.0,0.0
0.155556,0.0,0.0
0.166667,0.0,0.0
0.177778,0.0,0.0
0.188889,0.0,0.0
0.2,0.0,0.0
0.211111,0.0,0.0
0.222222,4.25872e-14,3.56257e-17
0.233333,2.0473e-12,1.63649e-15
0.244444,1.78396e-11,1.36217e-14
0.255556,7.85699e-11,5.76658e-14
0.266667,2.40829e-10,1.70512e-13
0.277778,5.88925e-10,4.03093e-13
0.288889,1.23527e-09,8.18384e-13
0.3,2.32269e-09,1.49196e-12
0.311111,4.01573e-09,2.50685e-12
0.322222,6.52174e-09,3.95761e-12
0.333333,1.00629e-08,5.94407e-12
0.344444,1.48268e-08,8.53654e-12
0.355556,2.11556e-08,1.18791e-11
0.366667,2.92676e-08,1.6057e-11
0.377778,3.94821e-08,2.11865e-11
0.388889,5.20804e-08,2.73207e-11
0.4,6.7467e-08,3.4688e-11
0.411111,8.58428e-08,4.32973e-11
0.422222,1.07553e-07,5.32675e-11
0.433333,1.33132e-07,6.4762e-11
0.444444,1.62674e-07,7.77118e-11
0.455556,1.96623e-07,9.24126e-11
0.466667,2.35303e-07,1.08839e-10
0.477778,2.7938e-07,1.27227e-10
0.488889,3.2844e-07,1.47432e-10
0.5,3.839e-07,1.70037e-10
0.511111,4.45352e-07,1.94566e-10
0.522222,5.13039e-07,2.21197e-10
0.533333,5.88021e-07,2.50454e-10
0.544444,6.69919e-07,2.81834e-10
0.555556,7.58995e-07,3.15565e-10
0.566667,8.57218e-07,3.52449e-10
0.577778,9.62787e-07,3.91465e-10
0.588889,1.07641e-06,4.33165e-10
0.6,1.19889e-06,4.7758e-10
0.611111,1.33224e-06,5.25753e-10
0.622222,1.47235e-06,5.75336e-10
0.633333,1.62482e-06,6.29153e-10
0.644444,1.78514e-06,6.84769e-10
0.655556,1.95846e-06,7.45113e-10
0.666667,2.14029e-06,8.06684e-10
0.677778,2.33185e-06,8.72131e-10
0.688889,2.53742e-06,9.41638e-10
0.7,2.75431e-06,1.01398e-09
0.711111,2.98026e-06,1.08893e-09
0.722222,3.21933e-06,1.16788e-09
0.733333,3.47301e-06,1.25109e-09
0.744444,3.7343e-06,1.33643e-09
0.755556,4.01474e-06,1.42635e-09
0.766667,4.30245e-06,1.51936e-09
0.777778,4.60382e-06,1.61561e-09
0.788889,4.91911e-06,1.7146e-09
0.8,5.252e-06,1.82035e-09
0.811111,5.59571e-06,1.92722e-09
0.822222,5.95143e-06,2.03758e-09
0.833333,6.32168e-06,2.15342e-09
0.844444,6.70792e-06,2.27166e-09
0.855556,7.11066e-06,2.3959e-09
0.866667,7.52364e-06,2.52192e-09
0.877778,7.95278e-06,2.65149e-09
0.888889,8.40165e-06,2.78757e-09
0.9,8.85359e-06,2.92285e-09
0.911111,9.33371e-06,3.06679e-09
0.922222,9.82609e-06,3.21276e-09
0.933333,1.03347e-05,3.36472e-09
0.944444,1.08474e-05,3.51643e-09
0.955556,1.13946e-05,3.67785e-09
0.966667,1.19404e-05,3.83539e-09
0.977778,1.25179e-05,4.00593e-09
0.988889,1.30994e-05,4.17618e-09
1.0,1.37068e-05,4.35062e-09
1.08163,1.8647e-05,5.76274e-09
1.16327,2.45308e-05,7.40442e-09
1.2449,3.13903e-05,9.28065e-09
1.32653,3.92443e-05,1.13975e-08
1.40816,4.80855e-05,1.37483e-08
1.4898,5.79529e-05,1.6335e-08
1.57143,6.89589e-05,1.91968e-08
1.65306,8.09175e-05,2.22719e-08
1.73469,9.39826e-05,2.56046e-08
1.81633,0.000108054,2.91676e-08
1.89796,0.000123196,3.29854e-08
1.97959,0.00013942,3.70443e-08
2.06122,0.000156615,4.13237e-08
2.14286,0.000174952,4.58817e-08
2.22449,0.000194288,5.06576e-08
2.30612,0.000214743,5.56803e-08
2.38776,0.000236016,6.09336e-08
2.46939,0.00025845,6.64017e-08
2.55102,0.000281967,7.21669e-08
2.63265,0.000306322,7.81092e-08
2.71429,0.000331777,8.42769e-08
2.79592,0.000358061,9.06931e-08
2.87755,0.000385437,9.73391e-08
2.95918,0.000413916,1.04253e-07
3.04082,0.000443164,1.1135e-07
3.12245,0.000473384,1.18593e-07
3.20408,0.000504628,1.26226e-07
3.28571,0.00053641,1.33917e-07
3.36735,0.000569741,1.41935e-07
3.44898,0.000603843,1.50194e-07
3.53061,0.000638469,1.58529e-07
3.61224,0.000674467,1.67304e-07
3.69388,0.000711081,1.76169e-07
3.77551,0.000748445,1.85259e-07
3.85714,0.000786805,1.9445e-07
3.93878,0.000826112,2.03944e-07
4.02041,0.000866006,2.13653e-07
4.10204,0.000906602,2.23409e-07
4.18367,0.000948682,2.33575e-07
4.26531,0.000991347,2.43913e-07
4.34694,0.00103484,2.5451e-07
4.42857,0.00107869,2.6514e-07
4.5102,0.00112341,2.75914e-07
4.59184,0.0011698,2.8728e-07
4.67347,0.00121604,2.98446e-07
4.7551,0.0012633,3.10064e-07
4.83673,0.00131196,3.21868e-07
4.91837,0.0013603,3.33649e-07
5.0,0.00141041,3.4578e-07
5.10204,0.00147345,3.61239e-07
5.20408,0.00153777,3.76834e-07
5.30612,0.00160226,3.92791e-07
5.40816,0.00166946,4.09071e-07
5.5102,0.00173698,4.25594e-07
5.61224,0.00180561,4.42315e-07
5.71429,0.00187553,4.59526e-07
5.81633,0.00194671,4.76873e-07
5.91837,0.00201822,4.94738e-07
6.02041,0.00209189,5.12825e-07
6.12245,0.00216558,5.30872e-07
6.22449,0.00224225,5.498e-07
6.32653,0.00231689,5.68268e-07
6.42857,0.00239482,5.87454e-07
6.53061,0.00247294,6.06857e-07
6.63265,0.00255107,6.26233e-07
6.73469,0.00263231,6.46469e-07
6.83673,0.00271365,6.66691e-07
6.93878,0.00279616,6.8718e-07
7.04082,0.00287904,7.08008e-07
7.14286,0.00296255,7.28389e-07
7.2449,0.00304711,7.49858e-07
7.34694,0.0031326,7.71037e-07
7.44898,0.00321905,7.9273e-07
7.55102,0.00330773,8.14833e-07
7.65306,0.00339668,8.3719e-07
7.7551,0.00348581,8.59783e-07
7.85714,0.00357579,8.82246e-07
7.95918,0.0036666,9.05006e-07
8.06122,0.00376072,9.28605e-07
8.16327,0.00385144,9.5166e-07
8.26531,0.00394688,9.7585e-07
8.36735,0.00404212,9.99829e-07
8.46939,0.004138,1.02417e-06
8.57143,0.00423405,1.04852e-06
8.67347,0.00433107,1.07303e-06
8.77551,0.00442984,1.09814e-06
8.87755,0.00452688,1.12261e-06
8.97959,0.00462815,1.1487e-06
9.08163,0.0047273,1.17388e-06
9.18367,0.00482641,1.19926e-06
9.28571,0.00493009,1.22559e-06
9.38776,0.00503243,1.25158e-06
9.4898,0.00513549,1.27838e-06
9.59184,0.00523998,1.30482e-06
9.69388,0.00534451,1.33178e-06
9.79592,0.00545098,1.35922e-06
9.89796,0.00555878,1.3866e-06
10.0,0.00566632,1.41475e-06
10.2041,0.00588235,1.47009e-06
10.4082,0.00610316,1.52707e-06
10.6122,0.00632546,1.58508e-06
10.8163,0.00654958,1.64318e-06
11.0204,0.00677876,1.7019e-06
11.2245,0.00701236,1.76292e-06
11.4286,0.00724128,1.82371e-06
11.6327,0.00747778,1.88472e-06
11.8367,0.00771932,1.94874e-06
12.0408,0.00795578,2.01053e-06
12.2449,0.00820652,2.07614e-06
12.449,0.00845075,2.14081e-06
12.6531,0.0086957,2.20547e-06
12.8571,0.00894839,2.27281e-06
13.0612,0.00920226,2.33962e-06
13.2653,0.00946391,2.40897e-06
13.4694,0.00971558,2.4762e-06
13.6735,0.00998156,2.54631e-06
13.8776,0.0102462,2.61908e-06
14.0816,0.0105089,2.68768e-06
14.2857,0.0107788,2.76036e-06
14.4898,0.0110477,2.83248e-06
14.6939,0.0113144,2.90465e-06
14.898,0.0115888,2.97865e-06
15.102,0.0118787,3.0564e-06
15.3061,0.0121526,3.1308e-06
15.5102,0.0124284,3.20559e-06
15.7143,0.0127195,3.28428e-06
15.9184,0.01299,3.35679e-06
16.1224,0.0132864,3.43842e-06
16.3265,0.0135735,3.51725e-06
16.5306,0.0138576,3.59417e-06
16.7347,0.0141553,3.67506e-06
16.9388,0.0144485,3.7557e-06
17.1429,0.0147518,3.83918e-06
17.3469,0.0150469,3.91966e-06
17.551,0.0153493,4.0033e-06
17.7551,0.0156509,4.0879e-06
17.9592,0.0159583,4.17283e-06
18.1633,0.0162624,4.25639e-06
18.3673,0.0165683,4.34028e-06
18.5714,0.0168841,4.42853e-06
18.7755,0.0171909,4.51421e-06
18.9796,0.017499,4.59835e-06
19.1837,0.0178187,4.6883e-06
19.3878,0.0181454,4.77907e-06
19.5918,0.0184498,4.86486e-06
19.7959,0.0187698,4.95512e-06
20.0,0.019084,5.04209e-06
20.4082,0.0197446,5.22799e-06
20.8163,0.0203932,5.40962e-06
21.2245,0.0210592,5.59672e-06
21.6327,0.0217255,5.78452e-06
22.0408,0.0224074,5.97902e-06
22.449,0.0230846,6.17222e-06
22.8571,0.0237742,6.36935e-06
23.2653,0.0244603,6.56455e-06
23.6735,0.02516,6.7639e-06
24.0816,0.0258538,6.96505e-06
24.4898,0.0265741,7.17118e-06
24.898,0.0272929,7.37922e-06
25.3061,0.0280107,7.58675e-06
25.7143,0.0287329,7.79624e-06
26.1224,0.029461,8.00766e-06
26.5306,0.0301906,8.22019e-06
26.9388,0.0309402,8.43915e-06
27.3469,0.0316803,8.65556e-06
27.7551,0.0324424,8.8764e-06
28.1633,0.0332091,9.10456e-06
28.5714,0.0339631,9.32013e-06
28.9796,0.034721,9.54911e-06
29.3878,0.0354801,9.77308e-06
29.7959,0.0362987,1.00125e-05
30.2041,0.0370673,1.02422e-05
30.6122,0.0378583,1.0478e-05
31.0204,0.0386188,1.07044e-05
31.4286,0.0394264,1.09481e-05
31.8367,0.0402345,1.11885e-05
32.2449,0.0410396,1.14282e-05
32.6531,0.0418546,1.16719e-05
33.0612,0.0426535,1.19107e-05
33.4694,0.0434521,1.21548e-05
33.8776,0.0442983,1.24068e-05
34.2857,0.0451185,1.2654e-05
34.6939,0.0459318,1.28992e-05
35.102,0.0467962,1.31608e-05
35.5102,0.0476359,1.34101e-05
35.9184,0.0484675,1.3671e-05
36.3265,0.0493134,1.39288e-05
36.7347,0.0501669,1.4186e-05
37.1429,0.0510168,1.44422e-05
37.551,0.0518891,1.47102e-05
37.9592,0.0527127,1.49625e-05
38.3673,0.0535951,1.52396e-05
38.7755,0.0544618,1.55086e-05
39.1837,0.0553188,1.57643e-05
39.5918,0.0562094,1.60442e-05
40.0,0.0570764,1.63103e-05
40.4082,0.0579575,1.65765e-05
40.8163,0.058882,1.68653e-05
41.2245,0.0597449,1.71239e-05
41.6327,0.0606339,1.74158e-05
42.0408,0.0615301,1.76931e-05
42.449,0.062448,1.79736e-05
42.8571,0.063373,1.82714e-05
43.2653,0.0642351,1.85376e-05
43.6735,0.0651713,1.88267e-05
44.0816,0.066061,1.90991e-05
44.4898,0.0670355,1.94049e-05
44.898,0.0678873,1.96845e-05
45.3061,0.0688327,1.99725e-05
45.7143,0.0697323,2.02642e-05
46.1224,0.0706869,2.0554e-05
46.5306,0.0716159,2.08619e-05
46.9388,0.0725461,2.11402e-05
47.3469,0.0735065,2.14487e-05
47.7551,0.0744516,2.17472e-05
48.1633,0.0753925,2.20412e-05
48.5714,0.0763655,2.23558e-05
48.9796,0.0772801,2.26426e-05
49.3878,0.0782327,2.29511e-05
49.7959,0.0791538,2.32409e-05
50.2041,0.0801587,2.35696e-05
50.6122,0.0811017,2.38774e-05
51.0204,0.0821069,2.41904e-05
51.4286,0.0830678,2.44933e-05
51.8367,0.0840397,2.48125e-05
52.2449,0.084986,2.5111e-05
52.6531,0.085989,2.54298e-05
53.0612,0.0869119,2.57374e-05
53.4694,0.0879358,2.60498e-05
53.8776,0.0889586,2.63992e-05
54.2857,0.0899552,2.66976e-05
54.6939,0.0908674,2.7005e-05
55.102,0.0918842,2.73424e-05
55.5102,0.092917,2.76807e-05
55.9184,0.0939101,2.80072e-05
56.3265,0.0948971,2.83188e-05
56.7347,0.0958737,2.86342e-05
57.1429,0.0968992,2.89705e-05
57.551,0.0978678,2.92916e-05
57.9592,0.0989577,2.96408e-05
58.3673,0.0999268,2.99488e-05
58.7755,0.100976,3.03008e-05
59.1837,0.101938,3.06217e-05
59.5918,0.102938,3.09331e-05
60.0,0.103979,3.12889e-05
60.4082,0.105016,3.1621e-05
60.8163,0.106059,3.19608e-05
61.2245,0.107076,3.22995e-05
61.6327,0.108102,3.26239e-05
62.0408,0.109115,3.29608e-05
62.449,0.110196,3.33237e-05
62.8571,0.111275,3.36826e-05
63.2653,0.112357,3.4043e-05
63.6735,0.113343,3.43617e-05
64.0816,0.114381,3.47175e-05
64.4898,0.11544,3.50462e-05
64.898,0.11648,3.53981e-05
65.3061,0.117553,3.57639e-05
65.7143,0.118596,3.60989e-05
66.1224,0.119642,3.64461e-05
66.5306,0.120753,3.681e-05
66.9388,0.121783,3.71817e-05
67.3469,0.122877,3.7522e-05
67.7551,0.123852,3.7858e-05
68.1633,0.124968,3.82237e-05
68.5714,0.126043,3.85871e-05
68.9796,0.127069,3.89274e-05
69.3878,0.128241,3.92868e-05
69.7959,0.129216,3.96641e-05
70.2041,0.130312,4.00309e-05
70.6122,0.131406,4.03702e-05
71.0204,0.132467,4.07466e-05
71.4286,0.13363,4.11358e-05
71.8367,0.134767,4.15159e-05
72.2449,0.135752,4.18502e-05
72.6531,0.136872,4.22272e-05
73.0612,0.137926,4.2567e-05
73.4694,0.139005,4.29638e-05
73.8776,0.140138,4.33353e-05
74.2857,0.141283,4.37066e-05
74.6939,0.142379,4.41143e-05
75.102,0.143481,4.4468e-05
75.5102,0.144584,4.48037e-05
75.9184,0.145693,4.52199e-05
76.3265,0.146864,4.55998e-05
76.7347,0.147904,4.59519e-05
77.1429,0.149058,4.63577e-05
77.551,0.150081,4.67045e-05
77.9592,0.151252,4.70879e-05
78.3673,0.152392,4.74855e-05
78.7755,0.153466,4.78519e-05
79.1837,0.154733,4.82605e-05
79.5918,0.155668,4.86261e-05
80.0,0.156976,4.90296e-05
80.4082,0.158036,4.94189e-05
80.8163,0.159137,4.97999e-05
81.2245,0.160287,5.01802e-05
81.6327,0.16139,5.05763e-05
82.0408,0.162656,5.09806e-05
82.449,0.163734,5.1366e-05
82.8571,0.164761,5.17252e-05
83.2653,0.165968,5.21424e-05
83.6735,0.167034,5.24963e-05
84.0816,0.168285,5.29341e-05
84.4898,0.169399,5.33178e-05
84.898,0.170599,5.37134e-05
85.3061,0.171682,5.41146e-05
85.7143,0.172929,5.45482e-05
86.1224,0.173984,5.49097e-05
86.5306,0.175115,5.53042e-05
86.9388,0.176264,5.56687e-05
87.3469,0.177437,5.61002e-05
87.7551,0.178558,5.64616e-05
88.1633,0.179737,5.69126e-05
88.5714,0.18098,5.7309e-05
88.9796,0.182109,5.77088e-05
89.3878,0.183379,5.81752e-05
89.7959,0.184419,5.85438e-05
90.2041,0.185652,5.89576e-05
90.6122,0.186817,5.93431e-05
91.0204,0.187989,5.97696e-05
91.4286,0.189137,6.01576e-05
91.8367,0.190278,6.05389e-05
92.2449,0.191496,6.10019e-05
92.6531,0.19285,6.14441e-05
93.0612,0.193927,6.1845e-05
93.4694,0.195164,6.23197e-05
93.8776,0.19626,6.26673e-05
94.2857,0.197379,6.308e-05
94.6939,0.198641,6.34798e-05
95.102,0.199825,6.38921e-05
95.5102,0.200994,6.42526e-05
95.9184,0.202307,6.47693e-05
96.3265,0.203377,6.516e-05
96.7347,0.204661,6.56161e-05
97.1429,0.205826,6.60032e-05
97.551,0.207104,6.64844e-05
97.9592,0.208261,6.6833e-05
98.3673,0.209542,6.73325e-05
98.7755,0.210559,6.76758e-05
99.1837,0.211772,6.81291e-05
99.5918,0.213114,6.85689e-05
100.0,0.214225,6.8969e-05
100.816,0.216633,6.9782e-05
101.633,0.219062,7.06502e-05
102.449,0.221483,7.15288e-05
103.265,0.223915,7.24231e-05
104.082,0.22636,7.32436e-05
104.898,0.228832,7.41452e-05
105.714,0.231433,7.51041e-05
106.531,0.233883,7.59785e-05
107.347,0.236276,7.67941e-05
108.163,0.238773,7.77154e-05
108.98,0.241147,7.85132e-05
109.796,0.243804,7.9562e-05
110.612,0.246053,8.03503e-05
111.429,0.248775,8.13027e-05
112.245,0.251155,8.2171e-05
113.061,0.253652,8.30789e-05
113.878,0.256126,8.38994e-05
114.694,0.258611,8.48183e-05
115.51,0.261273,8.58303e-05
116.327,0.263721,8.66868e-05
117.143,0.266231,8.7561e-05
117.959,0.268793,8.84991e-05
118.776,0.271196,8.93969e-05
119.592,0.273868,9.0364e-05
120.408,0.276262,9.11712e-05
121.224,0.278921,9.22035e-05
122.041,0.281709,9.31997e-05
122.857,0.28429,9.4085e-05
123.673,0.286763,9.50826e-05
124.49,0.289219,9.59557e-05
125.306,0.291877,9.68713e-05
126.122,0.294345,9.77812e-05
126.939,0.296989,9.87903e-05
127.755,0.299548,9.97313e-05
128.571,0.302253,0.000100727
129.388,0.304762,0.000101619
130.204,0.307531,0.000102588
131.02,0.310077,0.000103581
131.837,0.312506,0.000104425
132.653,0.315424,0.000105462
133.469,0.318027,0.000106467
134.286,0.320521,0.000107414
135.102,0.323284,0.00010838
135.918,0.325721,0.00010928
136.735,0.328535,0.000110416
137.551,0.331209,0.000111342
138.367,0.333928,0.000112366
139.184,0.336382,0.000113295
140.0,0.339043,0.000114297
140.816,0.341734,0.000115239
141.633,0.344499,0.000116328
142.449,0.347112,0.000117165
143.265,0.349997,0.000118319
144.082,0.352257,0.000119095
144.898,0.355016,0.000120256
145.714,0.357682,0.000121254
146.531,0.360561,0.000122226
147.347,0.363194,0.000123282
148.163,0.366052,0.000124348
148.98,0.368721,0.000125338
149.796,0.371285,0.00012624
150.612,0.374188,0.000127414
151.429,0.376711,0.000128366
152.245,0.379603,0.000129392
153.061,0.382344,0.000130476
153.878,0.384977,0.000131404
154.694,0.387427,0.000132453
155.51,0.390474,0.000133477
156.327,0.393272,0.000134538
157.143,0.396005,0.000135551
157.959,0.39892,0.000136708
158.776,0.401384,0.000137719
159.592,0.404243,0.000138752
160.408,0.407012,0.0001398
161.224,0.409842,0.000140841
162.041,0.412436,0.000141871
162.857,0.415265,0.000142945
163.673,0.417987,0.000143944
164.49,0.420826,0.000145014
165.306,0.423645,0.000146098
166.122,0.426582,0.000147196
166.939,0.429332,0.000148211
167.755,0.431894,0.000149199
168.571,0.434681,0.000150127
169.388,0.437647,0.000151395
170.204,0.440593,0.000152579
171.02,0.443228,0.000153753
171.837,0.445905,0.000154447
172.653,0.448955,0.000155775
173.469,0.451338,0.000156625
174.286,0.454338,0.000157769
175.102,0.457077,0.000158794
175.918,0.460188,0.000160027
176.735,0.463286,0.000161217
177.551,0.465685,0.000162056
178.367,0.468469,0.000163249
179.184,0.471818,0.000164646
180.0,0.474322,0.000165478
180.816,0.47745,0.000166721
181.633,0.480113,0.000167555
182.449,0.482836,0.00016882
183.265,0.485702,0.000169863
184.082,0.48867,0.000170996
184.898,0.491556,0.000172131
185.714,0.494594,0.000173261
186.531,0.497161,0.000174306
187.347,0.499992,0.000175433
188.163,0.50275,0.000176469
188.98,0.506103,0.000177739
189.796,0.508753,0.000178899
190.612,0.511451,0.000179668
191.429,0.514984,0.000181285
192.245,0.517294,0.000182088
193.061,0.520529,0.000183377
193.878,0.523532,0.000184576
194.694,0.526051,0.000185298
195.51,0.528803,0.000186594
196.327,0.5319,0.000187822
197.143,0.535215,0.000189064
197.959,0.537676,0.000189999
198.776,0.540703,0.000191173
199.592,0.543739,0.000192454
200.408,0.546228,0.000193172
201.224,0.549336,0.000194496
202.041,0.552182,0.000195782
202.857,0.555475,0.000196934
203.673,0.558416,0.000198248
204.49,0.561381,0.000199384
205.306,0.563942,0.000200266
206.122,0.566961,0.000201301
206.939,0.57019,0.000202605
207.755,0.573202,0.000203962
208.571,0.57619,0.000205156
209.388,0.578957,0.000206216
210.204,0.582045,0.00020721
211.02,0.584811,0.000208432
211.837,0.587677,0.000209499
212.653,0.590803,0.000210695
213.469,0.593415,0.000211817
214.286,0.596785,0.000213344
215.102,0.599862,0.000214426
215.918,0.602587,0.00021544
216.735,0.60574,0.000216678
217.551,0.608777,0.000217875
218.367,0.611732,0.000219143
219.184,0.614853,0.000220317
220.0,0.6176,0.000221529
221.633,0.62347,0.000223704
223.265,0.629802,0.000226462
224.898,0.635617,0.000228658
226.531,0.641947,0.000231353
228.163,0.647969,0.000233612
229.796,0.65368,0.000235625
231.429,0.660027,0.000238343
233.061,0.66583,0.000240663
234.694,0.672282,0.000243532
236.327,0.678098,0.000245706
237.959,0.684004,0.00024803
239.592,0.690225,0.000250224
241.224,0.696315,0.000252905
242.857,0.702424,0.000255329
244.49,0.708497,0.000257702
246.122,0.714734,0.000260291
247.755,0.72139,0.000262878
249.388,0.727162,0.000264945
251.02,0.733469,0.000267799
252.653,0.739339,0.000270249
254.286,0.745797,0.000272926
255.918,0.752079,0.000275463
257.551,0.758837,0.000278142
259.184,0.764406,0.000280107
260.816,0.770453,0.000282465
262.449,0.777108,0.000285447
264.082,0.783329,0.000287897
265.714,0.789726,0.000290447
267.347,0.795728,0.000293131
268.98,0.801656,0.000295534
270.612,0.808689,0.000298289
272.245,0.814525,0.000300747
273.878,0.820379,0.000303039
275.51,0.826259,0.000305036
277.143,0.8327,0.000307789
278.776,0.839792,0.000310881
280.408,0.845954,0.000313092
282.041,0.852459,0.000316108
283.673,0.858316,0.000318666
285.306,0.865013,0.000321514
286.939,0.872265,0.000324336
288.571,0.877904,0.00032656
290.204,0.884477,0.000329198
291.837,0.890671,0.000331872
293.469,0.897135,0.000334121
295.102,0.903361,0.000337058
296.735,0.909998,0.000339956
298.367,0.916214,0.00034239
300.0,0.922875,0.000345364
301.633,0.929219,0.000347756
303.265,0.936264,0.0003508
304.898,0.942286,0.000353769
306.531,0.949262,0.000356146
308.163,0.955375,0.000358408
309.796,0.96102,0.000360835
311.429,0.967883,0.000363909
313.061,0.974979,0.000366729
314.694,0.981158,0.000369188
316.327,0.988308,0.000372897
317.959,0.994099,0.000374539
319.592,1.00076,0.000377418
321.224,1.00676,0.000379891
322.857,1.01294,0.000382681
324.49,1.02064,0.000385619
326.122,1.02672,0.000388102
327.755,1.03306,0.000391134
329.388,1.04047,0.000394058
331.02,1.04751,0.000397285
332.653,1.05346,0.000399686
334.286,1.05974,0.000402273
335.918,1.06718,0.000405456
337.551,1.07324,0.000408159
339.184,1.07945,0.000410268
340.816,1.08659,0.000413942
342.449,1.09282,0.000415749
344.082,1.09963,0.000418915
345.714,1.10614,0.000421731
347.347,1.11334,0.000425244
348.98,1.12032,0.00042812
350.612,1.12696,0.000430653
352.245,1.13254,0.000432653
353.878,1.1395,0.000435642
355.51,1.14672,0.000438925
357.143,1.15331,0.000441426
358.776,1.16063,0.000444802
360.408,1.16708,0.000447401
362.041,1.17286,0.000450569
363.673,1.18023,0.000452743
365.306,1.18709,0.000456235
366.939,1.19344,0.000458758
368.571,1.2008,0.000462002
370.204,1.20765,0.00046513
371.837,1.21304,0.000466947
373.469,1.2201,0.000470425
375.102,1.22755,0.000473424
376.735,1.23413,0.000475973
378.367,1.24031,0.00047931
380.0,1.24779,0.00048222
382.449,1.258,0.000486178
384.898,1.26798,0.000489836
387.347,1.27768,0.000494215
389.796,1.2883,0.000499394
392.245,1.29891,0.000503926
394.694,1.30913,0.000508198
397.143,1.31912,0.000512657
399.592,1.32887,0.000516487
402.041,1.34012,0.000521321
404.49,1.34991,0.000526277
406.939,1.35954,0.000529523
409.388,1.37182,0.000535293
411.837,1.38057,0.000539594
414.286,1.3922,0.000543497
416.735,1.40301,0.000549122
419.184,1.4122,0.000552228
421.633,1.42301,0.000557697
424.082,1.43327,0.00056174
426.531,1.44333,0.000566377
428.98,1.45404,0.000570932
431.429,1.4648,0.000576264
433.878,1.47483,0.000579708
436.327,1.48577,0.000585529
438.776,1.49605,0.000588723
441.224,1.50791,0.000594177
443.673,1.51583,0.000597272
446.122,1.52687,0.000603413
448.571,1.53729,0.000607173
451.02,1.54815,0.000611999
453.469,1.56006,0.000617495
455.918,1.56952,0.000621751
458.367,1.57994,0.000624735
460.816,1.59127,0.000630901
463.265,1.59985,0.000634475
465.714,1.61192,0.000639375
468.163,1.62218,0.000643985
470.612,1.63331,0.00064891
473.061,1.64487,0.00065484
475.51,1.65475,0.000658979
477.959,1.66498,0.00066308
480.408,1.6776,0.000669628
482.857,1.68682,0.000672726
485.306,1.69713,0.000677077
487.755,1.70772,0.000682285
490.204,1.71908,0.000686834
492.653,1.72936,0.000690927
495.102,1.73962,0.000696177
497.551,1.75111,0.000701228
500.0,1.76251,0.000705522
502.449,1.77269,0.000710499
504.898,1.78443,0.000716523
507.347,1.7941,0.000720481
509.796,1.80439,0.000724604
512.245,1.81609,0.00072992
514.694,1.82772,0.000735612
517.143,1.83775,0.000739433
519.592,1.84852,0.000744606
522.041,1.85957,0.00074937
524.49,1.8712,0.000755713
526.939,1.88276,0.000761075
529.388,1.89346,0.000764454
531.837,1.90336,0.00076847
534.286,1.91459,0.000774288
536.735,1.92612,0.000779907
539.184,1.93662,0.000783949
541.633,1.94619,0.000787895
544.082,1.95829,0.00079388
546.531,1.96981,0.000799517
548.98,1.9789,0.000802407
551.429,1.99073,0.000808938
553.878,2.0022,0.000813547
556.327,2.01287,0.000818351
558.776,2.02503,0.000824262
561.224,2.03539,0.000829148
563.673,2.04593,0.00083361
566.122,2.05668,0.000838431
568.571,2.07007,0.000844699
571.02,2.07838,0.000848472
573.469,2.08988,0.000852659
575.918,2.10119,0.000858386
578.367,2.11272,0.000863954
580.816,2.12329,0.000867485
583.265,2.13388,0.000872162
585.714,2.14558,0.000877989
588.163,2.15679,0.000883681
590.612,2.16979,0.000888685
593.061,2.18004,0.00089416
595.51,2.19177,0.000899299
597.959,2.20248,0.000905897
600.408,2.21233,0.000907486
602.857,2.22388,0.000913581
605.306,2.23706,0.000919803
607.755,2.24795,0.00092388
610.204,2.25624,0.000928575
612.653,2.26916,0.000933767
615.102,2.27766,0.000938435
617.551,2.29174,0.000944556
620.0,2.30231,0.000948329
622.449,2.31487,0.000955769
624.898,2.32622,0.000961092
627.347,2.33653,0.000965602
629.796,2.34782,0.000969809
632.245,2.35992,0.000976566
634.694,2.37226,0.000981708
637.143,2.38122,0.000985672
639.592,2.39435,0.000992435
642.041,2.40605,0.000996943
644.49,2.41578,0.000999742
646.939,2.42727,0.00100561
649.388,2.43926,0.001012
651.837,2.44844,0.00101561
654.286,2.46112,0.00102352
656.735,2.47408,0.00102762
659.184,2.48601,0.00103494
661.633,2.49618,0.00104071
664.082,2.50652,0.0010443
666.531,2.51924,0.00104897
668.98,2.52993,0.00105401
671.429,2.54249,0.00106111
673.878,2.55347,0.00106562
676.327,2.56412,0.00107008
678.776,2.5754,0.00107625
681.224,2.58576,0.00107735
683.673,2.5993,0.00108466
686.122,2.61084,0.00109092
688.571,2.62351,0.00109696
691.02,2.63367,0.00110106
693.469,2.64342,0.00110665
695.918,2.6559,0.00111307
698.367,2.66775,0.00111862
700.816,2.67904,0.00112308
703.265,2.68985,0.00112822
705.714,2.70132,0.0011334
708.163,2.7145,0.0011408
710.612,2.72624,0.0011454
713.061,2.73794,0.00115265
715.51,2.74761,0.00115506
717.959,2.76,0.00116095
720.408,2.77264,0.00116702
722.857,2.78136,0.00116905
725.306,2.79463,0.00117671
727.755,2.80596,0.00118259
730.204,2.8189,0.00118788
732.653,2.82872,0.00119309
735.102,2.8404,0.00119787
737.551,2.85288,0.00120539
740.0,2.86548,0.00121008
743.265,2.87931,0.0012158
746.531,2.89659,0.0012229
749.796,2.91164,0.00123102
753.061,2.92565,0.00123985
756.327,2.94366,0.00124702
759.592,2.95807,0.00125428
762.857,2.97507,0.00126094
766.122,2.99111,0.00127127
769.388,3.00546,0.00127568
772.653,3.02045,0.00128323
775.918,3.0361,0.00129163
779.184,3.05303,0.00129997
782.449,3.06751,0.00130359
785.714,3.08445,0.00131122
788.98,3.09694,0.0013185
792.245,3.11639,0.00132639
795.51,3.13005,0.00133259
798.776,3.14778,0.00134177
802.041,3.16169,0.00135057
805.306,3.17868,0.00135896
808.571,3.19449,0.00136545
811.837,3.20587,0.00136578
815.102,3.22707,0.00138215
818.367,3.24069,0.00138537
821.633,3.25663,0.00139441
824.898,3.27183,0.00140122
828.163,3.28847,0.00140856
831.429,3.30707,0.00141846
834.694,3.32386,0.00142779
837.959,3.3365,0.00142973
841.224,3.35319,0.00143931
844.49,3.36756,0.00144584
847.755,3.3839,0.00145408
851.02,3.39964,0.00146113
854.286,3.4167,0.00146915
857.551,3.42956,0.00147431
860.816,3.44854,0.00148788
864.082,3.46442,0.00149396
867.347,3.47593,0.00149701
870.612,3.49409,0.00150628
873.878,3.51259,0.0015163
877.143,3.52848,0.00152672
880.408,3.54404,0.00152969
883.673,3.55821,0.00153676
886.939,3.57464,0.00154567
890.204,3.59301,0.00155342
893.469,3.60767,0.0015655
896.735,3.62521,0.00157198
900.0,3.63837,0.00157544
903.265,3.65523,0.00158012
906.531,3.67212,0.00159433
909.796,3.68931,0.00160087
913.061,3.70856,0.00161121
916.327,3.72566,0.00161875
919.592,3.7396,0.0016273
922.857,3.75142,0.0016306
926.122,3.77024,0.00164034
929.388,3.78571,0.00164794
932.653,3.80076,0.00165343
935.918,3.81847,0.00166204
939.184,3.83577,0.00167401
942.449,3.85022,0.00168041
945.714,3.86723,0.0016879
948.98,3.88264,0.00169449
952.245,3.89985,0.00170116
955.51,3.91396,0.00170702
958.776,3.93417,0.00171907
962.041,3.94701,0.00172535
965.306,3.96494,0.00173286
968.571,3.98103,0.00174129
971.837,3.99604,0.00174695
975.102,4.01456,0.00175834
978.367,4.02983,0.00176755
981.633,4.04672,0.00177267
984.898,4.061,0.00177857
988.163,4.07673,0.00178712
991.429,4.09539,0.00179877
994.694,4.11373,0.00180921
997.959,4.129,0.00181357
1001.22,4.14551,0.00182204
1004.49,4.16099,0.00182792
1007.76,4.17765,0.0018417
1011.02,4.19544,0.0018483
1014.29,4.21268,0.00185342
1017.55,4.22739,0.00185771
1020.82,4.24332,0.0018714
1024.08,4.26234,0.00187492
1027.35,4.27812,0.00188857
1030.61,4.29635,0.00189207
1033.88,4.3087,0.00189967
1037.14,4.32602,0.00190901
1040.41,4.34027,0.00191623
1043.67,4.36145,0.00192385
1046.94,4.37432,0.00192963
1050.2,4.39372,0.00194443
1053.47,4.40726,0.00194614
1056.73,4.42547,0.00195676
1060.0,4.44211,0.00196653
1064.9,4.46716,0.0019766
1069.8,4.49039,0.00198796
1074.69,4.51584,0.00200039
1079.59,4.54262,0.00201982
1084.49,4.56877,0.00202919
1089.39,4.59176,0.00203363
1094.29,4.61644,0.00205537
1099.18,4.64058,0.00206652
1104.08,4.66681,0.00207622
1108.98,4.6899,0.00208226
1113.88,4.71986,0.00210298
1118.78,4.74455,0.00212147
1123.67,4.76613,0.00212831
1128.57,4.795,0.00214353
1133.47,4.81695,0.00214725
1138.37,4.84299,0.00216435
1143.27,4.87087,0.0021751
1148.16,4.89096,0.00218495
1153.06,4.91918,0.00220301
1157.96,4.94376,0.00221517
1162.86,4.9671,0.00222591
1167.76,4.9944,0.00224064
1172.65,5.0204,0.00225359
1177.55,5.04531,0.0022647
1182.45,5.07015,0.00227379
1187.35,5.0967,0.00228843
1192.24,5.11833,0.00229862
1197.14,5.14161,0.0023101
1202.04,5.17334,0.0023305
1206.94,5.19521,0.00233589
1211.84,5.22212,0.00235301
1216.73,5.25129,0.00236796
1221.63,5.27739,0.0023816
1226.53,5.2996,0.00240006
1231.43,5.32695,0.00239796
1236.33,5.3562,0.00241765
1241.22,5.3765,0.00242852
1246.12,5.39771,0.00243468
1251.02,5.42522,0.00245157
1255.92,5.45402,0.00246543
1260.82,5.48024,0.00247783
1265.71,5.50533,0.00248904
1270.61,5.52894,0.00250391
1275.51,5.55528,0.00251742
1280.41,5.578,0.00252704
1285.31,5.60797,0.0025475
1290.2,5.63267,0.00255904
1295.1,5.65864,0.00257075
1300.0,5.6874,0.00259058
1304.9,5.71296,0.00259423
1309.8,5.73835,0.00261797
1314.69,5.76187,0.00263281
1319.59,5.78244,0.00263293
1324.49,5.81137,0.00264638
1329.39,5.84376,0.00266176
1334.29,5.87039,0.00268329
1339.18,5.891,0.00268782
1344.08,5.90933,0.00268888
1348.98,5.94558,0.0027151
1353.88,5.97169,0.00272821
1358.78,5.99688,0.00274498
1363.67,6.01996,0.00275562
1368.57,6.04812,0.00276632
1373.47,6.07091,0.00277584
1378.37,6.09709,0.00279078
1383.27,6.12479,0.00280124
1388.16,6.14986,0.00281621
1393.06,6.17593,0.00283151
1397.96,6.20246,0.00285014
1402.86,6.23111,0.00286145
1407.76,6.25611,0.00287833
1412.65,6.28262,0.00288594
1417.55,6.30197,0.0028937
1422.45,6.3319,0.00290231
1427.35,6.35902,0.00292284
1432.24,6.3846,0.00293865
1437.14,6.41239,0.00295103
1442.04,6.43375,0.00295895
1446.94,6.46474,0.00297577
1451.84,6.4931,0.00299504
1456.73,6.52024,0.00301247
1461.63,6.54542,0.00301912
1466.53,6.56428,0.00303127
1471.43,6.59563,0.00305027
1476.33,6.62471,0.0030658
1481.22,6.64427,0.00306416
1486.12,6.68046,0.00309522
1491.02,6.70001,0.00310344
1495.92,6.72924,0.0031147
1500.82,6.75821,0.00313463
1505.71,6.7832,0.00314553
1510.61,6.80706,0.00315958
1515.51,6.83873,0.00317074
1520.41,6.85482,0.0031789
1525.31,6.88328,0.00319496
1530.2,6.91335,0.00320349
1535.1,6.93798,0.00322717
1540.0,6.95986,0.00322891
1547.35,7.00485,0.00325043
1554.69,7.0462,0.00327821
1562.04,7.08816,0.00329539
1569.39,7.12203,0.00332529
1576.73,7.1641,0.0033351
1584.08,7.20601,0.00335601
1591.43,7.24241,0.00337737
1598.78,7.28662,0.0034023
1606.12,7.32233,0.00342117
1613.47,7.36582,0.00344314
1620.82,7.40172,0.00345238
1628.16,7.43907,0.00348171
1635.51,7.48129,0.0035076
1642.86,7.5251,0.00352387
1650.2,7.56726,0.00354586
1657.55,7.61035,0.00356869
1664.9,7.64384,0.00358245
1672.24,7.68005,0.00361095
1679.59,7.72707,0.00362456
1686.94,7.7677,0.00364713
1694.29,7.80514,0.00367412
1701.63,7.83941,0.00367749
1708.98,7.88673,0.00371971
1716.33,7.92414,0.00372685
1723.67,7.97373,0.00374242
1731.02,8.01287,0.0037822
1738.37,8.05061,0.00379579
1745.71,8.09597,0.0038328
1753.06,8.13382,0.00385126
1760.41,8.17327,0.00387045
1767.76,8.21462,0.00388779
1775.1,8.26324,0.00391332
1782.45,8.29152,0.00391946
1789.8,8.32751,0.00393434
1797.14,8.37566,0.0039692
1804.49,8.42484,0.00400567
1811.84,8.45486,0.0040109
1819.18,8.49749,0.00403061
1826.53,8.54516,0.00405971
1833.88,8.57859,0.0040785
1841.22,8.61995,0.00410636
1848.57,8.66598,0.00412078
1855.92,8.70106,0.00413775
1863.27,8.74343,0.00417247
1870.61,8.78178,0.00417922
1877.96,8.82523,0.00420243
1885.31,8.86408,0.00421911
1892.65,8.91823,0.0042625
1900.0,8.95028,0.00426143
1907.35,8.99618,0.00429718
1914.69,9.03029,0.00430914
1922.04,9.07453,0.00434688
1929.39,9.11437,0.00436609
1936.73,9.14982,0.00436458
1944.08,9.19085,0.00441433
1951.43,9.24362,0.00443106
1958.78,9.28206,0.00444571
1966.12,9.32059,0.00445936
1973.47,9.3578,0.00447327
1980.82,9.40174,0.00450827
1988.16,9.45289,0.00453205
1995.51,9.48443,0.00455304
2002.86,9.52445,0.00457172
2010.2,9.57616,0.00461037
2017.55,9.60914,0.00462904
2024.9,9.65783,0.00465006
2032.24,9.69817,0.00467991
2039.59,9.74923,0.00470686
2046.94,9.78269,0.00472379
2054.29,9.81594,0.00472989
2061.63,9.86098,0.00475653
2068.98,9.90507,0.00477733
2076.33,9.94232,0.00479898
2083.67,9.98855,0.0048336
2091.02,10.0293,0.00485002
2098.37,10.0802,0.00488637
2105.71,10.1097,0.00488336
2113.06,10.1486,0.0049057
2120.41,10.1916,0.00492181
2127.76,10.2335,0.00494934
2135.1,10.2718,0.0049748
2142.45,10.3292,0.00501414
2149.8,10.3592,0.00502924
2157.14,10.4065,0.00504839
2164.49,10.4506,0.00507742
2171.84,10.4954,0.00508686
2179.18,10.5431,0.00510875
2186.53,10.5726,0.00512677
2193.88,10.6228,0.00515583
2201.22,10.6574,0.00518987
2208.57,10.705,0.00520164
2215.92,10.7393,0.00522058
2223.27,10.7838,0.00526093
2230.61,10.8316,0.0052856
2237.96,10.8725,0.00529281
2245.31,10.9115,0.0053032
2252.65,10.9419,0.00530696
2260.0,10.988,0.00533914
2271.02,11.0643,0.00538606
2282.04,11.1262,0.00545089
2293.06,11.182,0.00544761
2304.08,11.2476,0.00548339
2315.1,11.3196,0.00553233
2326.12,11.3795,0.00559622
2337.14,11.4433,0.0056023
2348.16,11.4904,0.00563373
2359.18,11.5782,0.00569219
2370.2,11.6344,0.00572262
2381.22,11.6913,0.00574599
2392.24,11.754,0.00576436
2403.27,11.8239,0.00579839
2414.29,11.8808,0.00583589
2425.31,11.9571,0.00589831
2436.33,12.0201,0.00589818
2447.35,12.0772,0.00593091
2458.37,12.1406,0.00595992
2469.39,12.2082,0.00602821
2480.41,12.2726,0.00606927
2491.43,12.339,0.00608298
2502.45,12.4008,0.00610839
2513.47,12.4744,0.00616268
2524.49,12.5324,0.00620342
2535.51,12.5898,0.00620649
2546.53,12.6579,0.0062765
2557.55,12.7288,0.00629004
2568.57,12.7954,0.00633079
2579.59,12.847,0.00637831
2590.61,12.9091,0.00638368
2601.63,12.9828,0.00645269
2612.65,13.0415,0.00647073
2623.67,13.1168,0.00649829
2634.69,13.1643,0.00654288
2645.71,13.2455,0.0065789
2656.73,13.3154,0.00661998
2667.76,13.3671,0.00666002
2678.78,13.4483,0.00670177
2689.8,13.5015,0.00673726
2700.82,13.5549,0.00674634
2711.84,13.6313,0.00678234
2722.86,13.7107,0.00684563
2733.88,13.7655,0.00686741
2744.9,13.8323,0.00692963
2755.92,13.8805,0.00691615
2766.94,13.9665,0.00698072
2777.96,14.0319,0.00704251
2788.98,14.0883,0.00701961
2800.0,14.157,0.00709099
2814.29,14.2359,0.00714142
2828.57,14.3263,0.00716458
2842.86,14.4119,0.00721759
2857.14,14.502,0.00727225
2871.43,14.5799,0.00730603
2885.71,14.6668,0.00734795
2900.0,14.7487,0.00741223
2914.29,14.8256,0.00744449
2928.57,14.9127,0.00748132
2942.86,15.0091,0.00758301
2957.14,15.1038,0.00762131
2971.43,15.1731,0.00762032
2985.71,15.2676,0.00770123
3000.0,15.36,0.0077872
3014.29,15.4351,0.00782803
3028.57,15.5243,0.00784428
3042.86,15.6118,0.00789043
3057.14,15.7003,0.00797188
3071.43,15.7877,0.00799615
3085.71,15.8799,0.00805773
3100.0,15.9676,0.00811218
3114.29,16.035,0.00811496
3128.57,16.1345,0.00817122
3142.86,16.2126,0.00823518
3157.14,16.3004,0.00826699
3171.43,16.4,0.00833999
3185.71,16.4882,0.00841522
3200.0,16.5442,0.00838094
3214.29,16.638,0.00848075
3228.57,16.7246,0.00854099
3242.86,16.8013,0.00859267
3257.14,16.9137,0.00868399
3271.43,17.0201,0.00868247
3285.71,17.0754,0.00874576
3300.0,17.1703,0.0087759
3314.29,17.2523,0.00884909
3328.57,17.3495,0.00888586
3342.86,17.4287,0.00892579
3357.14,17.5178,0.0089568
3371.43,17.5963,0.00900849
3385.71,17.7055,0.00910292
3400.0,17.7767,0.00908765
3414.29,17.8589,0.00912882
3428.57,17.9541,0.00924123
3442.86,18.0254,0.00924979
3457.14,18.1403,0.00936636
3471.43,18.2186,0.00939875
3485.71,18.3029,0.00939023
3500.0,18.3765,0.00943384
3520.41,18.5043,0.00949189
3540.82,18.6498,0.00957287
3561.22,18.7857,0.0097529
3581.63,18.8936,0.0097397
3602.04,19.019,0.00979217
3622.45,19.1487,0.00991215
3642.86,19.2526,0.00996723
3663.27,19.3891,0.00998935
3683.67,19.5202,0.0101043
3704.08,19.6501,0.0101773
3724.49,19.7768,0.0101955
3744.9,19.9069,0.0103118
3765.31,20.0307,0.0103765
3785.71,20.1588,0.0104499
3806.12,20.3053,0.0105783
3826.53,20.3972,0.0105232
3846.94,20.5382,0.0106995
3867.35,20.6755,0.0107563
3887.76,20.7944,0.010809
3908.16,20.9213,0.0108312
3928.57,21.0391,0.0109652
3948.98,21.1705,0.0111257
3969.39,21.3084,0.0111647
3989.8,21.4394,0.0112052
4010.2,21.545,0.011253
4030.61,21.6707,0.0113109
4051.02,21.8106,0.0114027
4071.43,21.9231,0.0115014
4091.84,22.0767,0.0115994
4112.24,22.2029,0.0116245
4132.65,22.3316,0.0117156
4153.06,22.446,0.011748
4173.47,22.5912,0.0119474
4193.88,22.7018,0.0119006
4214.29,22.8351,0.0119654
4234.69,22.9756,0.0120869
4255.1,23.0988,0.0121304
4275.51,23.2382,0.0122546
4295.92,23.3599,0.0122752
4316.33,23.482,0.0123969
4336.73,23.6149,0.012429
4357.14,23.7465,0.0125305
4377.55,23.8606,0.0126306
4397.96,23.9963,0.0126534
4418.37,24.1342,0.0127717
4438.78,24.2694,0.012906
4459.18,24.3989,0.0129285
4479.59,24.5252,0.013001
4500.0,24.6597,0.0130616
4530.61,24.8665,0.0132059
4561.22,25.0353,0.0132511
4591.84,25.2424,0.0134469
4622.45,25.4442,0.0135316
4653.06,25.6187,0.0135911
4683.67,25.8503,0.0138431
4714.29,26.0143,0.0138242
4744.9,26.1895,0.0139519
4775.51,26.3997,0.0140634
4806.12,26.6062,0.0142624
4836.73,26.8153,0.0143209
4867.35,27.0129,0.0144244
4897.96,27.2311,0.0147654
4928.57,27.3907,0.0147498
4959.18,27.597,0.0148734
4989.8,27.8039,0.0149821
5020.41,27.9947,0.015068
5051.02,28.1836,0.0151528
5081.63,28.3767,0.0152812
5112.24,28.5865,0.0153888
5142.86,28.7793,0.0155717
5173.47,28.9743,0.0155735
5204.08,29.1952,0.0158262
5234.69,29.3659,0.0158841
5265.31,29.5641,0.0159264
5295.92,29.7634,0.0160205
5326.53,29.9951,0.0162799
5357.14,30.1937,0.016388
5387.76,30.386,0.0164929
5418.37,30.5826,0.0165248
5448.98,30.7917,0.0166885
5479.59,30.9886,0.0166941
5510.2,31.1575,0.0168833
5540.82,31.4105,0.0171839
5571.43,31.593,0.0171293
5602.04,31.7932,0.0173177
5632.65,31.9522,0.0173734
5663.27,32.1782,0.0175449
5693.88,32.3729,0.017583
5724.49,32.5701,0.0177162
5755.1,32.7759,0.0178298
5785.71,32.9729,0.0179264
5816.33,33.1791,0.0180678
5846.94,33.3668,0.0182285
5877.55,33.618,0.0183625
5908.16,33.7893,0.0186151
5938.78,33.99,0.0186588
5969.39,34.1938,0.0187026
6000.0,34.4377,0.0189823
6040.82,34.6791,0.0190799
6081.63,34.9521,0.01927
6122.45,35.2295,0.019512
6163.27,35.5269,0.0196694
6204.08,35.762,0.0196865
6244.9,36.0555,0.0199402
6285.71,36.2927,0.0199676
6326.53,36.55,0.0200713
6367.35,36.8591,0.020389
6408.16,37.134,0.0203457
6448.98,37.419,0.0208357
6489.8,37.6903,0.0210113
6530.61,37.9739,0.0210872
6571.43,38.2401,0.0212559
6612.24,38.4611,0.0214846
6653.06,38.8014,0.021578
6693.88,39.0257,0.0216566
6734.69,39.3316,0.0217588
6775.51,39.6185,0.021998
6816.33,39.8898,0.0222223
6857.14,40.1363,0.0223771
6897.96,40.4337,0.0226783
6938.78,40.6641,0.0227768
6979.59,41.0057,0.0229231
7020.41,41.3015,0.0231886
7061.22,41.5104,0.0232129
7102.04,41.8296,0.0233884
7142.86,42.0556,0.0234797
7183.67,42.3219,0.0236406
7224.49,42.6491,0.0239125
7265.31,42.9262,0.0241642
7306.12,43.1349,0.0242091
7346.94,43.4302,0.0243998
7387.76,43.751,0.0245589
7428.57,43.9624,0.0247963
7469.39,44.3424,0.0253318
7510.2,44.5691,0.0250382
7551.02,44.8666,0.0254871
7591.84,45.0983,0.0254153
7632.65,45.3885,0.0254914
7673.47,45.7021,0.025959
7714.29,45.9179,0.0258713
7755.1,46.2788,0.0261368
7795.92,46.5559,0.0265363
7836.73,46.8215,0.0267807
7877.55,47.0827,0.026798
7918.37,47.3907,0.0269772
7959.18,47.6804,0.0270891
8000.0,47.962,0.0272876
8040.82,48.208,0.0273304
8081.63,48.5041,0.0276837
8122.45,48.7779,0.0276972
8163.27,49.0236,0.0278164
8204.08,49.3062,0.028013
8244.9,49.5996,0.0281504
8285.71,49.8753,0.0284866
8326.53,50.1639,0.0283728
8367.35,50.4716,0.0288494
8408.16,50.7544,0.0288562
8448.98,51.0456,0.0292632
8489.8,51.3253,0.0292088
8530.61,51.5676,0.029465
8571.43,51.8563,0.0295563
8612.24,52.1158,0.029662
8653.06,52.3796,0.0300661
8693.88,52.7082,0.0305127
8734.69,53.0143,0.0305405
8775.51,53.2786,0.0305236
8816.33,53.5929,0.0306917
8857.14,53.8757,0.0306972
8897.96,54.1205,0.031147
8938.78,54.3621,0.0310301
8979.59,54.7023,0.0312254
9020.41,55.0496,0.0317134
9061.22,55.2724,0.0316818
9102.04,55.5555,0.0320103
9142.86,55.8014,0.0320924
9183.67,56.1757,0.0327441
9224.49,56.4491,0.032342
9265.31,56.7104,0.0325313
9306.12,57.0779,0.0331227
9346.94,57.3019,0.0331854
9387.76,57.5202,0.0332446
9428.57,57.8662,0.0336577
9469.39,58.1137,0.0333475
9510.2,58.4893,0.0342351
9551.02,58.7169,0.0339005
9591.84,59.0176,0.0342372
9632.65,59.2938,0.0342357
9673.47,59.6117,0.034465
9714.29,59.8647,0.0347867
9755.1,60.1704,0.0351045
9795.92,60.4595,0.035051
9836.73,60.7593,0.0354238
9877.55,61.0232,0.0352199
9918.37,61.3374,0.0363049
9959.18,61.583,0.0356576
10000.0,61.9015,0.0361647
