0.0,0.0,0.0
0.000204082,0.0,0.0
0.000408163,0.0,0.0
0.000612245,0.0,0.0
0.000816327,0.0,0.0
0.00102041,0.0,0.0
0.00122449,0.0,0.0
0.00142857,0.0,0.0
0.00163265,0.0,0.0
0.00183673,0.0,0.0
0.00204082,0.0,0.0
0.0022449,0.0,0.0
0.00244898,0.0,0.0
0.00265306,0.0,0.0
0.00285714,0.0,0.0
0.00306122,0.0,0.0
0.00326531,0.0,0.0
0.00346939,0.0,0.0
0.00367347,0.0,0.0
0.00387755,0.0,0.0
0.00408163,0.0,0.0
0.00428571,0.0,0.0
0.0044898,0.0,0.0
0.00469388,0.0,0.0
0.00489796,0.0,0.0
0.00510204,0.0,0.0
0.00530612,0.0,0.0
0.0055102,0.0,0.0
0.00571429,0.0,0.0
0.00591837,0.0,0.0
0.00612245,0.0,0.0
0.00632653,0.0,0.0
0.00653061,0.0,0.0
0.00673469,0.0,0.0
0.00693878,0.0,0.0
0.00714286,0.0,0.0
0.00734694,0.0,0.0
0.00755102,0.0,0.0
0.0077551,0.0,0.0
0.00795918,0.0,0.0
0.00816327,0.0,0.0
0.00836735,0.0,0.0
0.00857143,0.0,0.0
0.00877551,0.0,0.0
0.00897959,0.0,0.0
0.00918367,0.0,0.0
0.00938776,0.0,0.0
0.00959184,0.0,0.0
0.00979592,0.0,0.0
0.01,0.0,0.0
0.0118367,0.0,0.0
0.0136735,0.0,0.0
0.0155102,0.0,0.0
0.0173469,0.0,0.0
0.0191837,0.0,0.0
0.0210204,0.0,0.0
0.0228571,0.0,0.0
0.0246939,0.0,0.0
0.0265306,0.0,0.0
0.0283673,0.0,0.0
0.0302041,0.0,0.0
0.0320408,0.0,0.0
0.0338776,0.0,0.0
0.0357143,0.0,0.0
0.037551,0.0,0.0
0.0393878,0.0,0.0
0.0412245,0.0,0.0
0.0430612,0.0,0.0
0.044898,0.0,0.0
0.0467347,0.0,0.0
0.0485714,0.0,0.0
0.0504082,0.0,0.0
0.0522449,0.0,0.0
0.0540816,0.0,0.0
0.0559184,0.0,0.0
0.0577551,0.0,0.0
0.0595918,0.0,0.0
0.0614286,0.0,0.0
0.0632653,0.0,0.0
0.065102,0.0,0.0
0.0669388,0.0,0.0
0.0687755,0.0,0.0
0.0706122,0.0,0.0
0.072449,0.0,0.0
0.0742857,0.0,0.0
0.0761224,0.0,0.0
0.0779592,0.0,0.0
0.0797959,0.0,0.0
0.0816327,0.0,0.0
0.0834694,0.0,0.0
0.0853061,0.0,0.0
0.0871429,0.0,0.0
0.0889796,0.0,0.0
0.0908163,0.0,0.0
0.0926531,0.0,0.0
0.0944898,0.0,0.0
0.0963265,0.0,0.0
0.0981633,0.0,0.0
0.1,0.0,0.0
0.102041,0.0,0.0
0.104082,0.0,0.0
0.106122,0.0,0.0
0.108163,9.03816e-16,5.67303e-19
0.110204,5.91782e-14,3.83837e-17
0.112245,6.51304e-13,4.22816e-16
0.114286,3.48532e-12,2.24269e-15
0.116327,1.25509e-11,7.96828e-15
0.118367,3.51779e-11,2.19918e-14
0.120408,8.29305e-11,5.10307e-14
0.122449,1.72507e-10,1.04462e-13
0.12449,3.25046e-10,1.93907e-13
0.126531,5.69495e-10,3.34823e-13
0.128571,9.3902e-10,5.4406e-13
0.130612,1.46967e-09,8.3954e-13
0.132653,2.21414e-09,1.24837e-12
0.134694,3.21381e-09,1.78984e-12
0.136735,4.52196e-09,2.48709e-12
0.138776,6.2121e-09,3.37754e-12
0.140816,8.34053e-09,4.48721e-12
0.142857,1.09651e-08,5.83867e-12
0.144898,1.41813e-08,7.47073e-12
0.146939,1.80005e-08,9.39409e-12
0.14898,2.26267e-08,1.17117e-11
0.15102,2.80192e-08,1.43686e-11
0.153061,3.43307e-08,1.74558e-11
0.155102,4.16468e-08,2.09944e-11
0.157143,4.99628e-08,2.50015e-11
0.159184,5.94277e-08,2.95282e-11
0.161224,7.01247e-08,3.45823e-11
0.163265,8.22537e-08,4.02968e-11
0.165306,9.57667e-08,4.6587e-11
0.167347,1.10648e-07,5.34694e-11
0.169388,1.27378e-07,6.11166e-11
0.171429,1.45635e-07,6.94823e-11
0.173469,1.65647e-07,7.85397e-11
0.17551,1.87715e-07,8.84549e-11
0.177551,2.11692e-07,9.91407e-11
0.179592,2.37682e-07,1.10684e-10
0.181633,2.6577e-07,1.23033e-10
0.183673,2.9661e-07,1.36562e-10
0.185714,3.29132e-07,1.5064e-10
0.187755,3.64442e-07,1.66004e-10
0.189796,4.02266e-07,1.82107e-10
0.191837,4.42644e-07,1.99416e-10
0.193878,4.86018e-07,2.1772e-10
0.195918,5.31552e-07,2.36962e-10
0.197959,5.80142e-07,2.57249e-10
0.2,6.3189e-07,2.78993e-10
0.202041,6.86448e-07,3.01538e-10
0.204082,7.45249e-07,3.25837e-10
0.206122,8.06037e-07,3.50577e-10
0.208163,8.70313e-07,3.76833e-10
0.210204,9.38626e-07,4.0478e-10
0.212245,1.00922e-06,4.3332e-10
0.214286,1.08439e-06,4.63272e-10
0.216327,1.16261e-06,4.94704e-10
0.218367,1.24616e-06,5.27888e-10
0.220408,1.33058e-06,5.6136e-10
0.222449,1.42071e-06,5.96942e-10
0.22449,1.51468e-06,6.33746e-10
0.226531,1.61221e-06,6.72051e-10
0.228571,1.71408e-06,7.11625e-10
0.230612,1.81931e-06,7.52765e-10
0.232653,1.93161e-06,7.95988e-10
0.234694,2.04451e-06,8.39457e-10
0.236735,2.16378e-06,8.85236e-10
0.238776,2.28599e-06,9.31872e-10
0.240816,2.41356e-06,9.80558e-10
0.242857,2.5467e-06,1.03112e-09
0.244898,2.68262e-06,1.08267e-09
0.246939,2.82451e-06,1.13562e-09
0.24898,2.97095e-06,1.19069e-09
0.25102,3.12455e-06,1.24843e-09
0.253061,3.27484e-06,1.30454e-09
0.255102,3.43913e-06,1.36481e-09
0.257143,3.60347e-06,1.4254e-09
0.259184,3.77543e-06,1.48916e-09
0.261224,3.94767e-06,1.55201e-09
0.263265,4.12965e-06,1.61912e-09
0.265306,4.31419e-06,1.68691e-09
0.267347,4.50778e-06,1.75697e-09
0.269388,4.70229e-06,1.82826e-09
0.271429,4.90547e-06,1.90126e-09
0.273469,5.11516e-06,1.97732e-09
0.27551,5.32615e-06,2.05362e-09
0.277551,5.54289e-06,2.13081e-09
0.279592,5.7697e-06,2.21295e-09
0.281633,5.99602e-06,2.29453e-09
0.283673,6.22812e-06,2.37685e-09
0.285714,6.47661e-06,2.46409e-09
0.287755,6.71327e-06,2.5477e-09
0.289796,6.97047e-06,2.63912e-09
0.291837,7.22431e-06,2.72973e-09
0.293878,7.48632e-06,2.82104e-09
0.295918,7.75374e-06,2.91551e-09
0.297959,8.03309e-06,3.0139e-09
0.3,8.30931e-06,3.11032e-09
0.302041,8.60239e-06,3.21067e-09
0.304082,8.89312e-06,3.3112e-09
0.306122,9.1932e-06,3.41783e-09
0.308163,9.5055e-06,3.52544e-09
0.310204,9.80363e-06,3.62794e-09
0.312245,1.01272e-05,3.74014e-09
0.314286,1.04443e-05,3.84842e-09
0.316327,1.07741e-05,3.96378e-09
0.318367,1.11124e-05,4.07809e-09
0.320408,1.14442e-05,4.19121e-09
0.322449,1.18057e-05,4.31524e-09
0.32449,1.21509e-05,4.43151e-09
0.326531,1.25167e-05,4.55699e-09
0.328571,1.28802e-05,4.68158e-09
0.330612,1.32538e-05,4.80951e-09
0.332653,1.36248e-05,4.9339e-09
0.334694,1.40229e-05,5.06833e-09
0.336735,1.44172e-05,5.20101e-09
0.338776,1.4818e-05,5.33513e-09
0.340816,1.52205e-05,5.47174e-09
0.342857,1.5636e-05,5.60953e-09
0.344898,1.60603e-05,5.75404e-09
0.346939,1.64817e-05,5.89245e-09
0.34898,1.69135e-05,6.0365e-09
0.35102,1.73426e-05,6.1791e-09
0.353061,1.77879e-05,6.32885e-09
0.355102,1.82455e-05,6.47912e-09
0.357143,1.87053e-05,6.63283e-09
0.359184,1.91686e-05,6.79164e-09
0.361224,1.96453e-05,6.94582e-09
0.363265,2.0125e-05,7.10586e-09
0.365306,2.06096e-05,7.26548e-09
0.367347,2.10986e-05,7.4283e-09
0.369388,2.16024e-05,7.59272e-09
0.371429,2.21158e-05,7.75918e-09
0.373469,2.26216e-05,7.92168e-09
0.37551,2.31262e-05,8.08989e-09
0.377551,2.36697e-05,8.26855e-09
0.379592,2.42163e-05,8.45122e-09
0.381633,2.47453e-05,8.62215e-09
0.383673,2.52916e-05,8.79885e-09
0.385714,2.58519e-05,8.98094e-09
0.387755,2.6405e-05,9.16062e-09
0.389796,2.69916e-05,9.35136e-09
0.391837,2.7527e-05,9.53172e-09
0.393878,2.81434e-05,9.72848e-09
0.395918,2.87178e-05,9.91144e-09
0.397959,2.93136e-05,1.01039e-08
0.4,2.99134e-05,1.02963e-08
0.402041,3.05265e-05,1.04984e-08
0.404082,3.11418e-05,1.06952e-08
0.406122,3.17633e-05,1.08966e-08
0.408163,3.23969e-05,1.10998e-08
0.410204,3.30552e-05,1.13095e-08
0.412245,3.36929e-05,1.15195e-08
0.414286,3.43365e-05,1.17269e-08
0.416327,3.50131e-05,1.19408e-08
0.418367,3.56627e-05,1.21487e-08
0.420408,3.63249e-05,1.23547e-08
0.422449,3.70442e-05,1.25892e-08
0.42449,3.77146e-05,1.28047e-08
0.426531,3.84061e-05,1.30263e-08
0.428571,3.91145e-05,1.32501e-08
0.430612,3.98239e-05,1.34724e-08
0.432653,4.05341e-05,1.37017e-08
0.434694,4.12568e-05,1.39341e-08
0.436735,4.19974e-05,1.41657e-08
0.438776,4.27122e-05,1.43966e-08
0.440816,4.34665e-05,1.46305e-08
0.442857,4.42295e-05,1.48718e-08
0.444898,4.50082e-05,1.51193e-08
0.446939,4.57709e-05,1.5358e-08
0.44898,4.65485e-05,1.56039e-08
0.45102,4.73319e-05,1.58562e-08
0.453061,4.81088e-05,1.60965e-08
0.455102,4.89468e-05,1.63684e-08
0.457143,4.97129e-05,1.66067e-08
0.459184,5.04872e-05,1.68497e-08
0.461224,5.1323e-05,1.7114e-08
0.463265,5.21755e-05,1.73859e-08
0.465306,5.3006e-05,1.76371e-08
0.467347,5.38139e-05,1.78932e-08
0.469388,5.46808e-05,1.81717e-08
0.471429,5.55505e-05,1.84303e-08
0.473469,5.63988e-05,1.87039e-08
0.47551,5.73026e-05,1.89874e-08
0.477551,5.81634e-05,1.92631e-08
0.479592,5.90632e-05,1.95367e-08
0.481633,5.98999e-05,1.98137e-08
0.483673,6.08005e-05,2.00941e-08
0.485714,6.1715e-05,2.0366e-08
0.487755,6.26598e-05,2.0665e-08
0.489796,6.35261e-05,2.09259e-08
0.491837,6.44815e-05,2.12292e-08
0.493878,6.54273e-05,2.15183e-08
0.495918,6.63503e-05,2.18185e-08
0.497959,6.73472e-05,2.21231e-08
0.5,6.82998e-05,2.24148e-08
0.502041,6.92375e-05,2.27063e-08
0.504082,7.01954e-05,2.30121e-08
0.506122,7.12167e-05,2.33162e-08
0.508163,7.21802e-05,2.36286e-08
0.510204,7.31795e-05,2.39365e-08
0.512245,7.41581e-05,2.42373e-08
0.514286,7.52065e-05,2.45529e-08
0.516327,7.62527e-05,2.48847e-08
0.518367,7.7233e-05,2.51812e-08
0.520408,7.82855e-05,2.55273e-08
0.522449,7.93103e-05,2.58242e-08
0.52449,8.03446e-05,2.61454e-08
0.526531,8.13998e-05,2.6478e-08
0.528571,8.24152e-05,2.67913e-08
0.530612,8.35064e-05,2.71288e-08
0.532653,8.46061e-05,2.74588e-08
0.534694,8.56452e-05,2.77878e-08
0.536735,8.67708e-05,2.81286e-08
0.538776,8.78711e-05,2.84783e-08
0.540816,8.89822e-05,2.88261e-08
0.542857,9.01061e-05,2.91633e-08
0.544898,9.12205e-05,2.95041e-08
0.546939,9.22598e-05,2.9821e-08
0.54898,9.3458e-05,3.01907e-08
0.55102,9.46247e-05,3.05509e-08
0.553061,9.57717e-05,3.09001e-08
0.555102,9.68982e-05,3.12559e-08
0.557143,9.81044e-05,3.16214e-08
0.559184,9.92252e-05,3.19547e-08
0.561224,0.000100413,3.23214e-08
0.563265,0.000101625,3.26899e-08
0.565306,0.000102763,3.30319e-08
0.567347,0.00010395,3.34104e-08
0.569388,0.00010522,3.3793e-08
0.571429,0.000106484,3.41777e-08
0.573469,0.00010765,3.45345e-08
0.57551,0.000108859,3.49209e-08
0.577551,0.000110091,3.52739e-08
0.579592,0.000111284,3.567e-08
0.581633,0.000112582,3.60363e-08
0.583673,0.000113808,3.6422e-08
0.585714,0.000115078,3.68106e-08
0.587755,0.000116352,3.72072e-08
0.589796,0.000117648,3.75911e-08
0.591837,0.000118927,3.79857e-08
0.593878,0.000120285,3.84071e-08
0.595918,0.000121616,3.8797e-08
0.597959,0.000122804,3.9183e-08
0.6,0.000124134,3.95665e-08
0.602041,0.000125478,3.99886e-08
0.604082,0.000126754,4.03734e-08
0.606122,0.000128165,4.08177e-08
0.608163,0.000129466,4.11968e-08
0.610204,0.000130875,4.16259e-08
0.612245,0.000132171,4.20219e-08
0.614286,0.000133579,4.24615e-08
0.616327,0.000134979,4.28744e-08
0.618367,0.000136294,4.32766e-08
0.620408,0.000137739,4.37113e-08
0.622449,0.000138995,4.40994e-08
0.62449,0.00014052,4.4558e-08
0.626531,0.000141965,4.50086e-08
0.628571,0.000143345,4.54071e-08
0.630612,0.000144768,4.58354e-08
0.632653,0.000146167,4.62833e-08
0.634694,0.000147608,4.67243e-08
0.636735,0.000149007,4.71232e-08
0.638776,0.000150552,4.75948e-08
0.640816,0.000152,4.80457e-08
0.642857,0.000153482,4.84957e-08
0.644898,0.000154864,4.89389e-08
0.646939,0.000156427,4.93875e-08
0.64898,0.000157832,4.98139e-08
0.65102,0.000159424,5.02764e-08
0.653061,0.000160856,5.07188e-08
0.655102,0.000162329,5.11601e-08
0.657143,0.000163921,5.16443e-08
0.659184,0.000165431,5.20999e-08
0.661224,0.000167017,5.25891e-08
0.663265,0.000168502,5.30455e-08
0.665306,0.000170053,5.34936e-08
0.667347,0.000171544,5.39599e-08
0.669388,0.0001731,5.44227e-08
0.671429,0.000174748,5.49422e-08
0.673469,0.000176239,5.53866e-08
0.67551,0.000177867,5.58654e-08
0.677551,0.000179503,5.635e-08
0.679592,0.000181059,5.68363e-08
0.681633,0.000182563,5.72985e-08
0.683673,0.000184214,5.77857e-08
0.685714,0.000185807,5.8281e-08
0.687755,0.000187535,5.88206e-08
0.689796,0.000189083,5.92855e-08
0.691837,0.000190756,5.97755e-08
0.693878,0.000192484,6.02883e-08
0.695918,0.000194069,6.0789e-08
0.697959,0.0001958,6.1288e-08
0.7,0.00019739,6.17714e-08
0.702041,0.000198959,6.22483e-08
0.704082,0.000200812,6.27972e-08
0.706122,0.000202426,6.33065e-08
0.708163,0.000204168,6.38346e-08
0.710204,0.000205782,6.43068e-08
0.712245,0.000207545,6.48319e-08
0.714286,0.000209247,6.53497e-08
0.716327,0.000211001,6.58945e-08
0.718367,0.000212654,6.64091e-08
0.720408,0.00021426,6.68578e-08
0.722449,0.000216115,6.74282e-08
0.72449,0.00021788,6.79588e-08
0.726531,0.000219684,6.84998e-08
0.728571,0.000221442,6.9039e-08
0.730612,0.00022315,6.95382e-08
0.732653,0.000225043,7.01135e-08
0.734694,0.000226761,7.06438e-08
0.736735,0.000228569,7.11932e-08
0.738776,0.000230315,7.17156e-08
0.740816,0.000232175,7.22617e-08
0.742857,0.00023401,7.27988e-08
0.744898,0.00023578,7.33544e-08
0.746939,0.000237702,7.39237e-08
0.74898,0.000239324,7.44133e-08
0.75102,0.000241416,7.50444e-08
0.753061,0.000243078,7.55392e-08
0.755102,0.000244864,7.60846e-08
0.757143,0.000246819,7.66718e-08
0.759184,0.000248619,7.71973e-08
0.761224,0.00025055,7.77821e-08
0.763265,0.00025246,7.83673e-08
0.765306,0.00025436,7.89233e-08
0.767347,0.000256259,7.94836e-08
0.769388,0.000258148,8.00956e-08
0.771429,0.000259971,8.06406e-08
0.773469,0.000261972,8.12259e-08
0.77551,0.00026386,8.1779e-08
0.777551,0.000265737,8.23628e-08
0.779592,0.000267735,8.29604e-08
0.781633,0.000269758,8.35787e-08
0.783673,0.000271665,8.41186e-08
0.785714,0.000273597,8.47263e-08
0.787755,0.000275552,8.53127e-08
0.789796,0.000277441,8.59033e-08
0.791837,0.000279338,8.64853e-08
0.793878,0.000281366,8.70755e-08
0.795918,0.000283397,8.76879e-08
0.797959,0.000285276,8.8268e-08
0.8,0.000287441,8.88902e-08
0.802041,0.00028943,8.94985e-08
0.804082,0.00029141,9.01141e-08
0.806122,0.000293511,9.073e-08
0.808163,0.000295489,9.1355e-08
0.810204,0.000297507,9.19189e-08
0.812245,0.000299747,9.26299e-08
0.814286,0.000301605,9.31383e-08
0.816327,0.000303776,9.37854e-08
0.818367,0.000305691,9.43668e-08
0.820408,0.000307937,9.5029e-08
0.822449,0.000309858,9.56511e-08
0.82449,0.000311925,9.62828e-08
0.826531,0.00031398,9.68658e-08
0.828571,0.000316065,9.75148e-08
0.830612,0.000318278,9.81866e-08
0.832653,0.000320403,9.88253e-08
0.834694,0.000322516,9.94538e-08
0.836735,0.000324634,1.00061e-07
0.838776,0.000326749,1.00751e-07
0.840816,0.000328796,1.01358e-07
0.842857,0.000331006,1.01986e-07
0.844898,0.000333346,1.02671e-07
0.846939,0.000335379,1.03348e-07
0.84898,0.00033745,1.03919e-07
0.85102,0.00033953,1.04542e-07
0.853061,0.000341689,1.05252e-07
0.855102,0.000343985,1.05863e-07
0.857143,0.000346163,1.06544e-07
0.859184,0.00034836,1.07272e-07
0.861224,0.000350706,1.07968e-07
0.863265,0.000352866,1.08557e-07
0.865306,0.000354784,1.09163e-07
0.867347,0.000357153,1.09895e-07
0.869388,0.000359496,1.10578e-07
0.871429,0.000361513,1.11177e-07
0.873469,0.000364032,1.11932e-07
0.87551,0.000366063,1.12555e-07
0.877551,0.000368397,1.13286e-07
0.879592,0.000370549,1.13949e-07
0.881633,0.000372974,1.14669e-07
0.883673,0.000375004,1.15212e-07
0.885714,0.000377493,1.16002e-07
0.887755,0.000379832,1.16675e-07
0.889796,0.000382108,1.17366e-07
0.891837,0.000384372,1.18024e-07
0.893878,0.000386361,1.18658e-07
0.895918,0.00038882,1.19382e-07
0.897959,0.000391254,1.20121e-07
0.9,0.000393744,1.20866e-07
0.902041,0.000395815,1.21527e-07
0.904082,0.000398408,1.22289e-07
0.906122,0.000400648,1.23004e-07
0.908163,0.000403126,1.23682e-07
0.910204,0.000405224,1.24378e-07
0.912245,0.000407545,1.25014e-07
0.914286,0.000410052,1.25763e-07
0.916327,0.00041233,1.26506e-07
0.918367,0.000414705,1.27184e-07
0.920408,0.000417273,1.2793e-07
0.922449,0.000419503,1.28636e-07
0.92449,0.000421856,1.2936e-07
0.926531,0.000424277,1.3006e-07
0.928571,0.000426714,1.30819e-07
0.930612,0.000429218,1.31575e-07
0.932653,0.000431623,1.32262e-07
0.934694,0.000434313,1.33072e-07
0.936735,0.000436679,1.33776e-07
0.938776,0.000438846,1.34468e-07
0.940816,0.000441301,1.35171e-07
0.942857,0.000443929,1.35957e-07
0.944898,0.000446109,1.36617e-07
0.946939,0.000448916,1.37505e-07
0.94898,0.000451123,1.38156e-07
0.95102,0.000453861,1.38954e-07
0.953061,0.000456126,1.39702e-07
0.955102,0.000458566,1.40408e-07
0.957143,0.00046119,1.41223e-07
0.959184,0.000464056,1.42015e-07
0.961224,0.00046654,1.42747e-07
0.963265,0.000468726,1.43488e-07
0.965306,0.000471422,1.44295e-07
0.967347,0.000473676,1.44941e-07
0.969388,0.000476238,1.45749e-07
0.971429,0.0004789,1.46529e-07
0.973469,0.000481422,1.47303e-07
0.97551,0.000484202,1.48156e-07
0.977551,0.000486496,1.48785e-07
0.979592,0.000489184,1.49562e-07
0.981633,0.000491611,1.50415e-07
0.983673,0.000494061,1.51094e-07
0.985714,0.000496597,1.51909e-07
0.987755,0.00049944,1.5272e-07
0.989796,0.000501847,1.53391e-07
0.991837,0.000504504,1.54234e-07
0.993878,0.000507132,1.55062e-07
0.995918,0.000510105,1.55916e-07
0.997959,0.000512373,1.56655e-07
1.0,0.000514995,1.57409e-07
1.08163,0.000625694,1.90865e-07
1.16327,0.000744895,2.26976e-07
1.2449,0.00087234,2.65894e-07
1.32653,0.00101005,3.08106e-07
1.40816,0.00115505,3.52701e-07
1.4898,0.00130825,4.00204e-07
1.57143,0.00146868,4.50197e-07
1.65306,0.00163676,5.02762e-07
1.73469,0.00181188,5.57678e-07
1.81633,0.00199409,6.15412e-07
1.89796,0.00218192,6.75262e-07
1.97959,0.00237816,7.37823e-07
2.06122,0.00258034,8.03238e-07
2.14286,0.00278892,8.70323e-07
2.22449,0.00299932,9.3906e-07
2.30612,0.00321777,1.01039e-06
2.38776,0.00344176,1.0836e-06
2.46939,0.00367122,1.15975e-06
2.55102,0.00390815,1.23782e-06
2.63265,0.00414676,1.31801e-06
2.71429,0.00439085,1.39944e-06
2.79592,0.00463654,1.48284e-06
2.87755,0.00489325,1.56835e-06
2.95918,0.00515359,1.65766e-06
3.04082,0.00541292,1.74661e-06
3.12245,0.00568485,1.839e-06
3.20408,0.00595242,1.93054e-06
3.28571,0.0062311,2.02753e-06
3.36735,0.00650756,2.12278e-06
3.44898,0.00679,2.22147e-06
3.53061,0.00707676,2.32267e-06
3.61224,0.00737295,2.4259e-06
3.69388,0.00766256,2.52827e-06
3.77551,0.00796192,2.63521e-06
3.85714,0.0082713,2.74501e-06
3.93878,0.00856622,2.84937e-06
4.02041,0.00887893,2.96296e-06
4.10204,0.00918961,3.07353e-06
4.18367,0.00950492,3.18727e-06
4.26531,0.00981739,3.29997e-06
4.34694,0.0101401,3.41658e-06
4.42857,0.0104682,3.53809e-06
4.5102,0.010797,3.65768e-06
4.59184,0.0111238,3.77686e-06
4.67347,0.0114569,3.90091e-06
4.7551,0.0117955,4.02383e-06
4.83673,0.0121358,4.15146e-06
4.91837,0.0124756,4.27631e-06
5.0,0.0128163,4.40419e-06
5.10204,0.0132532,4.56397e-06
5.20408,0.0136885,4.73093e-06
5.30612,0.0141313,4.89807e-06
5.40816,0.0145776,5.06442e-06
5.5102,0.0150281,5.23333e-06
5.61224,0.0154959,5.41526e-06
5.71429,0.0159448,5.58426e-06
5.81633,0.0164032,5.76035e-06
5.91837,0.016862,5.93808e-06
6.02041,0.0173429,6.12251e-06
6.12245,0.0178201,6.30856e-06
6.22449,0.0182764,6.48424e-06
6.32653,0.0187604,6.67566e-06
6.42857,0.0192406,6.85864e-06
6.53061,0.0197329,7.05212e-06
6.63265,0.0202194,7.24297e-06
6.73469,0.0207164,7.43581e-06
6.83673,0.0212012,7.62593e-06
6.93878,0.0217062,7.83286e-06
7.04082,0.0221944,8.02581e-06
7.14286,0.0226967,8.22456e-06
7.2449,0.0232194,8.4353e-06
7.34694,0.0237281,8.63802e-06
7.44898,0.0242416,8.83752e-06
7.55102,0.024742,9.04205e-06
7.65306,0.0252579,9.2503e-06
7.7551,0.0257989,9.47431e-06
7.85714,0.0263148,9.67893e-06
7.95918,0.0268475,9.8977e-06
8.06122,0.0273588,1.01088e-05
8.16327,0.0278672,1.03112e-05
8.26531,0.0284257,1.05409e-05
8.36735,0.0289761,1.07677e-05
8.46939,0.029487,1.09752e-05
8.57143,0.0300377,1.1204e-05
8.67347,0.0305757,1.1432e-05
8.77551,0.031138,1.16634e-05
8.87755,0.0316848,1.18913e-05
8.97959,0.0322187,1.21081e-05
9.08163,0.032789,1.23454e-05
9.18367,0.0333272,1.25677e-05
9.28571,0.0339219,1.28195e-05
9.38776,0.0344624,1.30506e-05
9.4898,0.0350353,1.32909e-05
9.59184,0.0355771,1.35194e-05
9.69388,0.0361483,1.37597e-05
9.79592,0.0367285,1.40074e-05
9.89796,0.0372722,1.42284e-05
10.0,0.0378364,1.44672e-05
10.2041,0.038998,1.49727e-05
10.4082,0.040192,1.54814e-05
10.6122,0.0413667,1.59811e-05
10.8163,0.0425044,1.64667e-05
11.0204,0.0436997,1.69903e-05
11.2245,0.0448929,1.75018e-05
11.4286,0.0460673,1.79985e-05
11.6327,0.0472711,1.85468e-05
11.8367,0.0484989,1.9078e-05
12.0408,0.0497179,1.96235e-05
12.2449,0.0509146,2.01363e-05
12.449,0.0521601,2.06922e-05
12.6531,0.053391,2.12457e-05
12.8571,0.0546518,2.17914e-05
13.0612,0.055885,2.23497e-05
13.2653,0.0571618,2.29162e-05
13.4694,0.0583842,2.34666e-05
13.6735,0.0596901,2.40542e-05
13.8776,0.0609502,2.46481e-05
14.0816,0.0622422,2.52143e-05
14.2857,0.0635836,2.5813e-05
14.4898,0.0647976,2.6372e-05
14.6939,0.066094,2.69545e-05
14.898,0.0673682,2.75567e-05
15.102,0.0687261,2.81786e-05
15.3061,0.07001,2.87717e-05
15.5102,0.0713313,2.93613e-05
15.7143,0.0726818,2.99796e-05
15.9184,0.0739968,3.06209e-05
16.1224,0.0752945,3.12068e-05
16.3265,0.0766604,3.18565e-05
16.5306,0.0780294,3.24677e-05
16.7347,0.0793525,3.30946e-05
16.9388,0.0807614,3.37497e-05
17.1429,0.0821081,3.43823e-05
17.3469,0.0834131,3.49988e-05
17.551,0.0847255,3.56202e-05
17.7551,0.0861623,3.62985e-05
17.9592,0.0875328,3.69726e-05
18.1633,0.088904,3.75854e-05
18.3673,0.0903128,3.82826e-05
18.5714,0.0916679,3.89217e-05
18.7755,0.0930593,3.96125e-05
18.9796,0.0944508,4.02355e-05
19.1837,0.095867,4.09341e-05
19.3878,0.0972644,4.16074e-05
19.5918,0.0986755,4.22679e-05
19.7959,0.100124,4.29944e-05
20.0,0.101542,4.37212e-05
20.4082,0.104415,4.50184e-05
20.8163,0.107245,4.64254e-05
21.2245,0.110118,4.78202e-05
21.6327,0.112962,4.92541e-05
22.0408,0.115888,5.06805e-05
22.449,0.11883,5.21267e-05
22.8571,0.121694,5.35076e-05
23.2653,0.124662,5.49773e-05
23.6735,0.127593,5.64286e-05
24.0816,0.130667,5.80862e-05
24.4898,0.133512,5.94351e-05
24.898,0.13647,6.09079e-05
25.3061,0.139505,6.24314e-05
25.7143,0.142587,6.40426e-05
26.1224,0.145579,6.54912e-05
26.5306,0.148771,6.71189e-05
26.9388,0.151756,6.86652e-05
27.3469,0.154878,7.02483e-05
27.7551,0.157884,7.17961e-05
28.1633,0.160786,7.33007e-05
28.5714,0.164088,7.49623e-05
28.9796,0.167246,7.65942e-05
29.3878,0.170372,7.82914e-05
29.7959,0.173399,7.98161e-05
30.2041,0.176626,8.15251e-05
30.6122,0.179669,8.3022e-05
31.0204,0.182901,8.46896e-05
31.4286,0.185972,8.64416e-05
31.8367,0.189232,8.79752e-05
32.2449,0.192386,8.97517e-05
32.6531,0.19572,9.15273e-05
33.0612,0.198716,9.30965e-05
33.4694,0.202158,9.49536e-05
33.8776,0.205433,9.67378e-05
34.2857,0.208598,9.83682e-05
34.6939,0.21172,0.000100081
35.102,0.214979,0.00010167
35.5102,0.218215,0.000103459
35.9184,0.221379,0.000105158
36.3265,0.224788,0.000107008
36.7347,0.228284,0.000108957
37.1429,0.23146,0.000110613
37.551,0.234683,0.000112345
37.9592,0.237737,0.000113879
38.3673,0.2414,0.000116017
38.7755,0.244727,0.000117765
39.1837,0.247926,0.000119403
39.5918,0.251564,0.000121487
40.0,0.254536,0.00012315
40.4082,0.257928,0.000124817
40.8163,0.261352,0.000126703
41.2245,0.264669,0.000128662
41.6327,0.268233,0.000130594
42.0408,0.271554,0.000132483
42.449,0.274855,0.000134282
42.8571,0.278199,0.000136263
43.2653,0.281736,0.000137898
43.6735,0.285109,0.000139737
44.0816,0.288386,0.000141732
44.4898,0.291833,0.00014373
44.898,0.295484,0.000145867
45.3061,0.298784,0.000147585
45.7143,0.302306,0.000149372
46.1224,0.305683,0.000151307
46.5306,0.308679,0.000152869
46.9388,0.312472,0.000155335
47.3469,0.316177,0.000157332
47.7551,0.319447,0.000158946
48.1633,0.32293,0.000160974
48.5714,0.326507,0.000162961
48.9796,0.330091,0.000164976
49.3878,0.333287,0.000166862
49.7959,0.337046,0.000169208
50.2041,0.340505,0.000171188
50.6122,0.344046,0.000172959
51.0204,0.347696,0.000174947
51.4286,0.351022,0.000177021
51.8367,0.354701,0.000178966
52.2449,0.358152,0.000181189
52.6531,0.361634,0.000182998
53.0612,0.365561,0.000185689
53.4694,0.368618,0.000187014
53.8776,0.372703,0.00018951
54.2857,0.37581,0.000191234
54.6939,0.37923,0.000193142
55.102,0.38308,0.000195224
55.5102,0.386259,0.000197192
55.9184,0.390106,0.000199207
56.3265,0.393703,0.000201113
56.7347,0.397789,0.000203942
57.1429,0.401065,0.000205635
57.551,0.404725,0.000207633
57.9592,0.408393,0.000209722
58.3673,0.411656,0.000211776
58.7755,0.415082,0.000213518
59.1837,0.41893,0.000216053
59.5918,0.423153,0.000218699
60.0,0.426389,0.000220493
60.4082,0.429758,0.00022243
60.8163,0.433561,0.0002244
61.2245,0.437261,0.000226471
61.6327,0.441423,0.000229527
62.0408,0.444373,0.000230791
62.449,0.448235,0.000233356
62.8571,0.451453,0.000234967
63.2653,0.455623,0.00023707
63.6735,0.459401,0.000239651
64.0816,0.4627,0.000241962
64.4898,0.466361,0.000243797
64.898,0.470692,0.000246602
65.3061,0.474152,0.000248649
65.7143,0.478056,0.000250574
66.1224,0.481741,0.000253207
66.5306,0.485098,0.000254697
66.9388,0.488618,0.000257257
67.3469,0.49259,0.000259201
67.7551,0.496376,0.00026165
68.1633,0.499713,0.000263431
68.5714,0.503636,0.000265724
68.9796,0.507269,0.000268422
69.3878,0.510792,0.000269791
69.7959,0.51469,0.000272647
70.2041,0.518605,0.000274688
70.6122,0.522291,0.000276974
71.0204,0.526333,0.000279627
71.4286,0.529313,0.000280814
71.8367,0.533777,0.000283975
72.2449,0.537646,0.000286138
72.6531,0.541633,0.00028913
73.0612,0.54559,0.000290832
73.4694,0.549337,0.000292903
73.8776,0.552928,0.000295614
74.2857,0.55705,0.000298044
74.6939,0.559742,0.000299677
75.102,0.564942,0.000302922
75.5102,0.568052,0.000305075
75.9184,0.571777,0.000306907
76.3265,0.575226,0.000308897
76.7347,0.579181,0.000311719
77.1429,0.583539,0.000314119
77.551,0.586784,0.000315608
77.9592,0.590428,0.000318227
78.3673,0.594538,0.000321102
78.7755,0.598179,0.000322952
79.1837,0.602079,0.000325177
79.5918,0.60596,0.000327704
80.0,0.609665,0.000330287
80.4082,0.614204,0.000333419
80.8163,0.618188,0.000334844
81.2245,0.621268,0.000336851
81.6327,0.625678,0.000339944
82.0408,0.628451,0.000340897
82.449,0.63348,0.000344696
82.8571,0.636113,0.000345258
83.2653,0.641122,0.000348892
83.6735,0.645035,0.000351816
84.0816,0.648673,0.00035409
84.4898,0.65259,0.000356148
84.898,0.656068,0.000358181
85.3061,0.659798,0.000360967
85.7143,0.664062,0.000363693
86.1224,0.668236,0.000366086
86.5306,0.672092,0.000368595
86.9388,0.675546,0.000370791
87.3469,0.679772,0.000373381
87.7551,0.683551,0.000375024
88.1633,0.68724,0.000377225
88.5714,0.691597,0.000380423
88.9796,0.695932,0.00038281
89.3878,0.699068,0.000385132
89.7959,0.70389,0.000388026
90.2041,0.706783,0.000389586
90.6122,0.710742,0.000392228
91.0204,0.71446,0.000394209
91.4286,0.718745,0.000397247
91.8367,0.722168,0.000399637
92.2449,0.727367,0.000403876
92.6531,0.730342,0.000404456
93.0612,0.73364,0.000405787
93.4694,0.738554,0.000409199
93.8776,0.742522,0.000411277
94.2857,0.745916,0.000414918
94.6939,0.750284,0.00041715
95.102,0.753454,0.000418424
95.5102,0.757764,0.000421333
95.9184,0.762206,0.000425204
96.3265,0.766617,0.000427107
96.7347,0.770519,0.000430586
97.1429,0.77389,0.000430585
97.551,0.777674,0.000434016
97.9592,0.782553,0.000437304
98.3673,0.78526,0.000438871
98.7755,0.789638,0.000442298
99.1837,0.794207,0.000444479
99.5918,0.79851,0.000447912
100.0,0.802994,0.000450499
100.816,0.809923,0.000454325
101.633,0.817775,0.000459835
102.449,0.825786,0.000463995
103.265,0.833852,0.000469386
104.082,0.84194,0.000474386
104.898,0.850797,0.000481431
105.714,0.857637,0.000484742
106.531,0.865791,0.000489503
107.347,0.874034,0.000494397
108.163,0.882279,0.000500041
108.98,0.890171,0.00050594
109.796,0.89824,0.000510757
110.612,0.906826,0.000515571
111.429,0.915914,0.000522331
112.245,0.922457,0.000525785
113.061,0.931023,0.000532354
113.878,0.939446,0.000537418
114.694,0.947458,0.000541697
115.51,0.95493,0.00054693
116.327,0.963656,0.000551723
117.143,0.971691,0.000557434
117.959,0.98113,0.000564615
118.776,0.988411,0.000569166
119.592,0.997504,0.000574311
120.408,1.00391,0.000579243
121.224,1.01346,0.00058582
122.041,1.02102,0.000589232
122.857,1.02961,0.000593601
123.673,1.03774,0.00059957
124.49,1.04548,0.000606026
125.306,1.05448,0.000610593
126.122,1.0629,0.000616057
126.939,1.07052,0.000621619
127.755,1.07924,0.000627194
128.571,1.08729,0.000632065
129.388,1.09636,0.000639418
130.204,1.10469,0.000644088
131.02,1.11253,0.000648892
131.837,1.12084,0.000653674
132.653,1.12884,0.000659188
133.469,1.13638,0.000664647
134.286,1.14557,0.00067097
135.102,1.15468,0.000677484
135.918,1.16232,0.000683371
136.735,1.17186,0.000687756
137.551,1.17938,0.000692417
138.367,1.18904,0.00070095
139.184,1.19561,0.000703565
140.0,1.20461,0.000709943
140.816,1.21194,0.000714364
141.633,1.22171,0.000721636
142.449,1.22917,0.000725776
143.265,1.2382,0.000733648
144.082,1.24799,0.000738759
144.898,1.25395,0.000741556
145.714,1.26334,0.000749095
146.531,1.27223,0.000754491
147.347,1.28072,0.000761334
148.163,1.28972,0.000768665
148.98,1.2988,0.000773381
149.796,1.30456,0.000774188
150.612,1.31351,0.000782292
151.429,1.32274,0.000788665
152.245,1.33286,0.000794333
153.061,1.33977,0.000798679
153.878,1.35024,0.000807809
154.694,1.35751,0.000811193
155.51,1.36848,0.000820475
156.327,1.376,0.000822198
157.143,1.38288,0.000828999
157.959,1.39147,0.000834311
158.776,1.40097,0.000839803
159.592,1.40974,0.000847682
160.408,1.41814,0.000851514
161.224,1.42728,0.000856642
162.041,1.43445,0.000862605
162.857,1.4441,0.000869946
163.673,1.45226,0.000874691
164.49,1.46116,0.000879738
165.306,1.47082,0.000887416
166.122,1.47907,0.000893621
166.939,1.48581,0.000896944
167.755,1.49539,0.00090141
168.571,1.50488,0.000910751
169.388,1.51508,0.00091952
170.204,1.5212,0.000919019
171.02,1.53048,0.000928402
171.837,1.54075,0.0009365
172.653,1.54925,0.000941333
173.469,1.55439,0.000944126
174.286,1.56514,0.000952406
175.102,1.5731,0.000955601
175.918,1.58194,0.000964515
176.735,1.59226,0.000971623
177.551,1.60086,0.000975022
178.367,1.60821,0.000978908
179.184,1.61801,0.000988635
180.0,1.62724,0.000995717
180.816,1.63395,0.000997213
181.633,1.64424,0.00100452
182.449,1.65224,0.00101088
183.265,1.66076,0.00101508
184.082,1.66941,0.00102022
184.898,1.67985,0.00102883
185.714,1.68659,0.00103338
186.531,1.69755,0.00104327
187.347,1.70652,0.00104724
188.163,1.71574,0.00105427
188.98,1.72345,0.00106154
189.796,1.73286,0.00106257
190.612,1.74148,0.0010726
191.429,1.7493,0.00107663
192.245,1.75881,0.00108259
193.061,1.76938,0.0010928
193.878,1.77599,0.00109808
194.694,1.78569,0.00110158
195.51,1.79581,0.00110864
196.327,1.80326,0.00111374
197.143,1.81185,0.00112257
197.959,1.81946,0.00112576
198.776,1.82991,0.00112954
199.592,1.8394,0.00114044
200.408,1.84595,0.00114357
201.224,1.85624,0.00115081
202.041,1.86594,0.00115897
202.857,1.87519,0.00116626
203.673,1.88379,0.00117211
204.49,1.89424,0.00117854
205.306,1.90098,0.00117932
206.122,1.91057,0.00118669
206.939,1.91708,0.00119039
207.755,1.92675,0.00119833
208.571,1.93511,0.00120372
209.388,1.94583,0.00121006
210.204,1.95422,0.00121951
211.02,1.96337,0.00122367
211.837,1.97424,0.00123213
212.653,1.98429,0.00123773
213.469,1.99185,0.00124444
214.286,2.00004,0.00125033
215.102,2.00671,0.00125674
215.918,2.01939,0.00126626
216.735,2.02614,0.00126998
217.551,2.03495,0.00127609
218.367,2.04865,0.001288
219.184,2.05371,0.00128686
220.0,2.06343,0.00129752
221.633,2.07934,0.0013065
223.265,2.0977,0.0013194
224.898,2.11711,0.00133449
226.531,2.13778,0.00134653
228.163,2.15267,0.00136113
229.796,2.17487,0.00137847
231.429,2.18748,0.00138215
233.061,2.20839,0.00139953
234.694,2.225,0.00140705
236.327,2.24308,0.0014219
237.959,2.26089,0.0014315
239.592,2.28106,0.00144664
241.224,2.2979,0.00146247
242.857,2.31626,0.00146888
244.49,2.33598,0.00148571
246.122,2.35192,0.00149606
247.755,2.37354,0.00151617
249.388,2.39172,0.00152975
251.02,2.41058,0.00154276
252.653,2.42765,0.00155648
254.286,2.44761,0.00157126
255.918,2.46718,0.00158581
257.551,2.48185,0.00159346
259.184,2.50114,0.00160318
260.816,2.52247,0.00162466
262.449,2.53951,0.00163727
264.082,2.55646,0.00164606
265.714,2.57768,0.00166107
267.347,2.5911,0.00167077
268.98,2.61372,0.00168645
270.612,2.63116,0.00170016
272.245,2.64831,0.00170666
273.878,2.66685,0.00172465
275.51,2.68561,0.0017309
277.143,2.70354,0.00174633
278.776,2.72556,0.00177031
280.408,2.7421,0.00178197
282.041,2.76004,0.00179213
283.673,2.78148,0.00180984
285.306,2.8015,0.00182718
286.939,2.82145,0.00184211
288.571,2.83654,0.0018452
290.204,2.8541,0.0018571
291.837,2.87578,0.00187185
293.469,2.89429,0.00189445
295.102,2.91298,0.00190229
296.735,2.92962,0.00191495
298.367,2.95101,0.00192831
300.0,2.96767,0.00194353
301.633,2.98619,0.00196065
303.265,3.00518,0.00196695
304.898,3.02051,0.00197515
306.531,3.04379,0.00200058
308.163,3.06365,0.002015
309.796,3.07992,0.00202302
311.429,3.09934,0.00203158
313.061,3.12199,0.00205846
314.694,3.14059,0.00207398
316.327,3.15606,0.00208124
317.959,3.17439,0.0020932
319.592,3.19508,0.0021041
321.224,3.21319,0.00212465
322.857,3.23328,0.00213543
324.49,3.25242,0.00214753
326.122,3.27071,0.00216614
327.755,3.28963,0.00217453
329.388,3.30893,0.00218599
331.02,3.32596,0.00219839
332.653,3.35305,0.00222948
334.286,3.36645,0.00223239
335.918,3.38846,0.00225311
337.551,3.40422,0.00225837
339.184,3.42535,0.00227076
340.816,3.4449,0.00228865
342.449,3.46232,0.00230272
344.082,3.48483,0.00232425
345.714,3.50216,0.00232606
347.347,3.52198,0.00235359
348.98,3.53955,0.00237729
350.612,3.55763,0.00236697
352.245,3.5758,0.00238289
353.878,3.59999,0.00240431
355.51,3.61805,0.0024345
357.143,3.63691,0.00244431
358.776,3.65839,0.00245787
360.408,3.67667,0.00247118
362.041,3.69191,0.00247245
363.673,3.71621,0.00249747
365.306,3.73179,0.00250218
366.939,3.75226,0.00251765
368.571,3.77137,0.00254934
370.204,3.79179,0.00254135
371.837,3.80801,0.00255544
373.469,3.83379,0.00259285
375.102,3.85046,0.00258969
376.735,3.87053,0.0026046
378.367,3.88483,0.00262018
380.0,3.90979,0.00263966
382.449,3.93604,0.00265503
384.898,3.96812,0.00268605
387.347,3.99243,0.00269519
389.796,4.02234,0.00271904
392.245,4.05661,0.00274895
394.694,4.07952,0.00275441
397.143,4.11309,0.00279305
399.592,4.14589,0.00281186
402.041,4.16556,0.00281755
404.49,4.2053,0.00285994
406.939,4.22977,0.00286739
409.388,4.25872,0.00289536
411.837,4.28716,0.00292634
414.286,4.31948,0.00294999
416.735,4.34622,0.00296586
419.184,4.37657,0.00297631
421.633,4.41096,0.00301704
424.082,4.44072,0.00304512
426.531,4.46699,0.00306127
428.98,4.49269,0.00306369
431.429,4.52383,0.00309555
433.878,4.55571,0.00312317
436.327,4.58165,0.00314167
438.776,4.61825,0.00317922
441.224,4.64254,0.003182
443.673,4.67868,0.00322148
446.122,4.70897,0.00324084
448.571,4.72763,0.00325743
451.02,4.76392,0.00326472
453.469,4.79399,0.00329548
455.918,4.82448,0.00332678
458.367,4.85419,0.00336117
460.816,4.88905,0.00338145
463.265,4.91763,0.00342318
465.714,4.94192,0.0034191
468.163,4.96908,0.00342774
470.612,5.00548,0.00347647
473.061,5.03165,0.0034725
475.51,5.05794,0.00348927
477.959,5.09557,0.00353334
480.408,5.13055,0.00356579
482.857,5.15373,0.00358316
485.306,5.18656,0.00361453
487.755,5.21456,0.00361789
490.204,5.24804,0.00364904
492.653,5.27388,0.00365965
495.102,5.30436,0.00369652
497.551,5.34502,0.00374923
500.0,5.36969,0.00376532
502.449,5.39767,0.00376229
504.898,5.43011,0.00378443
507.347,5.45044,0.00379438
509.796,5.48605,0.00382462
512.245,5.5205,0.00386237
514.694,5.55009,0.00389604
517.143,5.57644,0.00389945
519.592,5.60846,0.00392702
522.041,5.64317,0.00397936
524.49,5.66213,0.00396298
526.939,5.69337,0.00398838
529.388,5.73092,0.00402702
531.837,5.76393,0.00406821
534.286,5.79078,0.00405422
536.735,5.82511,0.00410383
539.184,5.85046,0.00411749
541.633,5.88528,0.00415291
544.082,5.92005,0.00418521
546.531,5.94348,0.00418207
548.98,5.97391,0.00422115
551.429,6.00689,0.00424316
553.878,6.03607,0.00424777
556.327,6.06654,0.00430044
558.776,6.10063,0.00431533
561.224,6.12673,0.00433639
563.673,6.15745,0.00435775
566.122,6.18502,0.00437991
568.571,6.21688,0.00439996
571.02,6.24901,0.0044294
573.469,6.28041,0.00443456
575.918,6.31215,0.00446351
578.367,6.34951,0.00451295
580.816,6.36691,0.00451992
583.265,6.40963,0.00455703
585.714,6.43197,0.00458727
588.163,6.4628,0.00458866
590.612,6.4941,0.00461579
593.061,6.53065,0.00467657
595.51,6.55514,0.00466791
597.959,6.58094,0.00466928
600.408,6.61913,0.00470951
602.857,6.65605,0.00475028
605.306,6.67901,0.00478
607.755,6.71445,0.0047764
610.204,6.7387,0.0048211
612.653,6.77279,0.00481648
615.102,6.80521,0.00486688
617.551,6.83472,0.00485534
620.0,6.87619,0.00491935
622.449,6.89706,0.00496091
624.898,6.9327,0.00495425
627.347,6.95636,0.00494387
629.796,6.99998,0.00500844
632.245,7.03145,0.00504626
634.694,7.05739,0.00506917
637.143,7.09284,0.0050905
639.592,7.12338,0.00512242
642.041,7.14182,0.0051096
644.49,7.18045,0.00518616
646.939,7.21404,0.00522131
649.388,7.23817,0.00522623
651.837,7.27376,0.00527414
654.286,7.31685,0.0052988
656.735,7.33512,0.00529325
659.184,7.37775,0.00535592
661.633,7.4026,0.00532695
664.082,7.43053,0.00535644
666.531,7.46499,0.00537626
668.98,7.49464,0.00540717
671.429,7.52532,0.0054114
673.878,7.55108,0.00546044
676.327,7.58523,0.0054959
678.776,7.6193,0.00553458
681.224,7.66097,0.00557212
683.673,7.67955,0.00554592
686.122,7.71235,0.00556797
688.571,7.74459,0.00558277
691.02,7.77518,0.00564264
693.469,7.80662,0.00564185
695.918,7.84498,0.00569728
698.367,7.87101,0.00569123
700.816,7.90619,0.00574689
703.265,7.93643,0.0057496
705.714,7.95906,0.00578643
708.163,8.00062,0.00582702
710.612,8.03327,0.00584193
713.061,8.06738,0.00591002
715.51,8.09123,0.00589467
717.959,8.12792,0.00591213
720.408,8.14876,0.00594203
722.857,8.18568,0.00594794
725.306,8.22268,0.00601616
727.755,8.24923,0.00603174
730.204,8.28724,0.00604835
732.653,8.31301,0.00608601
735.102,8.34595,0.00607491
737.551,8.38229,0.00615205
740.0,8.41769,0.00617481
743.265,8.44092,0.00615127
746.531,8.48892,0.00623172
749.796,8.53944,0.00628415
753.061,8.58323,0.00627539
756.327,8.62039,0.00633075
759.592,8.6652,0.00635467
762.857,8.69764,0.00636785
766.122,8.73808,0.00638743
769.388,8.80234,0.00651635
772.653,8.83058,0.0064577
775.918,8.86846,0.00652131
779.184,8.91752,0.00652002
782.449,8.966,0.0065909
785.714,9.0011,0.00662113
788.98,9.04679,0.00663651
792.245,9.09177,0.00665656
795.51,9.12878,0.0067035
798.776,9.17821,0.00676862
802.041,9.21673,0.00678037
805.306,9.25268,0.00680777
808.571,9.303,0.00687301
811.837,9.34316,0.00690765
815.102,9.38779,0.00697316
818.367,9.44155,0.00701404
821.633,9.4699,0.00699567
824.898,9.51768,0.00705345
828.163,9.56123,0.00707616
831.429,9.59999,0.00706528
834.694,9.64296,0.00716793
837.959,9.68525,0.00714685
841.224,9.73657,0.00718782
844.49,9.77748,0.00726863
847.755,9.81102,0.00728519
851.02,9.86631,0.00737683
854.286,9.91243,0.00736718
857.551,9.9521,0.00744952
860.816,9.99002,0.00742446
864.082,10.0205,0.00744208
867.347,10.077,0.00750802
870.612,10.1188,0.00752186
873.878,10.1483,0.00752603
877.143,10.2008,0.00759481
880.408,10.2455,0.00761448
883.673,10.2832,0.0076339
886.939,10.3325,0.00774544
890.204,10.3675,0.00772139
893.469,10.4355,0.00784353
896.735,10.4649,0.00778581
900.0,10.5061,0.00783177
903.265,10.5533,0.00786375
906.531,10.5959,0.00794948
909.796,10.6331,0.00796252
913.061,10.6835,0.00798725
916.327,10.7268,0.00801776
919.592,10.7707,0.0080276
922.857,10.817,0.00813178
926.122,10.8662,0.00813867
929.388,10.8863,0.00813129
932.653,10.9384,0.00822967
935.918,10.9825,0.00820521
939.184,11.0237,0.00826224
942.449,11.0786,0.00833823
945.714,11.1247,0.00833702
948.98,11.1675,0.0083863
952.245,11.1999,0.00843411
955.51,11.2547,0.00847452
958.776,11.3013,0.0085335
962.041,11.3392,0.00857891
965.306,11.3731,0.0085119
968.571,11.4147,0.00851967
971.837,11.4578,0.00865231
975.102,11.5071,0.00865432
978.367,11.55,0.00869104
981.633,11.5772,0.00864767
984.898,11.6188,0.00867795
988.163,11.6929,0.00882228
991.429,11.7374,0.00891399
994.694,11.7483,0.00884452
997.959,11.7958,0.00884497
1001.22,11.8498,0.00894199
1004.49,11.8946,0.00902103
1007.76,11.9344,0.0090117
1011.02,11.9827,0.00902434
1014.29,12.0305,0.00902245
1017.55,12.0712,0.00911421
1020.82,12.1265,0.00923924
1024.08,12.1705,0.00921453
1027.35,12.2206,0.0093365
1030.61,12.2455,0.00930672
1033.88,12.315,0.00935969
1037.14,12.3386,0.00937346
1040.41,12.3925,0.00945605
1043.67,12.4238,0.00945067
1046.94,12.4734,0.00949816
1050.2,12.5168,0.00951648
1053.47,12.5391,0.00942727
1056.73,12.626,0.00956962
1060.0,12.6377,0.00953889
1064.9,12.7262,0.00966451
1069.8,12.799,0.00982134
1074.69,12.8309,0.00977504
1079.59,12.8999,0.00986185
1084.49,12.9723,0.00983101
1089.39,13.0399,0.00987653
1094.29,13.1172,0.0100382
1099.18,13.1877,0.0101027
1104.08,13.2561,0.0101089
1108.98,13.3141,0.010198
1113.88,13.3811,0.0102967
1118.78,13.4262,0.0101986
1123.67,13.5348,0.0104449
1128.57,13.5842,0.0103783
1133.47,13.6584,0.0104947
1138.37,13.7007,0.0104546
1143.27,13.7566,0.0104634
1148.16,13.8458,0.0105351
1153.06,13.9266,0.0107844
1157.96,13.9844,0.0107178
1162.86,14.0386,0.0107632
1167.76,14.1166,0.010831
1172.65,14.171,0.0108844
1177.55,14.2496,0.0108963
1182.45,14.3125,0.0110392
1187.35,14.3892,0.0110497
1192.24,14.4269,0.0111343
1197.14,14.5142,0.0112851
1202.04,14.6052,0.0113533
1206.94,14.6544,0.0113589
1211.84,14.7003,0.0112699
1216.73,14.7921,0.0114725
1221.63,14.8642,0.0114337
1226.53,14.9214,0.0114889
1231.43,15.0112,0.0116577
1236.33,15.046,0.0115672
1241.22,15.146,0.0117233
1246.12,15.1782,0.011757
1251.02,15.2326,0.011761
1255.92,15.3042,0.0118058
1260.82,15.3861,0.0119622
1265.71,15.4682,0.012011
1270.61,15.5246,0.0120016
1275.51,15.6033,0.012158
1280.41,15.6626,0.0121849
1285.31,15.7272,0.0123089
1290.2,15.7922,0.0122564
1295.1,15.857,0.012242
1300.0,15.9313,0.0123705
1304.9,16.0108,0.0124761
1309.8,16.0726,0.0124806
1314.69,16.1363,0.0125193
1319.59,16.1959,0.0124992
1324.49,16.2786,0.0126546
1329.39,16.3289,0.0127214
1334.29,16.422,0.0128651
1339.18,16.4945,0.0128757
1344.08,16.5715,0.0130133
1348.98,16.6128,0.0129978
1353.88,16.6623,0.0130582
1358.78,16.7521,0.0130061
1363.67,16.8065,0.0131444
1368.57,16.8638,0.0130446
1373.47,16.9536,0.0132322
1378.37,16.9978,0.0132243
1383.27,17.0816,0.0134128
1388.16,17.148,0.0133302
1393.06,17.2278,0.0135696
1397.96,17.3028,0.0134376
1402.86,17.3726,0.0135619
1407.76,17.4297,0.0137206
1412.65,17.5219,0.0138104
1417.55,17.5839,0.0139128
1422.45,17.6222,0.013747
1427.35,17.6906,0.0139597
1432.24,17.7653,0.014056
1437.14,17.842,0.0140639
1442.04,17.9303,0.0140882
1446.94,18.0003,0.0141165
1451.84,18.0477,0.0143171
1456.73,18.0994,0.0142432
1461.63,18.1752,0.0141851
1466.53,18.2406,0.0143728
1471.43,18.3388,0.0144047
1476.33,18.3886,0.0144666
1481.22,18.4841,0.0147556
1486.12,18.5265,0.0145559
1491.02,18.6035,0.0147055
1495.92,18.6604,0.0146245
1500.82,18.7283,0.014733
1505.71,18.8014,0.0148913
1510.61,18.8893,0.0148938
1515.51,18.9118,0.014808
1520.41,19.0286,0.0149764
1525.31,19.0695,0.015113
1530.2,19.1449,0.0152518
1535.1,19.2003,0.0150757
1540.0,19.3053,0.0153191
1547.35,19.3839,0.015356
1554.69,19.4974,0.0154919
1562.04,19.5734,0.0154813
1569.39,19.6926,0.0154505
1576.73,19.8198,0.0159014
1584.08,19.8982,0.0155836
1591.43,20.0264,0.016119
1598.78,20.0931,0.0157506
1606.12,20.2274,0.0159321
1613.47,20.3212,0.0162465
1620.82,20.4262,0.0163957
1628.16,20.5333,0.0164334
1635.51,20.6287,0.0163412
1642.86,20.7582,0.0166122
1650.2,20.8245,0.0163774
1657.55,20.9405,0.0166827
1664.9,21.0411,0.0166758
1672.24,21.1612,0.0167981
1679.59,21.2689,0.0170849
1686.94,21.3595,0.0170199
1694.29,21.4606,0.0171428
1701.63,21.5808,0.0171247
1708.98,21.6675,0.0173726
1716.33,21.7816,0.0176701
1723.67,21.8581,0.0173632
1731.02,21.9936,0.0177574
1738.37,22.0973,0.0174832
1745.71,22.1915,0.0178183
1753.06,22.2949,0.0178195
1760.41,22.3958,0.0178731
1767.76,22.5513,0.018116
1775.1,22.5897,0.018248
1782.45,22.7344,0.0182651
1789.8,22.8239,0.0184071
1797.14,22.9365,0.0184802
1804.49,23.0711,0.0187188
1811.84,23.1649,0.0185397
1819.18,23.2454,0.0184062
1826.53,23.3665,0.0185816
1833.88,23.4452,0.0186863
1841.22,23.5832,0.0190929
1848.57,23.637,0.018863
1855.92,23.7634,0.0191699
1863.27,23.8508,0.0189549
1870.61,24.0111,0.0195014
1877.96,24.0984,0.0193518
1885.31,24.1653,0.019401
1892.65,24.2855,0.0196294
1900.0,24.4317,0.0198031
1907.35,24.545,0.019903
1914.69,24.6079,0.0201469
1922.04,24.7435,0.0202156
1929.39,24.8278,0.0199271
1936.73,24.966,0.0202481
1944.08,25.0592,0.0205392
1951.43,25.1367,0.0202299
1958.78,25.2674,0.0204836
1966.12,25.3619,0.0203001
1973.47,25.4575,0.0206581
1980.82,25.5738,0.0209287
1988.16,25.6679,0.0207125
1995.51,25.7965,0.0210186
2002.86,25.8735,0.0208935
2010.2,26.0194,0.0211939
2017.55,26.0745,0.0209968
2024.9,26.2351,0.0217064
2032.24,26.3077,0.0212557
2039.59,26.4073,0.021195
2046.94,26.5695,0.0215597
2054.29,26.6282,0.0214943
2061.63,26.7561,0.0216914
2068.98,26.8659,0.021995
2076.33,26.9546,0.0219721
2083.67,27.1003,0.0222522
2091.02,27.1803,0.0223962
2098.37,27.3156,0.0227445
2105.71,27.3732,0.022264
2113.06,27.5219,0.02262
2120.41,27.6091,0.0223295
2127.76,27.7036,0.0224159
2135.1,27.8048,0.0226308
2142.45,27.9355,0.0229975
2149.8,28.0277,0.0228294
2157.14,28.1352,0.022895
2164.49,28.2139,0.0228493
2171.84,28.3724,0.0230913
2179.18,28.4303,0.0230997
2186.53,28.563,0.0234774
2193.88,28.6848,0.0234918
2201.22,28.7761,0.023459
2208.57,28.9425,0.0239993
2215.92,28.9715,0.0238455
2223.27,29.1121,0.0238798
2230.61,29.1879,0.0237945
2237.96,29.3483,0.0242351
2245.31,29.475,0.024097
2252.65,29.5759,0.0242957
2260.0,29.6246,0.0242519
2271.02,29.7785,0.024373
2282.04,29.9596,0.0246613
2293.06,30.1411,0.0249188
2304.08,30.3206,0.0249166
2315.1,30.4297,0.0249746
2326.12,30.5981,0.0248739
2337.14,30.7458,0.025257
2348.16,30.939,0.0255689
2359.18,31.0776,0.0252602
2370.2,31.2677,0.0259062
2381.22,31.417,0.0260655
2392.24,31.5964,0.0263206
2403.27,31.7509,0.025975
2414.29,31.9434,0.0263915
2425.31,32.0637,0.0264034
2436.33,32.2829,0.0268783
2447.35,32.437,0.0269702
2458.37,32.5411,0.0265238
2469.39,32.6992,0.0271057
2480.41,32.8731,0.0271981
2491.43,33.0909,0.027502
2502.45,33.2003,0.0276385
2513.47,33.3762,0.027449
2524.49,33.5439,0.0279625
2535.51,33.6646,0.0279659
2546.53,33.8828,0.0281653
2557.55,34.0095,0.0278451
2568.57,34.189,0.0279188
2579.59,34.3857,0.0289132
2590.61,34.5697,0.0288741
2601.63,34.6875,0.028709
2612.65,34.8484,0.0292356
2623.67,35.0192,0.0291608
2634.69,35.1569,0.0291248
2645.71,35.3117,0.0295612
2656.73,35.4933,0.0294731
2667.76,35.7023,0.0300319
2678.78,35.8624,0.0299841
2689.8,35.9415,0.02963
2700.82,36.1976,0.029889
2711.84,36.3447,0.0302829
2722.86,36.5421,0.0304194
2733.88,36.6762,0.030711
2744.9,36.8139,0.0307829
2755.92,37.0126,0.0313111
2766.94,37.1834,0.0313657
2777.96,37.3576,0.0310724
2788.98,37.478,0.0313702
2800.0,37.6517,0.0316487
2814.29,37.8662,0.0317511
2828.57,38.0761,0.0320201
2842.86,38.2701,0.0319626
2857.14,38.5832,0.0325883
2871.43,38.7284,0.0325284
2885.71,38.979,0.0329304
2900.0,39.16,0.0330077
2914.29,39.4174,0.0330073
2928.57,39.568,0.0337536
2942.86,39.7713,0.0332227
2957.14,40.0279,0.0338594
2971.43,40.2088,0.033559
2985.71,40.4095,0.0340479
3000.0,40.6549,0.0343997
3014.29,40.9107,0.0341658
3028.57,41.1428,0.0345746
3042.86,41.2574,0.0348504
3057.14,41.4862,0.0348173
3071.43,41.7758,0.035694
3085.71,41.9793,0.0361476
3100.0,42.2125,0.0357987
3114.29,42.4558,0.0361916
3128.57,42.6394,0.036237
3142.86,42.8377,0.0360075
3157.14,43.0405,0.0367131
3171.43,43.2161,0.0367335
3185.71,43.4482,0.0368147
3200.0,43.684,0.0368465
3214.29,43.8816,0.0369168
3228.57,44.1903,0.0378377
3242.86,44.3429,0.0377135
3257.14,44.5549,0.0376127
3271.43,44.7784,0.0380342
3285.71,44.9774,0.0377218
3300.0,45.1907,0.0383938
3314.29,45.3609,0.0384784
3328.57,45.6185,0.0394657
3342.86,45.9394,0.0395804
3357.14,46.1246,0.0393524
3371.43,46.3376,0.0399914
3385.71,46.5579,0.039972
3400.0,46.7854,0.0397394
3414.29,46.9193,0.0404207
3428.57,47.2093,0.0410115
3442.86,47.4237,0.0403705
3457.14,47.5598,0.0407692
3471.43,47.8278,0.0407135
3485.71,48.0432,0.041226
3500.0,48.3252,0.0412711
3520.41,48.5868,0.041224
3540.82,48.9729,0.0420165
3561.22,49.2475,0.041951
3581.63,49.5618,0.0426962
3602.04,49.9306,0.0432878
3622.45,50.0635,0.0420908
3642.86,50.4555,0.0433887
3663.27,50.811,0.0436396
3683.67,51.0382,0.0437052
3704.08,51.4559,0.0445152
3724.49,51.763,0.0446435
3744.9,52.0655,0.0448459
3765.31,52.373,0.0446631
3785.71,52.6852,0.0452553
3806.12,52.9996,0.0453594
3826.53,53.231,0.0454154
3846.94,53.5796,0.0460044
3867.35,53.9282,0.0470923
3887.76,54.2052,0.0467316
3908.16,54.5379,0.047252
3928.57,54.9032,0.0474396
3948.98,55.1719,0.0479201
3969.39,55.5119,0.047454
3989.8,55.9234,0.0486385
4010.2,56.1884,0.0491272
4030.61,56.3973,0.0481616
4051.02,56.7485,0.0490136
4071.43,57.1276,0.0503678
4091.84,57.4074,0.0493346
4112.24,57.7341,0.0506695
4132.65,58.0542,0.0499869
4153.06,58.3762,0.0502049
4173.47,58.6761,0.051606
4193.88,58.9905,0.0517643
4214.29,59.3895,0.0515925
4234.69,59.6147,0.0523377
4255.1,59.8739,0.0529376
4275.51,60.3068,0.0520518
4295.92,60.5944,0.0517376
4316.33,60.965,0.0536062
4336.73,61.2852,0.0534659
4357.14,61.5615,0.0537382
4377.55,61.831,0.0544598
4397.96,62.1837,0.0546365
4418.37,62.4605,0.0541757
4438.78,62.8551,0.0554305
4459.18,63.1203,0.054488
4479.59,63.4242,0.0549571
4500.0,63.8278,0.0558936
4530.61,64.2322,0.0561578
4561.22,64.7705,0.0564736
4591.84,65.3055,0.0580288
4622.45,65.7839,0.058744
4653.06,66.1514,0.0579879
4683.67,66.728,0.0582938
4714.29,67.1675,0.0591468
4744.9,67.6626,0.0606688
4775.51,68.1564,0.0601492
4806.12,68.5915,0.059246
4836.73,69.0778,0.0600351
4867.35,69.5864,0.061337
4897.96,70.0551,0.0617731
4928.57,70.4965,0.0622581
4959.18,71.1153,0.0636885
4989.8,71.4723,0.0644338
5020.41,72.1188,0.0640866
5051.02,72.5673,0.0645194
5081.63,72.9694,0.063829
5112.24,73.5493,0.0659771
5142.86,74.006,0.065417
5173.47,74.4535,0.066338
5204.08,74.9567,0.0671401
5234.69,75.365,0.0681085
5265.31,75.8714,0.0669364
5295.92,76.4782,0.0689932
5326.53,76.935,0.0671771
5357.14,77.3367,0.0670479
5387.76,77.8527,0.0687158
5418.37,78.3525,0.0707739
5448.98,78.9294,0.0710191
5479.59,79.2932,0.0701851
5510.2,79.8871,0.0719845
5540.82,80.3262,0.0711443
5571.43,80.7789,0.0714259
5602.04,81.2862,0.073633
5632.65,81.7664,0.0723929
5663.27,82.3337,0.0738725
5693.88,82.7621,0.074516
5724.49,83.2597,0.0741131
5755.1,83.8264,0.0753593
5785.71,84.2509,0.0759842
5816.33,84.7043,0.0747656
5846.94,85.3694,0.0769127
5877.55,85.8087,0.0752394
5908.16,86.0847,0.0772306
5938.78,86.7787,0.0765449
5969.39,87.1625,0.078827
6000.0,87.6789,0.0785967
6040.82,88.2995,0.0781894
6081.63,89.0459,0.0803728
6122.45,89.6296,0.0808583
6163.27,90.407,0.081733
6204.08,90.8912,0.0808387
6244.9,91.7852,0.0826936
6285.71,92.4175,0.0822833
6326.53,93.0575,0.0828672
6367.35,93.6794,0.084874
6408.16,94.4613,0.0872121
6448.98,95.0377,0.0888796
6489.8,95.5607,0.0851132
6530.61,96.4731,0.0896179
6571.43,97.137,0.0877937
6612.24,97.6633,0.0870588
6653.06,98.2724,0.0874935
6693.88,98.9372,0.0903982
6734.69,99.7101,0.0906426
6775.51,100.336,0.0936493
6816.33,101.069,0.0931716
6857.14,101.608,0.0908992
6897.96,102.122,0.0916729
6938.78,102.984,0.0943814
6979.59,103.439,0.091757
7020.41,104.246,0.0971575
7061.22,104.923,0.0954722
7102.04,105.709,0.0968705
7142.86,106.184,0.0933646
7183.67,106.914,0.0972586
7224.49,107.683,0.0996278
7265.31,108.224,0.09762
7306.12,108.968,0.10001
7346.94,109.663,0.100312
7387.76,110.3,0.0997786
7428.57,111.001,0.0995059
7469.39,111.845,0.102033
7510.2,112.31,0.10026
7551.02,112.888,0.103447
7591.84,113.576,0.102778
7632.65,114.404,0.104772
7673.47,115.026,0.106041
7714.29,115.93,0.106875
7755.1,116.405,0.110764
7795.92,116.978,0.106294
7836.73,117.789,0.108335
7877.55,118.444,0.109832
7918.37,118.969,0.109518
7959.18,119.839,0.111723
8000.0,120.439,0.11144
8040.82,121.199,0.110804
8081.63,121.802,0.11194
8122.45,122.552,0.112841
8163.27,123.1,0.111791
8204.08,123.929,0.114854
8244.9,124.515,0.114489
8285.71,125.318,0.117806
8326.53,125.753,0.115825
8367.35,126.546,0.113903
8408.16,127.067,0.11587
8448.98,127.949,0.118458
8489.8,128.612,0.117177
8530.61,129.322,0.120413
8571.43,130.112,0.124894
8612.24,130.572,0.11801
8653.06,131.517,0.121698
8693.88,131.872,0.122607
8734.69,132.735,0.124367
8775.51,133.352,0.123927
8816.33,133.907,0.124844
8857.14,134.724,0.122622
8897.96,135.492,0.12773
8938.78,136.033,0.125074
8979.59,136.691,0.124365
9020.41,137.339,0.125012
9061.22,138.19,0.127144
9102.04,138.888,0.12636
9142.86,139.535,0.128689
9183.67,140.309,0.131298
9224.49,140.871,0.130272
9265.31,141.697,0.131351
9306.12,142.579,0.132
9346.94,143.117,0.133671
9387.76,143.615,0.133162
9428.57,144.297,0.132734
9469.39,145.143,0.139213
9510.2,145.564,0.132798
9551.02,146.285,0.135605
9591.84,147.022,0.140148
9632.65,148.022,0.143722
9673.47,148.276,0.137786
9714.29,149.281,0.138876
9755.1,149.875,0.139749
9795.92,150.588,0.137514
9836.73,151.273,0.141932
9877.55,151.569,0.13981
9918.37,152.551,0.142396
9959.18,153.069,0.140785
10000.0,153.96,0.144701
