0.0,0.0,0.0
0.000204082,0.0,0.0
0.000408163,0.0,0.0
0.000612245,0.0,0.0
0.000816327,0.0,0.0
0.00102041,0.0,0.0
0.00122449,0.0,0.0
0.00142857,0.0,0.0
0.00163265,0.0,0.0
0.00183673,0.0,0.0
0.00204082,0.0,0.0
0.0022449,0.0,0.0
0.00244898,0.0,0.0
0.00265306,0.0,0.0
0.00285714,0.0,0.0
0.00306122,0.0,0.0
0.00326531,0.0,0.0
0.00346939,0.0,0.0
0.00367347,0.0,0.0
0.00387755,0.0,0.0
0.00408163,0.0,0.0
0.00428571,0.0,0.0
0.0044898,0.0,0.0
0.00469388,0.0,0.0
0.00489796,0.0,0.0
0.00510204,0.0,0.0
0.00530612,0.0,0.0
0.0055102,0.0,0.0
0.00571429,0.0,0.0
0.00591837,0.0,0.0
0.00612245,0.0,0.0
0.00632653,0.0,0.0
0.00653061,0.0,0.0
0.00673469,0.0,0.0
0.00693878,0.0,0.0
0.00714286,0.0,0.0
0.00734694,0.0,0.0
0.00755102,0.0,0.0
0.0077551,0.0,0.0
0.00795918,0.0,0.0
0.00816327,0.0,0.0
0.00836735,0.0,0.0
0.00857143,0.0,0.0
0.00877551,0.0,0.0
0.00897959,0.0,0.0
0.00918367,0.0,0.0
0.00938776,0.0,0.0
0.00959184,0.0,0.0
0.00979592,0.0,0.0
0.01,0.0,0.0
0.0118367,0.0,0.0
0.0136735,0.0,0.0
0.0155102,0.0,0.0
0.0173469,0.0,0.0
0.0191837,0.0,0.0
0.0210204,0.0,0.0
0.0228571,0.0,0.0
0.0246939,0.0,0.0
0.0265306,0.0,0.0
0.0283673,0.0,0.0
0.0302041,0.0,0.0
0.0320408,0.0,0.0
0.0338776,0.0,0.0
0.0357143,0.0,0.0
0.037551,0.0,0.0
0.0393878,0.0,0.0
0.0412245,0.0,0.0
0.0430612,0.0,0.0
0.044898,0.0,0.0
0.0467347,0.0,0.0
0.0485714,0.0,0.0
0.0504082,0.0,0.0
0.0522449,0.0,0.0
0.0540816,0.0,0.0
0.0559184,0.0,0.0
0.0577551,0.0,0.0
0.0595918,0.0,0.0
0.0614286,0.0,0.0
0.0632653,0.0,0.0
0.065102,0.0,0.0
0.0669388,0.0,0.0
0.0687755,0.0,0.0
0.0706122,0.0,0.0
0.072449,0.0,0.0
0.0742857,0.0,0.0
0.0761224,0.0,0.0
0.0779592,0.0,0.0
0.0797959,0.0,0.0
0.0816327,0.0,0.0
0.0834694,0.0,0.0
0.0853061,0.0,0.0
0.0871429,0.0,0.0
0.0889796,0.0,0.0
0.0908163,0.0,0.0
0.0926531,0.0,0.0
0.0944898,0.0,0.0
0.0963265,0.0,0.0
0.0981633,0.0,0.0
0.1,0.0,0.0
0.102041,0.0,0.0
0.104082,0.0,0.0
0.106122,0.0,0.0
0.108163,4.39572e-16,3.04761e-19
0.110204,2.51255e-14,1.98183e-17
0.112245,2.72262e-13,2.33094e-16
0.114286,1.47267e-12,1.32947e-15
0.116327,5.44115e-12,5.11243e-15
0.118367,1.56982e-11,1.51156e-14
0.120408,3.83323e-11,3.82093e-14
0.122449,8.25141e-11,8.0523e-14
0.12449,1.61612e-10,1.58771e-13
0.126531,2.94304e-10,2.98475e-13
0.128571,5.02651e-10,4.97143e-13
0.130612,8.162e-10,8.07031e-13
0.132653,1.27379e-09,1.27608e-12
0.134694,1.91836e-09,1.85053e-12
0.136735,2.79197e-09,2.61529e-12
0.138776,3.97095e-09,4.07484e-12
0.140816,5.50067e-09,5.18705e-12
0.142857,7.47206e-09,7.10177e-12
0.144898,9.96568e-09,9.64759e-12
0.146939,1.30816e-08,1.20755e-11
0.14898,1.68878e-08,1.51404e-11
0.15102,2.15278e-08,1.98204e-11
0.153061,2.7119e-08,3.14648e-11
0.155102,3.37225e-08,3.20084e-11
0.157143,4.14677e-08,3.83665e-11
0.159184,5.07139e-08,4.62225e-11
0.161224,6.13842e-08,5.91144e-11
0.163265,7.36704e-08,6.5946e-11
0.165306,8.75884e-08,7.5321e-11
0.167347,1.03736e-07,9.03996e-11
0.169388,1.22042e-07,1.07512e-10
0.171429,1.42329e-07,1.12767e-10
0.173469,1.65591e-07,1.39141e-10
0.17551,1.91122e-07,1.6325e-10
0.177551,2.19726e-07,1.72021e-10
0.179592,2.515e-07,2.11951e-10
0.181633,2.86763e-07,2.37035e-10
0.183673,3.25276e-07,2.55783e-10
0.185714,3.6784e-07,2.88061e-10
0.187755,4.14144e-07,3.24431e-10
0.189796,4.63955e-07,3.53369e-10
0.191837,5.20113e-07,4.21809e-10
0.193878,5.79137e-07,4.28831e-10
0.195918,6.43904e-07,5.01215e-10
0.197959,7.13707e-07,5.62719e-10
0.2,7.88921e-07,5.95574e-10
0.202041,8.70379e-07,6.62904e-10
0.204082,9.57085e-07,7.1475e-10
0.206122,1.04702e-06,7.52016e-10
0.208163,1.14772e-06,8.37859e-10
0.210204,1.25277e-06,9.20045e-10
0.212245,1.36559e-06,1.22983e-09
0.214286,1.48519e-06,1.1084e-09
0.216327,1.61123e-06,1.1492e-09
0.218367,1.74768e-06,1.24638e-09
0.220408,1.88914e-06,1.37592e-09
0.222449,2.03881e-06,1.50618e-09
0.22449,2.20018e-06,1.51343e-09
0.226531,2.36746e-06,2.25658e-09
0.228571,2.54295e-06,1.85485e-09
0.230612,2.72529e-06,1.88862e-09
0.232653,2.91962e-06,1.9088e-09
0.234694,3.12911e-06,2.16403e-09
0.236735,3.34438e-06,2.73924e-09
0.238776,3.56629e-06,2.27452e-09
0.240816,3.80619e-06,2.4865e-09
0.242857,4.05554e-06,3.37674e-09
0.244898,4.30686e-06,2.94489e-09
0.246939,4.57544e-06,2.979e-09
0.24898,4.85692e-06,6.52931e-09
0.25102,5.15095e-06,3.35072e-09
0.253061,5.45413e-06,3.52875e-09
0.255102,5.76889e-06,3.84085e-09
0.257143,6.09156e-06,3.77548e-09
0.259184,6.43107e-06,4.1466e-09
0.261224,6.78528e-06,4.26721e-09
0.263265,7.14816e-06,4.50743e-09
0.265306,7.52843e-06,4.56224e-09
0.267347,7.93082e-06,4.95413e-09
0.269388,8.33092e-06,5.59797e-09
0.271429,8.75664e-06,5.36258e-09
0.273469,9.18272e-06,5.34439e-09
0.27551,9.6433e-06,6.02177e-09
0.277551,1.01028e-05,5.7555e-09
0.279592,1.05839e-05,6.55193e-09
0.281633,1.10758e-05,6.41474e-09
0.283673,1.15871e-05,7.12632e-09
0.285714,1.21143e-05,7.05949e-09
0.287755,1.26526e-05,7.75159e-09
0.289796,1.32217e-05,8.39641e-09
0.291837,1.37998e-05,8.0582e-09
0.293878,1.43974e-05,8.53446e-09
0.295918,1.50004e-05,9.21041e-09
0.297959,1.56356e-05,1.204e-08
0.3,1.62689e-05,9.22251e-09
0.302041,1.69229e-05,9.92507e-09
0.304082,1.76e-05,1.02634e-08
0.306122,1.8294e-05,1.07358e-08
0.308163,1.89968e-05,1.20454e-08
0.310204,1.97483e-05,1.15562e-08
0.312245,2.04859e-05,1.20157e-08
0.314286,2.1265e-05,1.211e-08
0.316327,2.2024e-05,1.2176e-08
0.318367,2.28633e-05,1.4087e-08
0.320408,2.36888e-05,1.50237e-08
0.322449,2.455e-05,1.55579e-08
0.32449,2.54108e-05,1.72744e-08
0.326531,2.62801e-05,1.51421e-08
0.328571,2.71996e-05,1.57682e-08
0.330612,2.80686e-05,1.51338e-08
0.332653,2.90569e-05,1.63139e-08
0.334694,3.00125e-05,1.64768e-08
0.336735,3.09723e-05,1.63992e-08
0.338776,3.2009e-05,1.7276e-08
0.340816,3.3053e-05,1.7413e-08
0.342857,3.40992e-05,2.04141e-08
0.344898,3.51919e-05,1.96447e-08
0.346939,3.62511e-05,1.94348e-08
0.34898,3.735e-05,2.03708e-08
0.35102,3.85113e-05,2.13614e-08
0.353061,3.96611e-05,2.10931e-08
0.355102,4.08513e-05,2.21332e-08
0.357143,4.20345e-05,2.64607e-08
0.359184,4.32883e-05,2.36816e-08
0.361224,4.44766e-05,2.41072e-08
0.363265,4.57858e-05,2.92563e-08
0.365306,4.70218e-05,2.43596e-08
0.367347,4.83098e-05,2.50254e-08
0.369388,4.97732e-05,2.63277e-08
0.371429,5.10738e-05,2.74139e-08
0.373469,5.24612e-05,2.98253e-08
0.37551,5.38321e-05,2.73679e-08
0.377551,5.53254e-05,3.23164e-08
0.379592,5.6781e-05,3.0949e-08
0.381633,5.82963e-05,7.33699e-08
0.383673,5.97203e-05,3.01313e-08
0.385714,6.12844e-05,3.33887e-08
0.387755,6.27733e-05,3.17227e-08
0.389796,6.44105e-05,3.46843e-08
0.391837,6.59698e-05,3.62083e-08
0.393878,6.76364e-05,3.86457e-08
0.395918,6.92355e-05,3.53703e-08
0.397959,7.09268e-05,3.56832e-08
0.4,7.27026e-05,3.75395e-08
0.402041,7.4381e-05,3.71518e-08
0.404082,7.6135e-05,4.29957e-08
0.406122,7.78965e-05,4.12694e-08
0.408163,7.97627e-05,4.13522e-08
0.410204,8.15345e-05,4.11592e-08
0.412245,8.33826e-05,4.18792e-08
0.414286,8.5256e-05,4.3769e-08
0.416327,8.71328e-05,4.24485e-08
0.418367,8.90946e-05,4.74808e-08
0.420408,9.10632e-05,4.48885e-08
0.422449,9.30073e-05,4.48644e-08
0.42449,9.49485e-05,4.733e-08
0.426531,9.69455e-05,4.73784e-08
0.428571,9.91901e-05,5.28279e-08
0.430612,0.000101317,5.30398e-08
0.432653,0.000103397,5.4616e-08
0.434694,0.000105514,5.24566e-08
0.436735,0.000107741,5.13792e-08
0.438776,0.000109871,6.24795e-08
0.440816,0.000112101,5.58682e-08
0.442857,0.00011433,6.22936e-08
0.444898,0.000116524,5.62419e-08
0.446939,0.000118929,5.68691e-08
0.44898,0.000121268,5.74877e-08
0.45102,0.00012392,1.50224e-07
0.453061,0.000126076,6.41712e-08
0.455102,0.000128527,6.4047e-08
0.457143,0.000130919,6.77615e-08
0.459184,0.000133473,7.38908e-08
0.461224,0.000135942,8.66393e-08
0.463265,0.00013849,7.38518e-08
0.465306,0.000140935,6.70322e-08
0.467347,0.000143524,6.8778e-08
0.469388,0.000146223,8.08556e-08
0.471429,0.000148718,6.79098e-08
0.473469,0.000151491,7.21293e-08
0.47551,0.000154309,7.38538e-08
0.477551,0.000156923,7.26466e-08
0.479592,0.000159624,7.64702e-08
0.481633,0.000162364,8.24526e-08
0.483673,0.000165342,7.65015e-08
0.485714,0.000168001,8.37885e-08
0.487755,0.000170933,7.95779e-08
0.489796,0.0001739,8.40486e-08
0.491837,0.000176939,8.47274e-08
0.493878,0.000179855,1.46055e-07
0.495918,0.000182629,8.08317e-08
0.497959,0.000185774,8.73952e-08
0.5,0.000188789,8.77759e-08
0.502041,0.00019199,9.32258e-08
0.504082,0.000194906,8.8546e-08
0.506122,0.000198295,1.02819e-07
0.508163,0.000201145,9.19402e-08
0.510204,0.000204377,9.83801e-08
0.512245,0.000207695,9.714e-08
0.514286,0.000210973,9.60241e-08
0.516327,0.000214323,9.67073e-08
0.518367,0.000217424,9.78986e-08
0.520408,0.00022095,1.06993e-07
0.522449,0.000224277,1.05374e-07
0.52449,0.000227786,1.03488e-07
0.526531,0.000230965,1.02286e-07
0.528571,0.000234556,1.07282e-07
0.530612,0.000238094,1.20053e-07
0.532653,0.000241542,1.11514e-07
0.534694,0.000245122,1.64965e-07
0.536735,0.000248563,1.09661e-07
0.538776,0.000252528,1.78492e-07
0.540816,0.000256268,1.32379e-07
0.542857,0.000259719,1.22735e-07
0.544898,0.000263512,1.22913e-07
0.546939,0.000267244,1.26014e-07
0.54898,0.000271019,1.2581e-07
0.55102,0.000274841,1.28006e-07
0.553061,0.00027839,1.30286e-07
0.555102,0.000282779,1.83445e-07
0.557143,0.000286538,1.86778e-07
0.559184,0.000290305,1.32238e-07
0.561224,0.000294004,1.33366e-07
0.563265,0.000298066,1.30118e-07
0.565306,0.00030231,1.65922e-07
0.567347,0.000306201,1.42819e-07
0.569388,0.000310343,1.47471e-07
0.571429,0.000314484,1.44924e-07
0.573469,0.000318516,1.4583e-07
0.57551,0.000322581,1.50236e-07
0.577551,0.000327052,1.53587e-07
0.579592,0.000331106,1.7858e-07
0.581633,0.000335325,1.53828e-07
0.583673,0.000339618,1.53946e-07
0.585714,0.000344144,1.60011e-07
0.587755,0.000348324,1.67841e-07
0.589796,0.000352454,1.5741e-07
0.591837,0.000357205,1.5591e-07
0.593878,0.000361621,1.64924e-07
0.595918,0.00036599,1.64589e-07
0.597959,0.000370789,1.9273e-07
0.6,0.00037507,1.77396e-07
0.602041,0.000379657,1.71875e-07
0.604082,0.000384504,1.86452e-07
0.606122,0.000389189,2.23544e-07
0.608163,0.000393443,1.74612e-07
0.610204,0.000397979,1.79386e-07
0.612245,0.000402881,1.7984e-07
0.614286,0.00040797,1.89502e-07
0.616327,0.000412551,1.93213e-07
0.618367,0.000417384,1.83706e-07
0.620408,0.000422439,1.93257e-07
0.622449,0.000427386,1.93724e-07
0.62449,0.000432292,2.21195e-07
0.626531,0.00043663,1.832e-07
0.628571,0.000442058,1.91397e-07
0.630612,0.000447163,2.14333e-07
0.632653,0.000451841,1.98559e-07
0.634694,0.000456917,2.02993e-07
0.636735,0.000462022,2.07039e-07
0.638776,0.000467674,2.44118e-07
0.640816,0.000472315,2.03328e-07
0.642857,0.000477332,2.08734e-07
0.644898,0.000483099,2.07315e-07
0.646939,0.000488224,2.06489e-07
0.64898,0.000493525,2.32759e-07
0.65102,0.000499193,2.47517e-07
0.653061,0.000504434,2.17831e-07
0.655102,0.000509788,2.22271e-07
0.657143,0.000515241,2.26227e-07
0.659184,0.000520549,2.2344e-07
0.661224,0.000526165,2.9269e-07
0.663265,0.000531094,2.31029e-07
0.665306,0.000537098,2.60224e-07
0.667347,0.000542497,2.36439e-07
0.669388,0.00054838,2.46828e-07
0.671429,0.000553768,2.43174e-07
0.673469,0.00055936,2.43366e-07
0.67551,0.000565182,2.64646e-07
0.677551,0.000570562,2.45111e-07
0.679592,0.000576788,2.4491e-07
0.681633,0.000582866,2.78263e-07
0.683673,0.000589293,3.01675e-07
0.685714,0.000593924,2.82683e-07
0.687755,0.00060036,2.73254e-07
0.689796,0.000606066,2.63846e-07
0.691837,0.000612314,2.94896e-07
0.693878,0.000617866,2.67052e-07
0.695918,0.000624172,2.66945e-07
0.697959,0.000630108,2.59072e-07
0.7,0.000636186,3.01561e-07
0.702041,0.000642426,2.70501e-07
0.704082,0.000648085,2.66573e-07
0.706122,0.000654867,3.02278e-07
0.708163,0.000661794,3.44532e-07
0.710204,0.000667398,3.0244e-07
0.712245,0.000674057,2.96252e-07
0.714286,0.000680107,3.23e-07
0.716327,0.000686145,3.03322e-07
0.718367,0.000692832,3.01938e-07
0.720408,0.000699225,3.60047e-07
0.722449,0.000706162,3.10872e-07
0.72449,0.000712145,2.98453e-07
0.726531,0.000719164,3.22602e-07
0.728571,0.000725276,3.38767e-07
0.730612,0.000731842,3.11854e-07
0.732653,0.000738854,3.45549e-07
0.734694,0.000744867,3.31178e-07
0.736735,0.000751628,3.25158e-07
0.738776,0.000757766,3.12237e-07
0.740816,0.000764833,3.38192e-07
0.742857,0.000771802,3.6865e-07
0.744898,0.000778901,3.31782e-07
0.746939,0.000784935,3.42826e-07
0.74898,0.0007925,3.87705e-07
0.75102,0.000799044,3.33969e-07
0.753061,0.000806379,3.52284e-07
0.755102,0.000813437,3.56115e-07
0.757143,0.000820179,3.52917e-07
0.759184,0.000827517,3.60819e-07
0.761224,0.000833657,3.50608e-07
0.763265,0.000841565,3.76099e-07
0.765306,0.000849136,3.50826e-07
0.767347,0.000856126,3.75068e-07
0.769388,0.000862672,3.81224e-07
0.771429,0.000870423,4.05031e-07
0.773469,0.000877026,3.79439e-07
0.77551,0.000884862,3.86245e-07
0.777551,0.000892626,3.78946e-07
0.779592,0.000899401,4.16499e-07
0.781633,0.000906154,4.10052e-07
0.783673,0.00091352,3.86542e-07
0.785714,0.000921794,4.24906e-07
0.787755,0.000929732,4.34416e-07
0.789796,0.000936636,3.99538e-07
0.791837,0.000943855,4.06304e-07
0.793878,0.000951819,4.14351e-07
0.795918,0.000959794,4.1545e-07
0.797959,0.000966849,4.15481e-07
0.8,0.000974593,4.20549e-07
0.802041,0.000982242,4.12912e-07
0.804082,0.000990084,4.2051e-07
0.806122,0.000998381,4.5464e-07
0.808163,0.00100508,4.22395e-07
0.810204,0.00101375,4.87794e-07
0.812245,0.00102073,4.30624e-07
0.814286,0.00102926,4.57127e-07
0.816327,0.00103636,4.19311e-07
0.818367,0.00104424,4.31993e-07
0.820408,0.00105259,4.34605e-07
0.822449,0.00106098,4.46103e-07
0.82449,0.0010683,4.3769e-07
0.826531,0.00107667,4.49073e-07
0.828571,0.00108513,4.6299e-07
0.830612,0.0010937,5.78494e-07
0.832653,0.00110119,4.56095e-07
0.834694,0.00110919,4.60673e-07
0.836735,0.00111842,5.11324e-07
0.838776,0.00112546,4.81402e-07
0.840816,0.00113429,4.82506e-07
0.842857,0.00114216,4.94657e-07
0.844898,0.00115019,4.92536e-07
0.846939,0.00115857,4.89235e-07
0.84898,0.00116887,5.22632e-07
0.85102,0.00117531,4.99886e-07
0.853061,0.00118548,5.00586e-07
0.855102,0.00119344,5.21117e-07
0.857143,0.0012016,5.66501e-07
0.859184,0.00121024,4.98457e-07
0.861224,0.00122013,5.2144e-07
0.863265,0.00122759,5.16241e-07
0.865306,0.00123711,5.22845e-07
0.867347,0.00124542,5.56604e-07
0.869388,0.00125361,5.65764e-07
0.871429,0.00126301,5.39196e-07
0.873469,0.00127163,5.39925e-07
0.87551,0.00127961,5.41098e-07
0.877551,0.00128906,5.40323e-07
0.879592,0.00129755,5.54452e-07
0.881633,0.00130743,5.59836e-07
0.883673,0.00131609,5.54683e-07
0.885714,0.00132398,5.72538e-07
0.887755,0.00133473,6.06466e-07
0.889796,0.00134241,5.49138e-07
0.891837,0.00135288,5.97937e-07
0.893878,0.00136073,5.66008e-07
0.895918,0.00136999,5.69361e-07
0.897959,0.00137994,5.63768e-07
0.9,0.00138907,5.8626e-07
0.902041,0.0013973,5.72732e-07
0.904082,0.00140791,6.30117e-07
0.906122,0.00141706,6.04163e-07
0.908163,0.00142559,5.91675e-07
0.910204,0.0014361,6.11084e-07
0.912245,0.0014445,6.09413e-07
0.914286,0.00145464,7.14651e-07
0.916327,0.00146358,6.19525e-07
0.918367,0.00147379,6.80909e-07
0.920408,0.00148294,6.20879e-07
0.922449,0.00149228,7.00416e-07
0.92449,0.00150076,6.43452e-07
0.926531,0.00151319,8.01505e-07
0.928571,0.00152193,6.6493e-07
0.930612,0.00153091,6.60847e-07
0.932653,0.00154134,6.90672e-07
0.934694,0.00155051,6.69463e-07
0.936735,0.00156002,6.84059e-07
0.938776,0.00157115,7.67451e-07
0.940816,0.00157888,6.47063e-07
0.942857,0.0015901,7.39046e-07
0.944898,0.0016002,7.05139e-07
0.946939,0.00161,6.98727e-07
0.94898,0.00161881,6.78894e-07
0.95102,0.00163102,7.1215e-07
0.953061,0.00164034,6.83545e-07
0.955102,0.00165068,7.30297e-07
0.957143,0.00166042,7.21669e-07
0.959184,0.00167105,1.11269e-06
0.961224,0.00168033,7.51871e-07
0.963265,0.00168943,7.28333e-07
0.965306,0.00169993,7.10949e-07
0.967347,0.00171214,7.62392e-07
0.969388,0.00172267,7.84103e-07
0.971429,0.00173187,8.04613e-07
0.973469,0.00174256,7.05497e-07
0.97551,0.00175411,9.6338e-07
0.977551,0.00176258,7.36035e-07
0.979592,0.00177445,7.39127e-07
0.981633,0.0017823,7.40108e-07
0.983673,0.00179299,7.36888e-07
0.985714,0.00180476,7.67366e-07
0.987755,0.00181591,7.91004e-07
0.989796,0.00182751,8.21737e-07
0.991837,0.00183637,7.66823e-07
0.993878,0.0018468,7.82387e-07
0.995918,0.00185773,7.90837e-07
0.997959,0.00186733,8.75536e-07
1.0,0.00187916,7.43255e-07
1.08163,0.00233507,1.00541e-06
1.16327,0.0028346,1.14391e-06
1.2449,0.00338572,1.42519e-06
1.32653,0.00398383,1.8797e-06
1.40816,0.00462238,1.94645e-06
1.4898,0.00530871,2.37472e-06
1.57143,0.00603339,2.55808e-06
1.65306,0.00680005,2.93327e-06
1.73469,0.00760353,3.15294e-06
1.81633,0.008454,3.57449e-06
1.89796,0.00933901,4.11415e-06
1.97959,0.0102618,4.98561e-06
2.06122,0.0112069,5.01789e-06
2.14286,0.0122178,7.07389e-06
2.22449,0.0132239,5.91547e-06
2.30612,0.0142796,5.98783e-06
2.38776,0.0153871,6.94842e-06
2.46939,0.0165043,7.5374e-06
2.55102,0.0176588,7.59897e-06
2.63265,0.0188518,8.37212e-06
2.71429,0.0200603,8.78262e-06
2.79592,0.0213074,9.7807e-06
2.87755,0.0225765,1.02378e-05
2.95918,0.0238864,1.06496e-05
3.04082,0.0251909,1.08543e-05
3.12245,0.0265461,1.19775e-05
3.20408,0.0279766,1.31125e-05
3.28571,0.0293752,1.34521e-05
3.36735,0.0308107,1.41704e-05
3.44898,0.0322706,1.50245e-05
3.53061,0.0337383,1.56043e-05
3.61224,0.0352492,1.64777e-05
3.69388,0.0368214,1.82132e-05
3.77551,0.0383396,2.13041e-05
3.85714,0.039909,1.9104e-05
3.93878,0.0414652,1.89358e-05
4.02041,0.0431795,2.03427e-05
4.10204,0.0447373,2.16731e-05
4.18367,0.0464413,2.28186e-05
4.26531,0.0481626,2.53784e-05
4.34694,0.0498081,2.33544e-05
4.42857,0.0515728,2.48274e-05
4.5102,0.0532911,2.46907e-05
4.59184,0.0550905,3.13682e-05
4.67347,0.0569271,3.02387e-05
4.7551,0.0586998,2.85842e-05
4.83673,0.0605337,3.77259e-05
4.91837,0.0623048,2.91552e-05
5.0,0.0642225,3.1724e-05
5.10204,0.0666235,3.40225e-05
5.20408,0.0689373,3.38256e-05
5.30612,0.0713449,4.46575e-05
5.40816,0.0737766,3.63188e-05
5.5102,0.0761734,3.56118e-05
5.61224,0.0787601,4.02394e-05
5.71429,0.0813146,3.98832e-05
5.81633,0.0838215,4.19776e-05
5.91837,0.0864025,4.43571e-05
6.02041,0.0889592,4.74091e-05
6.12245,0.0914822,4.44998e-05
6.22449,0.0942601,5.65372e-05
6.32653,0.0968773,5.30277e-05
6.42857,0.0995023,4.82785e-05
6.53061,0.102226,5.78238e-05
6.63265,0.104989,5.89673e-05
6.73469,0.107761,5.19821e-05
6.83673,0.110654,6.30043e-05
6.93878,0.113355,6.07419e-05
7.04082,0.116079,5.81846e-05
7.14286,0.119003,6.24487e-05
7.2449,0.121777,5.88792e-05
7.34694,0.124704,6.46753e-05
7.44898,0.127613,7.53301e-05
7.55102,0.130505,7.04283e-05
7.65306,0.133356,6.39356e-05
7.7551,0.136385,7.19151e-05
7.85714,0.139321,7.17542e-05
7.95918,0.142386,7.3697e-05
8.06122,0.145291,7.26317e-05
8.16327,0.148524,7.67344e-05
8.26531,0.151591,8.36313e-05
8.36735,0.154453,7.4474e-05
8.46939,0.157687,8.67656e-05
8.57143,0.160826,8.83677e-05
8.67347,0.163845,8.66386e-05
8.77551,0.167025,9.02811e-05
8.87755,0.170133,9.16957e-05
8.97959,0.173422,0.000121716
9.08163,0.176627,9.62824e-05
9.18367,0.179764,9.70721e-05
9.28571,0.182982,0.000102363
9.38776,0.186381,0.000118836
9.4898,0.189485,9.80572e-05
9.59184,0.19276,0.000118007
9.69388,0.196074,0.000110819
9.79592,0.199517,0.000124306
9.89796,0.202528,0.000101611
10.0,0.206122,0.000107484
10.2041,0.212854,0.000120015
10.4082,0.219583,0.000118146
10.6122,0.226419,0.000121075
10.8163,0.233392,0.000126692
11.0204,0.240106,0.000133215
11.2245,0.247209,0.000135406
11.4286,0.254286,0.000142476
11.6327,0.261487,0.00014584
11.8367,0.268766,0.000155493
12.0408,0.275923,0.000162583
12.2449,0.283219,0.000158363
12.449,0.290599,0.000184123
12.6531,0.297672,0.000153452
12.8571,0.305411,0.000176394
13.0612,0.312721,0.000182509
13.2653,0.320172,0.0001774
13.4694,0.327801,0.000176961
13.6735,0.336428,0.000557528
13.8776,0.343058,0.000203034
14.0816,0.351055,0.000255206
14.2857,0.359153,0.00020501
14.4898,0.366435,0.000212071
14.6939,0.374086,0.000204672
14.898,0.382092,0.00020846
15.102,0.389827,0.000264652
15.3061,0.397902,0.00021392
15.5102,0.406765,0.000348102
15.7143,0.414348,0.000238543
15.9184,0.422559,0.000254148
16.1224,0.430382,0.000238922
16.3265,0.438557,0.000255201
16.5306,0.446803,0.000278684
16.7347,0.455261,0.00026723
16.9388,0.463162,0.000283634
17.1429,0.471627,0.000307883
17.3469,0.48002,0.000266225
17.551,0.488732,0.000279331
17.7551,0.496682,0.000287621
17.9592,0.505451,0.000324857
18.1633,0.513739,0.00029575
18.3673,0.52266,0.000408507
18.5714,0.530846,0.000319864
18.7755,0.539557,0.000307094
18.9796,0.548119,0.000305473
19.1837,0.557276,0.000333201
19.3878,0.56589,0.00054607
19.5918,0.574014,0.000338646
19.7959,0.583309,0.000345822
20.0,0.59185,0.000325957
20.4082,0.609428,0.000360453
20.8163,0.627853,0.000392192
21.2245,0.645398,0.000395288
21.6327,0.66399,0.000414271
22.0408,0.68216,0.000411707
22.449,0.699624,0.000454485
22.8571,0.718914,0.000428168
23.2653,0.736647,0.000483446
23.6735,0.756064,0.000595748
24.0816,0.773566,0.000452564
24.4898,0.793076,0.000484451
24.898,0.812487,0.000510485
25.3061,0.831403,0.000506724
25.7143,0.850973,0.000514992
26.1224,0.868654,0.00050825
26.5306,0.888089,0.000519528
26.9388,0.908479,0.000550164
27.3469,0.928522,0.00057374
27.7551,0.947866,0.000582928
28.1633,0.967897,0.000589951
28.5714,0.987187,0.000639227
28.9796,1.00763,0.000608054
29.3878,1.02792,0.000659633
29.7959,1.04781,0.000657086
30.2041,1.06868,0.000737975
30.6122,1.08804,0.000709292
31.0204,1.10804,0.000675295
31.4286,1.12875,0.000720735
31.8367,1.1502,0.00072548
32.2449,1.17088,0.000733468
32.6531,1.19082,0.000840908
33.0612,1.21247,0.000815639
33.4694,1.23261,0.000751255
33.8776,1.25355,0.000818037
34.2857,1.27465,0.000825382
34.6939,1.29586,0.00089426
35.102,1.3176,0.000918692
35.5102,1.33947,0.000898573
35.9184,1.35921,0.00082229
36.3265,1.38098,0.000876099
36.7347,1.4037,0.000864537
37.1429,1.42431,0.000933959
37.551,1.44708,0.000944234
37.9592,1.46564,0.000918551
38.3673,1.48838,0.000949924
38.7755,1.51252,0.00121275
39.1837,1.53264,0.00100064
39.5918,1.55555,0.00106527
40.0,1.57771,0.00107586
40.4082,1.59669,0.0010241
40.8163,1.61937,0.00112755
41.2245,1.64301,0.00108101
41.6327,1.66512,0.00107915
42.0408,1.68825,0.0010452
42.449,1.71071,0.00110931
42.8571,1.73555,0.00118117
43.2653,1.75506,0.00109351
43.6735,1.77649,0.00116113
44.0816,1.80081,0.00117115
44.4898,1.82362,0.00117728
44.898,1.84467,0.00130846
45.3061,1.86995,0.0013233
45.7143,1.89318,0.0013743
46.1224,1.91504,0.00134324
46.5306,1.93928,0.00143348
46.9388,1.96359,0.00151623
47.3469,1.9847,0.00136307
47.7551,2.00612,0.0013803
48.1633,2.02963,0.00130963
48.5714,2.05432,0.00142733
48.9796,2.07842,0.00138784
49.3878,2.10001,0.00150456
49.7959,2.12394,0.00160821
50.2041,2.14991,0.00172317
50.6122,2.17261,0.00164592
51.0204,2.19514,0.00162882
51.4286,2.21495,0.00145321
51.8367,2.24321,0.00155182
52.2449,2.26752,0.00158597
52.6531,2.29121,0.00189755
53.0612,2.31446,0.00172647
53.4694,2.34072,0.00155639
53.8776,2.36105,0.00164546
54.2857,2.38497,0.00168441
54.6939,2.41168,0.00201611
55.102,2.43712,0.00181791
55.5102,2.456,0.00179151
55.9184,2.48199,0.0017027
56.3265,2.5071,0.00172778
56.7347,2.5308,0.00175688
57.1429,2.55222,0.00168498
57.551,2.58052,0.00181284
57.9592,2.60177,0.00176068
58.3673,2.62504,0.00176261
58.7755,2.65049,0.00205129
59.1837,2.67549,0.00186649
59.5918,2.70434,0.00184116
60.0,2.72588,0.0022786
60.4082,2.74941,0.00186016
60.8163,2.77663,0.00223479
61.2245,2.80205,0.00203772
61.6327,2.82695,0.00190091
62.0408,2.85116,0.00216693
62.449,2.87242,0.00221954
62.8571,2.89827,0.00239225
63.2653,2.9236,0.00199566
63.6735,2.94741,0.00191382
64.0816,2.9755,0.00204889
64.4898,3.00084,0.00222382
64.898,3.02622,0.00366452
65.3061,3.0508,0.00245285
65.7143,3.07915,0.00345408
66.1224,3.10239,0.00358797
66.5306,3.12382,0.00218307
66.9388,3.14873,0.00208291
67.3469,3.17806,0.00281978
67.7551,3.20286,0.00226749
68.1633,3.22494,0.00218721
68.5714,3.25205,0.00231543
68.9796,3.27786,0.00237184
69.3878,3.30346,0.00255148
69.7959,3.32771,0.00236688
70.2041,3.35843,0.0028639
70.6122,3.37985,0.0025088
71.0204,3.40812,0.00248154
71.4286,3.43411,0.00246302
71.8367,3.46251,0.00259104
72.2449,3.48248,0.0023693
72.6531,3.50813,0.00255437
73.0612,3.53648,0.00255747
73.4694,3.56669,0.0030767
73.8776,3.58207,0.00252029
74.2857,3.61003,0.00256329
74.6939,3.64028,0.00314709
75.102,3.66701,0.00273525
75.5102,3.69143,0.00255922
75.9184,3.71845,0.00282835
76.3265,3.74266,0.0025469
76.7347,3.76946,0.00259382
77.1429,3.79569,0.00271873
77.551,3.82442,0.00352872
77.9592,3.84786,0.00270545
78.3673,3.87843,0.00294015
78.7755,3.90116,0.00301155
79.1837,3.92683,0.00334391
79.5918,3.95226,0.00291188
80.0,3.98135,0.00303937
80.4082,4.00472,0.00279087
80.8163,4.03348,0.00306281
81.2245,4.0613,0.0031688
81.6327,4.09491,0.00326319
82.0408,4.11595,0.00324224
82.449,4.13868,0.00290163
82.8571,4.17079,0.00306757
83.2653,4.19823,0.00310864
83.6735,4.22065,0.00296956
84.0816,4.24499,0.00313203
84.4898,4.27593,0.00321681
84.898,4.30246,0.00299293
85.3061,4.32505,0.00308622
85.7143,4.35204,0.00319754
86.1224,4.37979,0.00325278
86.5306,4.40667,0.00341276
86.9388,4.43657,0.00337666
87.3469,4.46036,0.0030266
87.7551,4.49157,0.00321708
88.1633,4.51839,0.00429369
88.5714,4.54315,0.00373131
88.9796,4.56628,0.00329162
89.3878,4.60497,0.00354626
89.7959,4.63342,0.00347826
90.2041,4.65168,0.00360226
90.6122,4.68446,0.00388407
91.0204,4.7095,0.00428422
91.4286,4.73657,0.0034508
91.8367,4.76858,0.00428857
92.2449,4.79289,0.00337358
92.6531,4.82009,0.0034218
93.0612,4.84557,0.00366687
93.4694,4.87525,0.00350472
93.8776,4.90336,0.00364074
94.2857,4.92792,0.00431026
94.6939,4.95877,0.00369387
95.102,4.98126,0.00370818
95.5102,5.01206,0.00375335
95.9184,5.03342,0.00342343
96.3265,5.0639,0.00345069
96.7347,5.0902,0.00361312
97.1429,5.11728,0.00390352
97.551,5.14632,0.00360186
97.9592,5.17749,0.00414239
98.3673,5.20514,0.00369888
98.7755,5.23393,0.00378395
99.1837,5.26174,0.0040272
99.5918,5.28572,0.00384371
100.0,5.32496,0.00413128
100.816,5.37404,0.0041218
101.633,5.43228,0.00395791
102.449,5.48248,0.00389542
103.265,5.55102,0.00445865
104.082,5.59711,0.00408919
104.898,5.64883,0.00580527
105.714,5.70448,0.0040202
106.531,5.76237,0.00408683
107.347,5.81899,0.00425911
108.163,5.8723,0.0041682
108.98,5.93473,0.0043898
109.796,5.99781,0.00435052
110.612,6.05701,0.00551581
111.429,6.11152,0.00438152
112.245,6.16467,0.00443099
113.061,6.22484,0.00453681
113.878,6.28255,0.00462184
114.694,6.33848,0.00519224
115.51,6.39198,0.00456187
116.327,6.45158,0.00455618
117.143,6.51104,0.00464047
117.959,6.56542,0.0048931
118.776,6.63685,0.00757018
119.592,6.68889,0.00540856
120.408,6.75471,0.00673425
121.224,6.80099,0.0051394
122.041,6.85318,0.00522531
122.857,6.92152,0.00584765
123.673,6.97792,0.00552316
124.49,7.03342,0.00626
125.306,7.08986,0.00530843
126.122,7.16314,0.00887045
126.939,7.21077,0.00498457
127.755,7.27143,0.00547786
128.571,7.34064,0.00630399
129.388,7.3929,0.00520213
130.204,7.45325,0.00607721
131.02,7.50252,0.0057011
131.837,7.56512,0.00629914
132.653,7.63057,0.00646354
133.469,7.67666,0.00560843
134.286,7.74883,0.00663045
135.102,7.80181,0.00596779
135.918,7.87049,0.00592661
136.735,7.93557,0.00641909
137.551,8.00113,0.00907791
138.367,8.03787,0.00582744
139.184,8.10202,0.00585172
140.0,8.16933,0.0061995
140.816,8.23469,0.007087
141.633,8.27728,0.0060578
142.449,8.3527,0.0062028
143.265,8.40385,0.00651892
144.082,8.48255,0.00936784
144.898,8.53568,0.00620232
145.714,8.59337,0.00666703
146.531,8.6577,0.00782009
147.347,8.70835,0.0065735
148.163,8.76968,0.00645266
148.98,8.83264,0.00732347
149.796,8.90165,0.00793953
150.612,8.95394,0.00684683
151.429,9.02223,0.00673012
152.245,9.08151,0.00709882
153.061,9.12757,0.00682964
153.878,9.20464,0.00697612
154.694,9.27132,0.0121972
155.51,9.32393,0.00699942
156.327,9.38519,0.00706978
157.143,9.45589,0.00812331
157.959,9.51082,0.00903508
158.776,9.57037,0.00780791
159.592,9.62725,0.00750928
160.408,9.70626,0.00829318
161.224,9.75016,0.00860998
162.041,9.81503,0.00752078
162.857,9.87507,0.00884341
163.673,9.94945,0.00750917
164.49,10.0214,0.00888538
165.306,10.0787,0.00829598
166.122,10.1347,0.00988638
166.939,10.1907,0.00846045
167.755,10.2577,0.00877428
168.571,10.3094,0.00763641
169.388,10.3783,0.00879501
170.204,10.4629,0.0112527
171.02,10.5044,0.00983493
171.837,10.5922,0.00922057
172.653,10.635,0.00850265
173.469,10.708,0.00885178
174.286,10.7582,0.00872225
175.102,10.8365,0.011228
175.918,10.9028,0.00913654
176.735,10.9435,0.00795342
177.551,11.0177,0.00853471
178.367,11.0888,0.00914422
179.184,11.121,0.00783794
180.0,11.1941,0.00938083
180.816,11.2597,0.0107925
181.633,11.3244,0.00942087
182.449,11.3894,0.00924484
183.265,11.4582,0.00857773
184.082,11.5182,0.00926014
184.898,11.5818,0.00879958
185.714,11.651,0.00938378
186.531,11.7,0.00874746
187.347,11.7741,0.00916983
188.163,11.85,0.0112528
188.98,11.9132,0.00981397
189.796,11.9931,0.01092
190.612,12.0382,0.00928693
191.429,12.0933,0.00983665
192.245,12.1539,0.00989565
193.061,12.2254,0.00926034
193.878,12.3026,0.010031
194.694,12.3628,0.00979989
195.51,12.4196,0.00965891
196.327,12.475,0.00989368
197.143,12.5615,0.00974038
197.959,12.6145,0.0103227
198.776,12.6764,0.0096619
199.592,12.7341,0.00953208
200.408,12.7949,0.00953693
201.224,12.8645,0.0101458
202.041,12.9249,0.00967181
202.857,12.9998,0.0107952
203.673,13.0687,0.0124565
204.49,13.1504,0.0111198
205.306,13.2143,0.0263237
206.122,13.2712,0.0119547
206.939,13.3276,0.0106584
207.755,13.4207,0.0114217
208.571,13.4638,0.0110152
209.388,13.5267,0.0114074
210.204,13.5994,0.0117804
211.02,13.6745,0.0115972
211.837,13.7158,0.0117842
212.653,13.7923,0.0113374
213.469,13.852,0.0111676
214.286,13.9087,0.0104667
215.102,13.9896,0.0121129
215.918,14.0421,0.010649
216.735,14.1303,0.0109052
217.551,14.1825,0.0114021
218.367,14.2416,0.0108453
219.184,14.3174,0.011625
220.0,14.3847,0.0137362
221.633,14.519,0.0122422
223.265,14.6392,0.0119557
224.898,14.7771,0.0127643
226.531,14.9249,0.0178474
228.163,15.0263,0.0112475
229.796,15.1714,0.0120318
231.429,15.3172,0.0121132
233.061,15.4436,0.012793
234.694,15.5735,0.0118646
236.327,15.7335,0.0147822
237.959,15.8267,0.0126188
239.592,15.9861,0.0142143
241.224,16.1296,0.0136377
242.857,16.2367,0.0135565
244.49,16.3854,0.0129434
246.122,16.536,0.0168054
247.755,16.6602,0.0140354
249.388,16.7807,0.0133518
251.02,16.9513,0.0161285
252.653,17.0597,0.012768
254.286,17.2062,0.0170156
255.918,17.3606,0.015189
257.551,17.468,0.0143791
259.184,17.6099,0.0143681
260.816,17.7429,0.0147946
262.449,17.8653,0.0144733
264.082,18.0025,0.0149321
265.714,18.1363,0.0141124
267.347,18.2495,0.0136591
268.98,18.4402,0.0158202
270.612,18.5547,0.014886
272.245,18.7203,0.0202735
273.878,18.8332,0.0156912
275.51,18.9963,0.0221738
277.143,19.1041,0.0158465
278.776,19.2565,0.0180734
280.408,19.4031,0.015036
282.041,19.5137,0.0150336
283.673,19.6958,0.0259478
285.306,19.7932,0.0156076
286.939,19.9238,0.0160767
288.571,20.0947,0.0159933
290.204,20.2424,0.0176567
291.837,20.3787,0.017913
293.469,20.5045,0.0182004
295.102,20.6578,0.0250276
296.735,20.7885,0.0176686
298.367,20.9154,0.0162757
300.0,21.0511,0.0165608
301.633,21.2168,0.0184175
303.265,21.3437,0.0167004
304.898,21.4597,0.0186509
306.531,21.6227,0.0175173
308.163,21.7932,0.0259677
309.796,21.96,0.0192684
311.429,22.028,0.0171162
313.061,22.191,0.0176085
314.694,22.3342,0.0192358
316.327,22.4773,0.0187412
317.959,22.6306,0.0226681
319.592,22.7328,0.0182828
321.224,22.8849,0.0175525
322.857,23.0209,0.0182531
324.49,23.1706,0.0214785
326.122,23.328,0.0228315
327.755,23.5021,0.0217862
329.388,23.6163,0.0196765
331.02,23.7543,0.0229116
332.653,23.9199,0.0230967
334.286,24.0395,0.0219254
335.918,24.1778,0.0199104
337.551,24.3214,0.0206194
339.184,24.4708,0.0216199
340.816,24.6491,0.0221488
342.449,24.7363,0.0204273
344.082,24.8736,0.0207735
345.714,25.0481,0.022211
347.347,25.1849,0.0213846
348.98,25.3159,0.0258249
350.612,25.4685,0.0207948
352.245,25.639,0.0219679
353.878,25.7437,0.0207315
355.51,25.9216,0.0259395
357.143,26.0654,0.0213409
358.776,26.1938,0.0227644
360.408,26.3639,0.0225316
362.041,26.4891,0.0236798
363.673,26.7035,0.0355165
365.306,26.7482,0.021787
366.939,26.9183,0.0238533
368.571,27.0983,0.0442478
370.204,27.1946,0.0240805
371.837,27.3614,0.0238561
373.469,27.5198,0.0230469
375.102,27.6463,0.021652
376.735,27.7984,0.0252591
378.367,27.9936,0.0235965
380.0,28.1069,0.0240391
382.449,28.3742,0.0265753
384.898,28.546,0.0226964
387.347,28.7557,0.0265455
389.796,28.9992,0.0302375
392.245,29.2148,0.0316657
394.694,29.3711,0.025533
397.143,29.6221,0.0256806
399.592,29.8452,0.0247262
402.041,30.0661,0.0253881
404.49,30.3058,0.0265273
406.939,30.512,0.0241383
409.388,30.7116,0.0242938
411.837,30.9664,0.0300056
414.286,31.1973,0.0274911
416.735,31.455,0.0291704
419.184,31.6314,0.028057
421.633,31.8465,0.0259373
424.082,32.054,0.0279372
426.531,32.3037,0.0280885
428.98,32.5116,0.027298
431.429,32.7609,0.0292894
433.878,33.0132,0.0347764
436.327,33.2081,0.0288477
438.776,33.4331,0.0298434
441.224,33.6909,0.0302041
443.673,33.9,0.0296039
446.122,34.0884,0.0283439
448.571,34.3573,0.0344398
451.02,34.5214,0.0307441
453.469,34.7739,0.0298182
455.918,35.051,0.0328821
458.367,35.2233,0.0319219
460.816,35.4992,0.0362638
463.265,35.7127,0.0669018
465.714,35.9451,0.0305399
468.163,36.1463,0.0348545
470.612,36.3799,0.0362732
473.061,36.5373,0.031845
475.51,36.77,0.0342676
477.959,37.073,0.0323743
480.408,37.3107,0.0336371
482.857,37.4498,0.0293497
485.306,37.74,0.0308855
487.755,37.9952,0.036515
490.204,38.2162,0.032107
492.653,38.4,0.0317936
495.102,38.6607,0.0322627
497.551,38.9577,0.0397691
500.0,39.1099,0.0385372
502.449,39.4052,0.0397885
504.898,39.6202,0.0484639
507.347,39.7907,0.032967
509.796,39.9967,0.0325267
512.245,40.2326,0.0348957
514.694,40.4966,0.0343551
517.143,40.6849,0.0339961
519.592,40.9558,0.034364
522.041,41.2327,0.0485178
524.49,41.4701,0.0348181
526.939,41.7083,0.051494
529.388,41.9782,0.0454587
531.837,42.105,0.0347715
534.286,42.3444,0.0407506
536.735,42.6115,0.0366302
539.184,42.7927,0.0374484
541.633,43.0252,0.0340818
544.082,43.2685,0.036129
546.531,43.5335,0.0437001
548.98,43.7653,0.0467374
551.429,43.9912,0.039067
553.878,44.325,0.0913426
556.327,44.4214,0.0383366
558.776,44.6911,0.0402896
561.224,44.9279,0.0382235
563.673,45.2434,0.0486133
566.122,45.3784,0.0421707
568.571,45.6157,0.0410256
571.02,45.8653,0.0444524
573.469,46.1922,0.0430026
575.918,46.4137,0.0479669
578.367,46.6054,0.049902
580.816,46.8413,0.0594955
583.265,46.9759,0.0389564
585.714,47.3119,0.0389793
588.163,47.609,0.0573049
590.612,47.7824,0.0421696
593.061,48.0008,0.0425329
595.51,48.2563,0.0506732
597.959,48.425,0.0414827
600.408,48.731,0.0623723
602.857,49.005,0.0472707
605.306,49.3968,0.120497
607.755,49.4266,0.0428987
610.204,49.6416,0.041826
612.653,49.9236,0.0453311
615.102,50.1069,0.0432377
617.551,50.3763,0.0428554
620.0,50.608,0.0449689
622.449,50.8543,0.043467
624.898,51.1847,0.061486
627.347,51.3605,0.0441395
629.796,51.5787,0.045619
632.245,51.8274,0.104714
634.694,52.0469,0.0945412
637.143,52.1414,0.044449
639.592,52.5217,0.0465656
642.041,52.7954,0.0499227
644.49,53.0068,0.0473711
646.939,53.2472,0.0453987
649.388,53.5584,0.0504233
651.837,53.6113,0.0473399
654.286,53.9411,0.0491374
656.735,54.2077,0.0473039
659.184,54.4049,0.0513708
661.633,54.7173,0.052466
664.082,54.9822,0.0503569
666.531,55.2684,0.0853698
668.98,55.5145,0.0815198
671.429,55.785,0.0797815
673.878,55.8739,0.0490058
676.327,56.0694,0.0483966
678.776,56.3438,0.0481503
681.224,56.6922,0.0526018
683.673,56.8476,0.0511031
686.122,57.1015,0.0510095
688.571,57.3895,0.0487146
691.02,57.5646,0.0482896
693.469,57.8652,0.0497079
695.918,58.0081,0.0490311
698.367,58.4079,0.0514036
700.816,58.537,0.0545134
703.265,58.8354,0.0535271
705.714,58.9582,0.049316
708.163,59.2363,0.0535008
710.612,59.4343,0.0576364
713.061,59.7442,0.0644076
715.51,60.0392,0.050871
717.959,60.2914,0.0530487
720.408,60.493,0.054777
722.857,60.8106,0.0535354
725.306,61.1038,0.0560874
727.755,61.3013,0.0565064
730.204,61.5793,0.0587211
732.653,61.8299,0.0653795
735.102,61.9744,0.053921
737.551,62.3187,0.0557036
740.0,62.5417,0.0538376
743.265,62.7607,0.057163
746.531,63.1795,0.0617412
749.796,63.4656,0.0546366
753.061,63.6966,0.0553331
756.327,64.1025,0.0538903
759.592,64.4425,0.0598272
762.857,64.8146,0.0563802
766.122,65.1673,0.0668813
769.388,65.4938,0.0596911
772.653,65.7696,0.0629786
775.918,66.0262,0.0560165
779.184,66.3703,0.059757
782.449,66.809,0.0706328
785.714,66.9504,0.0572465
788.98,67.3793,0.0585934
792.245,67.759,0.0732729
795.51,67.9804,0.0601247
798.776,68.323,0.0567718
802.041,68.7026,0.0575104
805.306,69.0382,0.0792598
808.571,69.3233,0.0729678
811.837,69.8905,0.0904595
815.102,70.0923,0.065675
818.367,70.4146,0.0666123
821.633,70.6636,0.0621504
824.898,71.2024,0.0713086
828.163,71.3962,0.0670579
831.429,71.6581,0.0630414
834.694,72.1153,0.0907757
837.959,72.405,0.062191
841.224,72.775,0.0686147
844.49,73.0364,0.0642427
847.755,73.3635,0.0730874
851.02,73.8041,0.0680019
854.286,74.1507,0.0713028
857.551,74.426,0.0637314
860.816,74.6527,0.0778227
864.082,75.077,0.0677706
867.347,75.3997,0.0680473
870.612,75.7241,0.0707811
873.878,76.0677,0.0901305
877.143,76.4013,0.0711418
880.408,76.7291,0.0681914
883.673,77.1953,0.0898643
886.939,77.4891,0.0751897
890.204,77.8579,0.108765
893.469,78.1199,0.0756746
896.735,78.3757,0.070291
900.0,78.7365,0.0714923
903.265,79.0536,0.0697188
906.531,79.3987,0.0716591
909.796,79.7013,0.0698274
913.061,80.0836,0.0743603
916.327,80.5023,0.0728393
919.592,80.9399,0.117587
922.857,81.2247,0.0768221
926.122,81.4497,0.0755518
929.388,81.9277,0.0756031
932.653,82.4816,0.178551
935.918,82.7347,0.0903564
939.184,82.816,0.083613
942.449,83.2719,0.0788758
945.714,83.6935,0.0781315
948.98,83.7658,0.0736003
952.245,84.1943,0.0742627
955.51,84.3538,0.0728146
958.776,84.7798,0.077429
962.041,85.2379,0.0860271
965.306,85.4606,0.0756936
968.571,86.1171,0.0999734
971.837,86.209,0.0843554
975.102,86.4846,0.0770396
978.367,86.883,0.0795661
981.633,87.1209,0.0751237
984.898,87.5493,0.0876055
988.163,88.0436,0.11188
991.429,88.2117,0.0764855
994.694,88.6506,0.0826341
997.959,89.0087,0.0857779
1001.22,89.2741,0.0889939
1004.49,89.6101,0.0807946
1007.76,89.9943,0.0864479
1011.02,90.2206,0.0801775
1014.29,90.9245,0.103249
1017.55,91.0887,0.0803528
1020.82,91.3238,0.0816308
1024.08,91.5843,0.0839997
1027.35,92.1279,0.0945474
1030.61,92.5285,0.159648
1033.88,92.7598,0.103197
1037.14,93.1951,0.0871628
1040.41,93.5644,0.107472
1043.67,93.7573,0.0852216
1046.94,94.1388,0.0975063
1050.2,94.4046,0.0852511
1053.47,95.0869,0.100578
1056.73,95.2484,0.130105
1060.0,95.583,0.0902115
1064.9,96.0951,0.092514
1069.8,96.7118,0.10484
1074.69,97.116,0.089754
1079.59,97.5168,0.0920169
1084.49,98.1532,0.0894225
1089.39,98.6284,0.11226
1094.29,99.08,0.0883924
1099.18,99.7029,0.0930658
1104.08,100.421,0.0995629
1108.98,100.768,0.0953047
1113.88,101.276,0.10288
1118.78,101.709,0.0881626
1123.67,102.212,0.0882465
1128.57,102.776,0.0915509
1133.47,103.3,0.101591
1138.37,104.026,0.19103
1143.27,104.286,0.10091
1148.16,104.842,0.0942278
1153.06,105.651,0.114257
1157.96,106.049,0.100955
1162.86,106.431,0.113963
1167.76,106.952,0.0914323
1172.65,107.383,0.0942802
1177.55,108.273,0.116476
1182.45,108.76,0.121548
1187.35,109.171,0.0943661
1192.24,109.702,0.108242
1197.14,110.191,0.110293
1202.04,110.713,0.100829
1206.94,111.364,0.117028
1211.84,111.639,0.109833
1216.73,112.156,0.111509
1221.63,112.729,0.0971858
1226.53,113.407,0.109072
1231.43,113.883,0.101904
1236.33,114.455,0.125468
1241.22,114.961,0.105974
1246.12,115.44,0.10857
1251.02,116.005,0.106125
1255.92,116.583,0.110973
1260.82,117.04,0.106292
1265.71,117.615,0.104491
1270.61,118.119,0.105325
1275.51,118.844,0.117654
1280.41,119.391,0.121628
1285.31,119.749,0.111485
1290.2,120.359,0.118588
1295.1,120.718,0.112546
1300.0,121.376,0.119107
1304.9,121.799,0.113866
1309.8,122.554,0.117223
1314.69,122.862,0.121207
1319.59,123.437,0.112995
1324.49,124.058,0.120359
1329.39,124.635,0.117403
1334.29,125.236,0.113283
1339.18,125.771,0.112649
1344.08,126.323,0.137051
1348.98,126.746,0.13135
1353.88,127.382,0.129891
1358.78,127.831,0.127872
1363.67,128.377,0.13226
1368.57,128.753,0.114786
1373.47,129.5,0.114494
1378.37,130.002,0.127432
1383.27,130.482,0.127664
1388.16,130.969,0.122742
1393.06,131.321,0.111611
1397.96,132.248,0.118799
1402.86,132.8,0.146869
1407.76,133.169,0.1333
1412.65,133.679,0.129871
1417.55,134.315,0.139366
1422.45,134.656,0.122073
1427.35,135.379,0.136623
1432.24,135.766,0.126065
1437.14,136.391,0.127654
1442.04,137.173,0.157938
1446.94,137.663,0.13531
1451.84,138.114,0.130503
1456.73,138.821,0.13093
1461.63,138.85,0.122203
1466.53,139.768,0.139819
1471.43,140.331,0.139921
1476.33,140.872,0.132219
1481.22,141.27,0.128882
1486.12,142.032,0.131455
1491.02,142.364,0.142692
1495.92,143.101,0.129166
1500.82,143.44,0.1338
1505.71,144.232,0.145908
1510.61,144.585,0.134939
1515.51,145.303,0.135525
1520.41,145.825,0.146515
1525.31,146.338,0.14042
1530.2,146.764,0.128003
1535.1,147.338,0.136726
1540.0,147.991,0.14207
1547.35,148.867,0.141526
1554.69,149.602,0.153363
1562.04,150.687,0.211875
1569.39,151.198,0.136851
1576.73,152.019,0.139633
1584.08,152.69,0.140266
1591.43,153.582,0.141961
1598.78,154.714,0.177253
1606.12,155.482,0.188237
1613.47,156.314,0.142986
1620.82,156.935,0.151994
1628.16,157.884,0.151707
1635.51,158.8,0.185022
1642.86,159.436,0.161225
1650.2,160.518,0.151516
1657.55,161.184,0.213775
1664.9,162.005,0.161274
1672.24,162.488,0.163392
1679.59,163.532,0.148093
1686.94,164.276,0.143584
1694.29,165.568,0.167539
1701.63,165.902,0.145743
1708.98,167.023,0.166031
1716.33,167.793,0.16439
1723.67,168.44,0.152842
1731.02,169.577,0.177649
1738.37,170.363,0.155623
1745.71,170.849,0.159262
1753.06,172.617,0.269375
1760.41,173.025,0.177944
1767.76,173.654,0.210926
1775.1,174.219,0.164611
1782.45,175.329,0.172199
1789.8,175.825,0.158574
1797.14,176.727,0.173139
1804.49,178.166,0.18713
1811.84,178.393,0.168829
1819.18,179.59,0.180515
1826.53,180.174,0.162894
1833.88,181.194,0.18098
1841.22,181.907,0.167297
1848.57,182.879,0.170895
1855.92,183.871,0.199766
1863.27,184.457,0.171636
1870.61,185.462,0.175108
1877.96,186.197,0.172723
1885.31,187.172,0.251487
1892.65,188.022,0.193195
1900.0,188.536,0.194113
1907.35,189.773,0.174416
1914.69,190.646,0.193426
1922.04,191.676,0.218173
1929.39,191.894,0.170007
1936.73,192.694,0.20524
1944.08,193.783,0.170856
1951.43,194.602,0.194789
1958.78,195.276,0.172095
1966.12,196.557,0.199394
1973.47,197.12,0.176585
1980.82,197.927,0.186257
1988.16,198.874,0.20694
1995.51,199.956,0.190627
2002.86,200.37,0.182434
2010.2,201.49,0.199749
2017.55,202.371,0.193674
2024.9,203.344,0.187653
2032.24,204.312,0.18819
2039.59,204.74,0.177077
2046.94,205.829,0.190282
2054.29,206.766,0.212353
2061.63,207.523,0.18893
2068.98,208.675,0.212933
2076.33,209.462,0.2037
2083.67,210.15,0.233184
2091.02,210.792,0.21944
2098.37,212.022,0.219564
2105.71,212.964,0.229007
2113.06,213.405,0.18904
2120.41,214.725,0.231652
2127.76,215.249,0.227296
2135.1,216.22,0.22503
2142.45,217.088,0.201633
2149.8,217.88,0.201741
2157.14,219.247,0.24391
2164.49,219.182,0.193097
2171.84,220.533,0.232215
2179.18,221.568,0.216956
2186.53,222.205,0.205229
2193.88,223.367,0.269637
2201.22,224.387,0.235623
2208.57,224.668,0.2129
2215.92,225.812,0.244759
2223.27,226.382,0.213106
2230.61,227.548,0.277758
2237.96,227.962,0.20689
2245.31,229.48,0.214729
2252.65,229.494,0.212486
2260.0,230.933,0.268795
2271.02,231.938,0.204915
2282.04,233.175,0.221876
2293.06,234.863,0.250027
2304.08,236.259,0.231587
2315.1,237.39,0.227641
2326.12,239.203,0.683475
2337.14,240.019,0.279032
2348.16,241.15,0.231582
2359.18,242.742,0.245341
2370.2,244.053,0.247567
2381.22,245.072,0.280748
2392.24,246.593,0.278456
2403.27,247.916,0.226842
2414.29,248.785,0.223755
2425.31,250.202,0.237356
2436.33,251.274,0.233514
2447.35,252.85,0.226117
2458.37,254.538,0.315906
2469.39,255.841,0.259798
2480.41,256.943,0.256853
2491.43,257.852,0.234648
2502.45,259.436,0.276259
2513.47,261.235,0.276706
2524.49,262.455,0.245919
2535.51,263.544,0.318286
2546.53,264.935,0.270216
2557.55,266.469,0.286691
2568.57,267.974,0.291459
2579.59,268.884,0.272697
2590.61,269.784,0.276167
2601.63,271.446,0.260049
2612.65,272.827,0.266272
2623.67,274.484,0.470962
2634.69,275.387,0.263721
2645.71,276.483,0.318037
2656.73,278.548,0.265949
2667.76,279.736,0.307278
2678.78,281.069,0.27369
2689.8,282.341,0.267364
2700.82,283.636,0.301247
2711.84,284.951,0.337725
2722.86,286.338,0.289133
2733.88,287.67,0.281544
2744.9,288.636,0.381977
2755.92,290.124,0.283405
2766.94,291.485,0.276708
2777.96,292.662,0.297763
2788.98,293.916,0.279912
2800.0,295.439,0.294391
2814.29,297.394,0.384674
2828.57,298.87,0.288135
2842.86,300.455,0.347956
2857.14,302.363,0.31932
2871.43,303.88,0.314146
2885.71,305.976,0.309148
2900.0,307.469,0.280811
2914.29,309.96,0.376404
2928.57,311.9,0.314476
2942.86,312.904,0.347507
2957.14,314.76,0.320341
2971.43,316.573,0.304308
2985.71,317.927,0.30937
3000.0,319.871,0.301174
3014.29,321.887,0.314624
3028.57,323.98,0.413626
3042.86,325.019,0.310382
3057.14,327.249,0.322158
3071.43,328.18,0.322933
3085.71,330.036,0.301715
3100.0,332.387,0.33189
3114.29,333.771,0.338539
3128.57,335.897,0.378743
3142.86,337.49,0.345609
3157.14,339.523,0.353915
3171.43,341.016,0.365387
3185.71,343.244,0.374483
3200.0,344.882,0.38974
3214.29,346.647,0.346469
3228.57,348.917,0.519971
3242.86,349.765,0.3383
3257.14,351.924,0.345669
3271.43,353.423,0.383297
3285.71,355.008,0.326789
3300.0,357.033,0.373035
3314.29,358.485,0.40432
3328.57,360.414,0.429772
3342.86,361.766,0.394936
3357.14,364.342,0.359641
3371.43,366.24,0.371206
3385.71,367.52,0.395933
3400.0,369.819,0.373193
3414.29,370.711,0.354704
3428.57,373.523,0.381266
3442.86,374.317,0.373536
3457.14,375.562,0.350467
3471.43,378.325,0.428793
3485.71,380.008,0.380414
3500.0,381.52,0.376946
3520.41,385.012,0.399329
3540.82,387.152,0.383267
3561.22,389.582,0.382854
3581.63,391.823,0.384206
3602.04,394.94,0.432554
3622.45,398.046,0.479115
3642.86,400.031,0.563957
3663.27,402.328,0.39061
3683.67,405.367,0.387604
3704.08,407.037,0.461081
3724.49,410.01,0.430612
3744.9,412.089,0.388821
3765.31,414.455,0.41833
3785.71,417.309,0.404642
3806.12,421.019,0.646617
3826.53,423.252,0.458817
3846.94,425.591,0.446681
3867.35,428.757,0.45214
3887.76,430.78,0.459603
3908.16,433.626,0.613046
3928.57,436.027,0.454912
3948.98,438.653,0.425301
3969.39,441.557,0.45857
3989.8,442.745,0.41276
4010.2,446.948,0.4781
4030.61,448.881,0.528083
4051.02,451.146,0.42037
4071.43,455.015,0.468224
4091.84,456.407,0.493843
4112.24,460.065,0.527444
4132.65,461.445,0.589237
4153.06,463.761,0.468057
4173.47,467.158,0.580073
4193.88,469.265,0.478509
4214.29,472.827,0.510578
4234.69,474.813,0.44408
4255.1,477.305,0.530495
4275.51,479.955,0.564788
4295.92,483.025,0.570168
4316.33,484.443,0.452244
4336.73,487.563,0.4843
4357.14,490.065,0.510717
4377.55,492.616,0.500275
4397.96,495.776,0.521201
4418.37,499.11,0.591595
4438.78,501.333,0.501044
4459.18,503.334,0.482951
4479.59,506.799,0.560196
4500.0,510.215,0.50908
4530.61,513.328,0.643394
4561.22,517.538,0.582035
4591.84,520.939,0.577901
4622.45,525.571,1.59185
4653.06,528.387,0.614823
4683.67,532.258,0.533519
4714.29,535.901,0.518649
4744.9,540.238,0.574796
4775.51,544.971,0.544859
4806.12,549.997,1.81964
4836.73,551.388,0.537153
4867.35,557.304,0.693261
4897.96,561.28,0.691575
4928.57,564.854,0.596616
4959.18,568.227,0.570846
4989.8,572.045,0.562208
5020.41,576.129,0.661137
5051.02,579.751,0.687771
5081.63,584.69,0.614089
5112.24,588.474,0.749619
5142.86,592.041,0.624286
5173.47,596.799,0.67573
5204.08,600.924,0.769982
5234.69,604.673,0.66775
5265.31,608.09,0.611972
5295.92,611.489,0.625132
5326.53,617.204,0.641138
5357.14,620.597,0.610357
5387.76,625.659,0.857759
5418.37,628.539,0.629503
5448.98,633.975,0.771305
5479.59,635.827,0.646956
5510.2,640.609,0.730179
5540.82,644.085,0.650796
5571.43,648.063,0.641951
5602.04,653.411,0.695511
5632.65,658.045,0.790026
5663.27,662.618,0.824891
5693.88,664.46,0.677803
5724.49,668.387,0.643806
5755.1,672.932,0.682808
5785.71,677.101,0.672667
5816.33,681.324,0.744486
5846.94,685.257,0.852316
5877.55,689.005,0.730259
5908.16,693.6,0.692939
5938.78,698.83,0.787778
5969.39,702.049,0.754577
6000.0,706.676,0.723252
6040.82,711.407,0.818269
6081.63,717.178,0.796251
6122.45,721.781,0.710099
6163.27,729.441,0.820798
6204.08,734.011,0.920781
6244.9,738.992,0.768497
6285.71,745.35,0.827131
6326.53,749.739,0.769396
6367.35,756.403,0.896138
6408.16,761.659,0.947306
6448.98,767.614,1.54549
6489.8,771.948,0.779643
6530.61,777.781,0.963789
6571.43,783.515,0.868656
6612.24,788.757,0.852067
6653.06,793.673,0.800316
6693.88,799.671,0.883333
6734.69,807.213,2.23004
6775.51,809.959,0.775448
6816.33,816.671,1.02494
6857.14,820.542,0.823513
6897.96,827.142,0.839509
6938.78,832.505,0.932567
6979.59,838.002,0.884013
7020.41,843.984,0.887819
7061.22,848.722,0.945754
7102.04,855.3,0.999048
7142.86,860.382,0.978464
7183.67,865.554,0.876639
7224.49,870.814,0.864872
7265.31,877.85,0.966625
7306.12,882.678,0.911214
7346.94,887.31,0.928683
7387.76,893.046,0.993571
7428.57,899.46,1.00169
7469.39,906.969,1.1652
7510.2,910.414,1.03251
7551.02,917.307,1.11482
7591.84,920.971,0.98607
7632.65,927.098,0.962814
7673.47,934.219,1.01305
7714.29,938.03,0.977778
7755.1,944.83,0.999122
7795.92,950.915,0.928046
7836.73,958.705,2.84198
7877.55,960.851,1.02235
7918.37,966.374,1.04587
7959.18,973.523,1.28729
8000.0,978.178,0.987127
8040.82,981.913,0.97935
8081.63,990.657,1.08402
8122.45,992.949,1.03529
8163.27,998.689,1.05457
8204.08,1004.63,1.00637
8244.9,1010.86,1.04431
8285.71,1016.18,0.99827
8326.53,1023.96,1.06343
8367.35,1029.05,1.43509
8408.16,1034.62,1.04569
8448.98,1039.34,1.22123
8489.8,1045.54,1.08044
8530.61,1050.46,1.08642
8571.43,1055.69,1.03727
8612.24,1062.68,1.06116
8653.06,1070.82,1.22288
8693.88,1074.33,1.25945
8734.69,1080.18,1.17838
8775.51,1085.67,2.3677
8816.33,1093.2,1.8694
8857.14,1098.87,1.84086
8897.96,1106.42,2.23434
8938.78,1108.72,1.22775
8979.59,1114.93,1.21086
9020.41,1122.44,1.34371
9061.22,1124.22,1.15756
9102.04,1129.47,1.25198
9142.86,1138.08,1.24446
9183.67,1140.53,1.1329
9224.49,1149.27,1.8811
9265.31,1156.58,1.71643
9306.12,1160.85,1.56237
9346.94,1165.97,1.43585
9387.76,1170.96,1.35085
9428.57,1178.4,1.37681
9469.39,1181.95,1.27103
9510.2,1188.48,1.38375
9551.02,1195.16,1.31808
9591.84,1201.58,2.0855
9632.65,1204.88,1.24763
9673.47,1212.63,1.35475
9714.29,1217.37,1.23568
9755.1,1223.57,1.43605
9795.92,1229.95,1.43671
9836.73,1233.16,1.26508
9877.55,1238.38,1.31815
9918.37,1248.67,1.60146
9959.18,1253.35,1.32331
10000.0,1257.79,2.02093
