0.0,0.0,0.0
0.000204082,0.0,0.0
0.000408163,0.0,0.0
0.000612245,0.0,0.0
0.000816327,0.0,0.0
0.00102041,0.0,0.0
0.00122449,4.69983e-12,2.61058e-15
0.00142857,1.0034e-10,5.64471e-14
0.00163265,5.41511e-10,3.15982e-13
0.00183673,1.69502e-09,1.03052e-12
0.00204082,3.96787e-09,2.51386e-12
0.0022449,7.76959e-09,5.12486e-12
0.00244898,1.34492e-08,9.22325e-12
0.00265306,2.14139e-08,1.52262e-11
0.00285714,3.19475e-08,2.35355e-11
0.00306122,4.5257e-08,3.45012e-11
0.00326531,6.18641e-08,4.8734e-11
0.00346939,8.16355e-08,6.63096e-11
0.00367347,1.05001e-07,8.78902e-11
0.00387755,1.32115e-07,1.13845e-10
0.00408163,1.63061e-07,1.44406e-10
0.00428571,1.9767e-07,1.79763e-10
0.0044898,2.37081e-07,2.2117e-10
0.00469388,2.81055e-07,2.68447e-10
0.00489796,3.28617e-07,3.21846e-10
0.00510204,3.80813e-07,3.81329e-10
0.00530612,4.38348e-07,4.48475e-10
0.0055102,4.99556e-07,5.21911e-10
0.00571429,5.6609e-07,6.03816e-10
0.00591837,6.36556e-07,6.92157e-10
0.00612245,7.12881e-07,7.89508e-10
0.00632653,7.94778e-07,8.96544e-10
0.00653061,8.82958e-07,1.0141e-09
0.00673469,9.70807e-07,1.13303e-09
0.00693878,1.0692e-06,1.2704e-09
0.00714286,1.17136e-06,1.41417e-09
0.00734694,1.27649e-06,1.56418e-09
0.00755102,1.38879e-06,1.7273e-09
0.0077551,1.50774e-06,1.90478e-09
0.00795918,1.63187e-06,2.09534e-09
0.00816327,1.75664e-06,2.28212e-09
0.00836735,1.89037e-06,2.48886e-09
0.00857143,2.03358e-06,2.71473e-09
0.00877551,2.17811e-06,2.93847e-09
0.00897959,2.31774e-06,3.17476e-09
0.00918367,2.48466e-06,3.45004e-09
0.00938776,2.63833e-06,3.69585e-09
0.00959184,2.81141e-06,3.99186e-09
0.00979592,2.97267e-06,4.26671e-09
0.01,3.15571e-06,4.58489e-09
0.0118367,5.02293e-06,7.97345e-09
0.0136735,7.32748e-06,1.25206e-08
0.0155102,1.01155e-05,1.84619e-08
0.0173469,1.3359e-05,2.56353e-08
0.0191837,1.71852e-05,3.44238e-08
0.0210204,2.1356e-05,4.43708e-08
0.0228571,2.60916e-05,5.60181e-08
0.0246939,3.11283e-05,6.81759e-08
0.0265306,3.67542e-05,8.26359e-08
0.0283673,4.28633e-05,9.71839e-08
0.0302041,4.93233e-05,1.14086e-07
0.0320408,5.64128e-05,1.3166e-07
0.0338776,6.35485e-05,1.4881e-07
0.0357143,7.14815e-05,1.6706e-07
0.037551,7.98684e-05,1.89547e-07
0.0393878,8.87347e-05,2.08439e-07
0.0412245,9.79042e-05,2.30943e-07
0.0430612,0.000107095,2.5102e-07
0.044898,0.000116729,2.69857e-07
0.0467347,0.000127728,2.96228e-07
0.0485714,0.000138052,3.15591e-07
0.0504082,0.000149275,3.39566e-07
0.0522449,0.00016132,3.64706e-07
0.0540816,0.000172446,3.85407e-07
0.0559184,0.000184842,4.05725e-07
0.0577551,0.000197218,4.30859e-07
0.0595918,0.000209869,4.53554e-07
0.0614286,0.000223375,4.78607e-07
0.0632653,0.000236961,5.02892e-07
0.065102,0.000251027,5.23238e-07
0.0669388,0.000265874,5.51479e-07
0.0687755,0.000281287,5.86954e-07
0.0706122,0.000294698,6.00656e-07
0.072449,0.000309177,6.28174e-07
0.0742857,0.000326204,6.54691e-07
0.0761224,0.000342918,6.91757e-07
0.0779592,0.000357461,7.12739e-07
0.0797959,0.000374735,7.46316e-07
0.0816327,0.000390469,7.68886e-07
0.0834694,0.000409158,7.96997e-07
0.0853061,0.000424818,8.19183e-07
0.0871429,0.000442164,8.54448e-07
0.0889796,0.000459658,8.73317e-07
0.0908163,0.000479628,9.10554e-07
0.0926531,0.00049735,9.36465e-07
0.0944898,0.000514016,9.5821e-07
0.0963265,0.000535601,1.00351e-06
0.0981633,0.00055223,1.01758e-06
0.1,0.000572523,1.05286e-06
0.102041,0.000598009,1.11599e-06
0.104082,0.000618286,1.14016e-06
0.106122,0.00064062,1.17091e-06
0.108163,0.00066481,1.21233e-06
0.110204,0.000687225,1.24472e-06
0.112245,0.000712026,1.29091e-06
0.114286,0.000734844,1.30954e-06
0.116327,0.00075694,1.33681e-06
0.118367,0.000783095,1.39082e-06
0.120408,0.000804693,1.40261e-06
0.122449,0.000830537,1.45353e-06
0.12449,0.000853315,1.47453e-06
0.126531,0.000881199,1.52474e-06
0.128571,0.000907891,1.58518e-06
0.130612,0.000932799,1.60207e-06
0.132653,0.000959292,1.62619e-06
0.134694,0.000986771,1.69531e-06
0.136735,0.0010122,1.74687e-06
0.138776,0.00103938,1.77658e-06
0.140816,0.00106449,1.79862e-06
0.142857,0.00109348,1.86771e-06
0.144898,0.00111762,1.86906e-06
0.146939,0.00115017,1.9388e-06
0.14898,0.0011719,1.93332e-06
0.15102,0.00120422,1.99679e-06
0.153061,0.00123489,2.03644e-06
0.155102,0.00126402,2.1052e-06
0.157143,0.00129272,2.13445e-06
0.159184,0.00132111,2.23524e-06
0.161224,0.00135052,2.25278e-06
0.163265,0.00137573,2.25549e-06
0.165306,0.00141125,2.30118e-06
0.167347,0.00144057,2.33046e-06
0.169388,0.00146998,2.37532e-06
0.171429,0.00149952,2.41152e-06
0.173469,0.00153289,2.4761e-06
0.17551,0.00156592,2.52733e-06
0.177551,0.0015887,2.50406e-06
0.179592,0.00162461,2.60206e-06
0.181633,0.00165819,2.70441e-06
0.183673,0.00168968,2.71405e-06
0.185714,0.00172078,2.75617e-06
0.187755,0.00175369,2.81042e-06
0.189796,0.00178877,2.85189e-06
0.191837,0.00181852,2.88718e-06
0.193878,0.00185208,2.94491e-06
0.195918,0.00188383,2.98277e-06
0.197959,0.00191307,3.02383e-06
0.2,0.00195379,3.12432e-06
0.202041,0.00198584,3.13978e-06
0.204082,0.00201893,3.1615e-06
0.206122,0.00205141,3.19062e-06
0.208163,0.00208694,3.26435e-06
0.210204,0.00212237,3.33486e-06
0.212245,0.00215357,3.32317e-06
0.214286,0.00219125,3.4143e-06
0.216327,0.00222438,3.45277e-06
0.218367,0.00225967,3.4948e-06
0.220408,0.00229662,3.57672e-06
0.222449,0.00232755,3.64057e-06
0.22449,0.00236153,3.62582e-06
0.226531,0.00239447,3.6528e-06
0.228571,0.00243423,3.6776e-06
0.230612,0.00247332,3.76259e-06
0.232653,0.00250374,3.80328e-06
0.234694,0.00254131,3.90516e-06
0.236735,0.00257894,3.94241e-06
0.238776,0.00261432,3.99966e-06
0.240816,0.00265193,4.03363e-06
0.242857,0.00269552,4.13896e-06
0.244898,0.00272285,4.15458e-06
0.246939,0.0027643,4.23332e-06
0.24898,0.00280036,4.27546e-06
0.25102,0.00283413,4.2497e-06
0.253061,0.00287546,4.31575e-06
0.255102,0.00291774,4.40455e-06
0.257143,0.00295186,4.41586e-06
0.259184,0.00298705,4.55032e-06
0.261224,0.00301604,4.59483e-06
0.263265,0.003063,4.60175e-06
0.265306,0.00310628,4.74559e-06
0.267347,0.00314059,4.66049e-06
0.269388,0.00318185,4.73764e-06
0.271429,0.00321803,4.73054e-06
0.273469,0.00325663,4.82168e-06
0.27551,0.00330784,5.05041e-06
0.277551,0.00333317,4.96529e-06
0.279592,0.00337537,4.95685e-06
0.281633,0.00342025,5.20248e-06
0.283673,0.00345888,5.23459e-06
0.285714,0.00349671,5.16508e-06
0.287755,0.00353775,5.32374e-06
0.289796,0.00356792,5.26842e-06
0.291837,0.00361362,5.40744e-06
0.293878,0.00364909,5.3912e-06
0.295918,0.00368866,5.41155e-06
0.297959,0.00373933,5.52229e-06
0.3,0.00377423,5.48062e-06
0.302041,0.0038174,5.56592e-06
0.304082,0.00384901,5.55761e-06
0.306122,0.00390171,5.65749e-06
0.308163,0.0039386,5.7566e-06
0.310204,0.00397865,5.74804e-06
0.312245,0.00402341,5.84982e-06
0.314286,0.00406421,5.89427e-06
0.316327,0.00410792,5.879e-06
0.318367,0.00414737,5.91745e-06
0.320408,0.00419488,6.06658e-06
0.322449,0.00423728,6.13921e-06
0.32449,0.00427512,6.14077e-06
0.326531,0.00431993,6.2437e-06
0.328571,0.0043559,6.37427e-06
0.330612,0.00439644,6.35641e-06
0.332653,0.00443889,6.23146e-06
0.334694,0.00448008,6.45287e-06
0.336735,0.00454364,6.62906e-06
0.338776,0.00457811,6.5828e-06
0.340816,0.00462034,6.7365e-06
0.342857,0.00466389,6.84937e-06
0.344898,0.00471384,6.76067e-06
0.346939,0.004752,6.83212e-06
0.34898,0.00479549,6.82037e-06
0.35102,0.00484782,6.97232e-06
0.353061,0.00487363,7.25257e-06
0.355102,0.00492627,7.07743e-06
0.357143,0.00497371,7.20412e-06
0.359184,0.00500761,7.12949e-06
0.361224,0.00505265,7.22117e-06
0.363265,0.00509721,7.22436e-06
0.365306,0.00513873,7.2531e-06
0.367347,0.00519655,7.70901e-06
0.369388,0.00522315,7.27033e-06
0.371429,0.00526975,7.46156e-06
0.373469,0.00534548,7.66603e-06
0.37551,0.00537959,7.7108e-06
0.377551,0.00540791,7.61951e-06
0.379592,0.00544771,7.70623e-06
0.381633,0.00550604,7.79893e-06
0.383673,0.00556393,7.76544e-06
0.385714,0.00559117,7.99518e-06
0.387755,0.00563426,8.08938e-06
0.389796,0.00568036,7.9427e-06
0.391837,0.0057381,8.26628e-06
0.393878,0.00579488,8.19192e-06
0.395918,0.00583549,8.26345e-06
0.397959,0.00587354,8.25587e-06
0.4,0.005922,8.41437e-06
0.402041,0.00596387,8.28904e-06
0.404082,0.00601277,8.40484e-06
0.406122,0.00605596,8.4597e-06
0.408163,0.0061065,8.60591e-06
0.410204,0.00615053,8.64402e-06
0.412245,0.00619998,8.85957e-06
0.414286,0.00625637,8.81342e-06
0.416327,0.0062809,8.62327e-06
0.418367,0.0063242,8.70578e-06
0.420408,0.00637913,8.93557e-06
0.422449,0.00643521,9.13184e-06
0.42449,0.0064972,9.20667e-06
0.426531,0.00653307,9.0665e-06
0.428571,0.00658153,9.28549e-06
0.430612,0.00664494,9.43744e-06
0.432653,0.00667773,9.35387e-06
0.434694,0.00673348,9.23177e-06
0.436735,0.00677592,9.86092e-06
0.438776,0.00681538,9.41328e-06
0.440816,0.00687178,9.5392e-06
0.442857,0.00690707,9.53024e-06
0.444898,0.00695661,9.42253e-06
0.446939,0.00701479,9.75898e-06
0.44898,0.00705725,9.85365e-06
0.45102,0.0071048,9.74474e-06
0.453061,0.0071593,9.95702e-06
0.455102,0.0071938,1.00798e-05
0.457143,0.00727011,1.01644e-05
0.459184,0.00728229,9.86249e-06
0.461224,0.0073529,1.02394e-05
0.463265,0.00740731,1.00892e-05
0.465306,0.00744715,1.02442e-05
0.467347,0.00749398,1.09139e-05
0.469388,0.0075582,1.05349e-05
0.471429,0.00760868,1.05939e-05
0.473469,0.00762864,1.04591e-05
0.47551,0.00769719,1.04114e-05
0.477551,0.00773076,1.05146e-05
0.479592,0.00779395,1.0574e-05
0.481633,0.00784827,1.0681e-05
0.483673,0.00789608,1.08409e-05
0.485714,0.00793463,1.08509e-05
0.487755,0.00801508,1.11339e-05
0.489796,0.00802872,1.0742e-05
0.491837,0.00810212,1.10565e-05
0.493878,0.00814461,1.12536e-05
0.495918,0.00818893,1.10723e-05
0.497959,0.00825191,1.0939e-05
0.5,0.00831858,1.1677e-05
0.502041,0.00835254,1.14004e-05
0.504082,0.00840326,1.15068e-05
0.506122,0.00843145,1.13191e-05
0.508163,0.00849809,1.15517e-05
0.510204,0.0085402,1.15367e-05
0.512245,0.00858588,1.15376e-05
0.514286,0.00864464,1.18611e-05
0.516327,0.00869822,1.17647e-05
0.518367,0.00876135,1.19579e-05
0.520408,0.00880901,1.2308e-05
0.522449,0.00884925,1.22619e-05
0.52449,0.00890332,1.20827e-05
0.526531,0.00895865,1.22452e-05
0.528571,0.00900056,1.20533e-05
0.530612,0.00909773,1.27641e-05
0.532653,0.0091015,1.25094e-05
0.534694,0.00916342,1.24959e-05
0.536735,0.00923252,1.2673e-05
0.538776,0.00927091,1.266e-05
0.540816,0.00934004,1.28052e-05
0.542857,0.00937872,1.29388e-05
0.544898,0.00942966,1.30394e-05
0.546939,0.0094937,1.29039e-05
0.54898,0.00952652,1.29463e-05
0.55102,0.00959438,1.30017e-05
0.553061,0.00964176,1.29821e-05
0.555102,0.00967209,1.2741e-05
0.557143,0.00973399,1.34488e-05
0.559184,0.0097925,1.30822e-05
0.561224,0.00984053,1.31757e-05
0.563265,0.00990927,1.35575e-05
0.565306,0.0099482,1.33765e-05
0.567347,0.0100255,1.35652e-05
0.569388,0.0100599,1.4421e-05
0.571429,0.0101103,1.39833e-05
0.573469,0.0101491,1.34523e-05
0.57551,0.0102258,1.39012e-05
0.577551,0.0102813,1.3906e-05
0.579592,0.0103373,1.39091e-05
0.581633,0.0103745,1.37333e-05
0.583673,0.0104497,1.4163e-05
0.585714,0.0104986,1.45087e-05
0.587755,0.0105446,1.40189e-05
0.589796,0.0106388,1.45458e-05
0.591837,0.0106708,1.46082e-05
0.593878,0.0107238,1.44071e-05
0.595918,0.0107745,1.47385e-05
0.597959,0.0108071,1.41582e-05
0.6,0.010908,1.63459e-05
0.602041,0.0109093,1.43559e-05
0.604082,0.0109841,1.49963e-05
0.606122,0.0110403,1.48511e-05
0.608163,0.0110875,1.48502e-05
0.610204,0.0111564,1.50693e-05
0.612245,0.0112045,1.48756e-05
0.614286,0.0112777,1.56481e-05
0.616327,0.0113048,1.49244e-05
0.618367,0.0113694,1.52357e-05
0.620408,0.0114316,1.51825e-05
0.622449,0.0114774,1.53368e-05
0.62449,0.0115608,1.68637e-05
0.626531,0.0115772,1.51385e-05
0.628571,0.0116377,1.58824e-05
0.630612,0.0116982,1.58402e-05
0.632653,0.0117224,1.54129e-05
0.634694,0.0117849,1.59851e-05
0.636735,0.011886,1.56201e-05
0.638776,0.0119158,1.60079e-05
0.640816,0.011966,1.63239e-05
0.642857,0.012031,1.61801e-05
0.644898,0.0120692,1.65937e-05
0.646939,0.0121098,1.63445e-05
0.64898,0.0122108,1.70624e-05
0.65102,0.0122678,1.64991e-05
0.653061,0.0123106,1.67146e-05
0.655102,0.0123353,1.62264e-05
0.657143,0.0124391,1.66281e-05
0.659184,0.0124983,1.66651e-05
0.661224,0.0125263,1.65911e-05
0.663265,0.0125928,1.64864e-05
0.665306,0.0126564,1.6771e-05
0.667347,0.012711,1.71089e-05
0.669388,0.0127473,1.68188e-05
0.671429,0.0128058,1.71179e-05
0.673469,0.012868,1.71189e-05
0.67551,0.0129413,1.72344e-05
0.677551,0.0129731,1.69171e-05
0.679592,0.0130345,1.70927e-05
0.681633,0.0131075,1.80057e-05
0.683673,0.0131315,1.7673e-05
0.685714,0.013191,1.73778e-05
0.687755,0.0132991,1.80281e-05
0.689796,0.0133042,1.85664e-05
0.691837,0.0133691,1.79119e-05
0.693878,0.0134336,1.75763e-05
0.695918,0.013486,1.89079e-05
0.697959,0.0135675,1.84001e-05
0.7,0.0136039,1.80802e-05
0.702041,0.0136282,1.78347e-05
0.704082,0.0137355,1.84731e-05
0.706122,0.0137907,1.84513e-05
0.708163,0.0138416,1.78769e-05
0.710204,0.0138884,1.85578e-05
0.712245,0.0139318,1.80505e-05
0.714286,0.0140139,1.83808e-05
0.716327,0.0140935,1.97535e-05
0.718367,0.0140951,1.85095e-05
0.720408,0.0142206,1.93051e-05
0.722449,0.014235,1.86484e-05
0.72449,0.0142357,1.83079e-05
0.726531,0.0143444,1.92214e-05
0.728571,0.0144422,1.91132e-05
0.730612,0.0144658,1.923e-05
0.732653,0.0145309,1.90703e-05
0.734694,0.0145732,1.97483e-05
0.736735,0.0146865,1.95558e-05
0.738776,0.0146845,1.91456e-05
0.740816,0.0147952,2.06373e-05
0.742857,0.0148638,2.0015e-05
0.744898,0.0149024,1.96374e-05
0.746939,0.0149444,1.96926e-05
0.74898,0.0149912,1.97462e-05
0.75102,0.0150872,2.03705e-05
0.753061,0.0151221,1.98603e-05
0.755102,0.0151825,2.02616e-05
0.757143,0.0152594,2.00067e-05
0.759184,0.0152944,2.00402e-05
0.761224,0.0153474,2.02452e-05
0.763265,0.0153972,2.04583e-05
0.765306,0.0154828,2.068e-05
0.767347,0.015554,2.07143e-05
0.769388,0.0155467,2.04178e-05
0.771429,0.0156742,2.11773e-05
0.773469,0.0157114,2.02048e-05
0.77551,0.0157481,2.05934e-05
0.777551,0.0157888,2.05678e-05
0.779592,0.0158923,2.08966e-05
0.781633,0.0159208,2.09316e-05
0.783673,0.0159924,2.06718e-05
0.785714,0.0160455,2.0978e-05
0.787755,0.0161492,2.09526e-05
0.789796,0.0161873,2.0885e-05
0.791837,0.016286,2.17537e-05
0.793878,0.0162949,2.15393e-05
0.795918,0.0163882,2.18959e-05
0.797959,0.0164051,2.16944e-05
0.8,0.0165301,2.34815e-05
0.802041,0.0165674,2.21838e-05
0.804082,0.0166016,2.15449e-05
0.806122,0.0166573,2.1365e-05
0.808163,0.016699,2.19562e-05
0.810204,0.016792,2.22869e-05
0.812245,0.0168468,2.21633e-05
0.814286,0.0168814,2.26377e-05
0.816327,0.0169719,2.19789e-05
0.818367,0.0170321,2.20327e-05
0.820408,0.0170653,2.27222e-05
0.822449,0.0171613,2.27564e-05
0.82449,0.0171628,2.22598e-05
0.826531,0.0172724,2.23105e-05
0.828571,0.017312,2.234e-05
0.830612,0.0174032,2.30546e-05
0.832653,0.0174296,2.23791e-05
0.834694,0.0175336,2.30775e-05
0.836735,0.017587,2.37055e-05
0.838776,0.0176255,2.32094e-05
0.840816,0.0176942,2.30509e-05
0.842857,0.0177551,2.34189e-05
0.844898,0.017853,2.33215e-05
0.846939,0.0178656,2.35732e-05
0.84898,0.0179668,2.35158e-05
0.85102,0.0179845,2.34106e-05
0.853061,0.0180254,2.3451e-05
0.855102,0.0181304,2.49366e-05
0.857143,0.0182054,2.45353e-05
0.859184,0.0182583,2.37828e-05
0.861224,0.0183165,2.38236e-05
0.863265,0.0183495,2.37409e-05
0.865306,0.018398,2.39234e-05
0.867347,0.0184945,2.47922e-05
0.869388,0.0185474,2.42669e-05
0.871429,0.0186732,2.4353e-05
0.873469,0.0186361,2.38632e-05
0.87551,0.0187568,2.49657e-05
0.877551,0.0187512,2.4195e-05
0.879592,0.0188798,2.47146e-05
0.881633,0.0189294,2.48794e-05
0.883673,0.018926,2.4032e-05
0.885714,0.019059,2.51727e-05
0.887755,0.0191189,2.561e-05
0.889796,0.0191863,2.58572e-05
0.891837,0.0192193,2.48056e-05
0.893878,0.0192834,2.51416e-05
0.895918,0.0193632,2.51496e-05
0.897959,0.0194164,2.54599e-05
0.9,0.0194884,2.85956e-05
0.902041,0.0195468,2.51135e-05
0.904082,0.0195945,2.56032e-05
0.906122,0.0196779,2.5875e-05
0.908163,0.0197509,2.68887e-05
0.910204,0.0197507,2.60632e-05
0.912245,0.0198444,2.52852e-05
0.914286,0.0199341,2.70527e-05
0.916327,0.0199408,2.53546e-05
0.918367,0.0200428,2.63709e-05
0.920408,0.0201071,2.60058e-05
0.922449,0.0201998,2.69743e-05
0.92449,0.02024,2.62884e-05
0.926531,0.0203185,2.69451e-05
0.928571,0.0203198,2.60167e-05
0.930612,0.0203935,2.60714e-05
0.932653,0.0204711,2.63197e-05
0.934694,0.0205322,2.72277e-05
0.936735,0.0206526,2.74479e-05
0.938776,0.0206972,2.63575e-05
0.940816,0.0207108,2.64517e-05
0.942857,0.020786,2.77231e-05
0.944898,0.0208481,2.65859e-05
0.946939,0.0209573,2.78091e-05
0.94898,0.0209663,2.73224e-05
0.95102,0.0209987,2.71617e-05
0.953061,0.021109,2.73322e-05
0.955102,0.0212013,2.79195e-05
0.957143,0.0212516,2.72892e-05
0.959184,0.0213384,2.86967e-05
0.961224,0.0213596,2.7993e-05
0.963265,0.0214594,2.85744e-05
0.965306,0.0214947,2.81189e-05
0.967347,0.0215326,2.73697e-05
0.969388,0.0216419,2.83167e-05
0.971429,0.0217243,2.86923e-05
0.973469,0.0218102,2.76439e-05
0.97551,0.0218468,3.03093e-05
0.977551,0.02185,2.77143e-05
0.979592,0.0219395,2.8412e-05
0.981633,0.0219843,2.95972e-05
0.983673,0.0220744,2.86976e-05
0.985714,0.0221381,2.95804e-05
0.987755,0.0222192,2.97039e-05
0.989796,0.0222508,2.88768e-05
0.991837,0.022352,2.9562e-05
0.993878,0.0224009,2.86918e-05
0.995918,0.0224269,2.89644e-05
0.997959,0.0225232,2.96352e-05
1.0,0.0226416,2.93642e-05
1.08163,0.0252352,3.25623e-05
1.16327,0.0279014,3.64114e-05
1.2449,0.0306211,4.16874e-05
1.32653,0.0333169,4.24138e-05
1.40816,0.0361057,4.52343e-05
1.4898,0.0390927,4.86034e-05
1.57143,0.0419644,5.45838e-05
1.65306,0.0449538,5.68937e-05
1.73469,0.0479695,5.99051e-05
1.81633,0.0510075,6.48208e-05
1.89796,0.0540775,6.71642e-05
1.97959,0.0572869,7.6365e-05
2.06122,0.0603528,7.75514e-05
2.14286,0.0636267,8.15926e-05
2.22449,0.0666212,8.51411e-05
2.30612,0.0698554,8.84285e-05
2.38776,0.0730608,8.87482e-05
2.46939,0.0765991,0.000100886
2.55102,0.0797697,0.000108796
2.63265,0.0830052,0.000102724
2.71429,0.0864025,0.000111187
2.79592,0.0897472,0.00010912
2.87755,0.0932761,0.000118987
2.95918,0.09676,0.000120591
3.04082,0.10026,0.000131329
3.12245,0.10357,0.000127057
3.20408,0.107212,0.000136254
3.28571,0.110854,0.000138543
3.36735,0.114117,0.000146224
3.44898,0.117762,0.000141545
3.53061,0.121374,0.0001522
3.61224,0.12477,0.000152839
3.69388,0.128661,0.000163891
3.77551,0.132641,0.000170384
3.85714,0.135918,0.000163938
3.93878,0.139725,0.000169722
4.02041,0.143131,0.000180692
4.10204,0.146925,0.000191476
4.18367,0.150507,0.000189477
4.26531,0.153963,0.000182658
4.34694,0.158055,0.000196565
4.42857,0.162057,0.000244252
4.5102,0.16548,0.000206852
4.59184,0.169752,0.000228708
4.67347,0.173175,0.000213857
4.7551,0.177366,0.000240828
4.83673,0.181061,0.000227431
4.91837,0.184744,0.000226348
5.0,0.188462,0.000251179
5.10204,0.19329,0.000251822
5.20408,0.198497,0.000255388
5.30612,0.20303,0.000250604
5.40816,0.208571,0.000274264
5.5102,0.213037,0.000283376
5.61224,0.21762,0.000268836
5.71429,0.223126,0.000313043
5.81633,0.227764,0.000285542
5.91837,0.232821,0.000288819
6.02041,0.23723,0.000282709
6.12245,0.242821,0.000327887
6.22449,0.24786,0.000303087
6.32653,0.253314,0.000316374
6.42857,0.257623,0.000309967
6.53061,0.263178,0.000335604
6.63265,0.267634,0.000335814
6.73469,0.273175,0.000353371
6.83673,0.277891,0.00034703
6.93878,0.283648,0.000418041
7.04082,0.288707,0.0003902
7.14286,0.294088,0.000407353
7.2449,0.299176,0.000385841
7.34694,0.30434,0.000404901
7.44898,0.309904,0.000406842
7.55102,0.315125,0.00039818
7.65306,0.320303,0.000404747
7.7551,0.324684,0.000408299
7.85714,0.330566,0.000479789
7.95918,0.335639,0.000423782
8.06122,0.340363,0.000393853
8.16327,0.346116,0.000440305
8.26531,0.352331,0.000458039
8.36735,0.356777,0.000456842
8.46939,0.362252,0.000479566
8.57143,0.367501,0.000450863
8.67347,0.373276,0.00048363
8.77551,0.378775,0.000466391
8.87755,0.383553,0.000488032
8.97959,0.389131,0.000487509
9.08163,0.394493,0.000517606
9.18367,0.40048,0.000504151
9.28571,0.404652,0.000569007
9.38776,0.41037,0.000506384
9.4898,0.417203,0.000547799
9.59184,0.421363,0.000531691
9.69388,0.426453,0.000518201
9.79592,0.432453,0.000552388
9.89796,0.437472,0.000583079
10.0,0.442952,0.000561601
10.2041,0.454519,0.000608051
10.4082,0.464539,0.000547987
10.6122,0.477559,0.000609356
10.8163,0.487482,0.000589023
11.0204,0.500313,0.000746093
11.2245,0.510986,0.000629956
11.4286,0.522154,0.000655269
11.6327,0.533621,0.000670324
11.8367,0.544817,0.00065471
12.0408,0.556213,0.000692791
12.2449,0.566082,0.000701893
12.449,0.578918,0.000728064
12.6531,0.58985,0.000718437
12.8571,0.600395,0.000790399
13.0612,0.613083,0.000829823
13.2653,0.624668,0.000822662
13.4694,0.636758,0.000786561
13.6735,0.649004,0.000825574
13.8776,0.658635,0.000967399
14.0816,0.671087,0.000825277
14.2857,0.683209,0.000880147
14.4898,0.693989,0.000883514
14.6939,0.704154,0.000878535
14.898,0.718812,0.000969211
15.102,0.730301,0.000931748
15.3061,0.74338,0.00100583
15.5102,0.752555,0.000921293
15.7143,0.76457,0.00096536
15.9184,0.776175,0.000961915
16.1224,0.788559,0.00111611
16.3265,0.802302,0.00120339
16.5306,0.813436,0.000992651
16.7347,0.824784,0.00111212
16.9388,0.838018,0.00118118
17.1429,0.847871,0.00108701
17.3469,0.859383,0.00115993
17.551,0.873209,0.00107615
17.7551,0.884404,0.00111207
17.9592,0.898286,0.00168567
18.1633,0.909839,0.00114881
18.3673,0.921606,0.0011659
18.5714,0.933352,0.00114181
18.7755,0.945848,0.00118666
18.9796,0.959102,0.00138189
19.1837,0.970055,0.00120599
19.3878,0.982944,0.00126501
19.5918,0.993894,0.00127671
19.7959,1.00599,0.00136135
20.0,1.02055,0.00129653
20.4082,1.04617,0.0013434
20.8163,1.07208,0.0014515
21.2245,1.0928,0.00131896
21.6327,1.12172,0.00181519
22.0408,1.14369,0.00206764
22.449,1.16526,0.00141506
22.8571,1.19481,0.00159238
23.2653,1.21789,0.00162499
23.6735,1.24555,0.00152632
24.0816,1.2692,0.00168563
24.4898,1.29679,0.00191511
24.898,1.31944,0.00162536
25.3061,1.34569,0.00179952
25.7143,1.3708,0.00167204
26.1224,1.40028,0.00191977
26.5306,1.42742,0.0018834
26.9388,1.45115,0.00198152
27.3469,1.47932,0.00199105
27.7551,1.49777,0.00191764
28.1633,1.52635,0.00196446
28.5714,1.55356,0.00205106
28.9796,1.58105,0.00210391
29.3878,1.60537,0.00197948
29.7959,1.63355,0.00245926
30.2041,1.65705,0.00216834
30.6122,1.6861,0.00237926
31.0204,1.7104,0.0023689
31.4286,1.73565,0.00221755
31.8367,1.7658,0.00269506
32.2449,1.79116,0.00236357
32.6531,1.81654,0.00235261
33.0612,1.84608,0.00252598
33.4694,1.86868,0.00244381
33.8776,1.89451,0.00230479
34.2857,1.92718,0.00250523
34.6939,1.94719,0.00257371
35.102,1.97687,0.00264309
35.5102,2.00595,0.0025626
35.9184,2.0342,0.00275872
36.3265,2.05737,0.00260926
36.7347,2.08303,0.00250625
37.1429,2.11192,0.00286179
37.551,2.14327,0.00286722
37.9592,2.17001,0.00302116
38.3673,2.19773,0.00416639
38.7755,2.22279,0.00276278
39.1837,2.24816,0.00283892
39.5918,2.28161,0.00442146
40.0,2.29779,0.00288389
40.4082,2.32749,0.00299223
40.8163,2.35722,0.00295957
41.2245,2.38189,0.00297193
41.6327,2.40992,0.00303081
42.0408,2.44141,0.0031525
42.449,2.46766,0.00317167
42.8571,2.49353,0.00299684
43.2653,2.52826,0.00331829
43.6735,2.55108,0.00327643
44.0816,2.57739,0.00322907
44.4898,2.60422,0.0031547
44.898,2.63144,0.003508
45.3061,2.66199,0.00335976
45.7143,2.68318,0.00332216
46.1224,2.71978,0.00359347
46.5306,2.74411,0.00353753
46.9388,2.77498,0.00389793
47.3469,2.7986,0.00438069
47.7551,2.83028,0.00350033
48.1633,2.85289,0.00360922
48.5714,2.88898,0.00458948
48.9796,2.91379,0.00581573
49.3878,2.94093,0.00415909
49.7959,2.97204,0.00407258
50.2041,2.99075,0.00384132
50.6122,3.02854,0.00396183
51.0204,3.05018,0.00408873
51.4286,3.08165,0.00404852
51.8367,3.11423,0.00442674
52.2449,3.13356,0.00418753
52.6531,3.17768,0.00688396
53.0612,3.18999,0.00390834
53.4694,3.22944,0.00420391
53.8776,3.25632,0.00426458
54.2857,3.28392,0.00461077
54.6939,3.31189,0.0043071
55.102,3.34326,0.00444319
55.5102,3.36775,0.00430188
55.9184,3.39887,0.00453792
56.3265,3.42418,0.0043383
56.7347,3.45758,0.00441292
57.1429,3.48362,0.00455621
57.551,3.5036,0.00455113
57.9592,3.53107,0.00443264
58.3673,3.56409,0.00455905
58.7755,3.59604,0.00460694
59.1837,3.63593,0.00506855
59.5918,3.66161,0.00742639
60.0,3.6835,0.00493471
60.4082,3.71325,0.00466816
60.8163,3.75138,0.00506553
61.2245,3.77546,0.00506839
61.6327,3.80277,0.00504177
62.0408,3.83122,0.00548559
62.449,3.85859,0.0052397
62.8571,3.88906,0.00550197
63.2653,3.92078,0.00569644
63.6735,3.95899,0.00610411
64.0816,3.97801,0.00524826
64.4898,4.01343,0.00520648
64.898,4.04334,0.00520248
65.3061,4.06063,0.00498153
65.7143,4.09625,0.00635498
66.1224,4.12423,0.00595435
66.5306,4.15108,0.00543804
66.9388,4.18655,0.00601257
67.3469,4.20483,0.00531975
67.7551,4.24007,0.0059781
68.1633,4.27072,0.00569226
68.5714,4.30753,0.00617754
68.9796,4.31932,0.00584884
69.3878,4.35708,0.00620248
69.7959,4.38319,0.00584477
70.2041,4.40533,0.00543507
70.6122,4.44051,0.00560564
71.0204,4.47562,0.00591576
71.4286,4.49347,0.00567192
71.8367,4.53216,0.00569935
72.2449,4.55924,0.00667963
72.6531,4.58537,0.0063328
73.0612,4.62063,0.00707185
73.4694,4.65,0.00640181
73.8776,4.67889,0.00637305
74.2857,4.70785,0.00647468
74.6939,4.73515,0.00649866
75.102,4.77142,0.00617765
75.5102,4.79961,0.00654597
75.9184,4.8446,0.0102252
76.3265,4.85799,0.00632368
76.7347,4.87975,0.00625202
77.1429,4.91034,0.0060931
77.551,4.9462,0.00669788
77.9592,4.97806,0.0064891
78.3673,5.00986,0.00728179
78.7755,5.05091,0.00674296
79.1837,5.07676,0.00740508
79.5918,5.09049,0.00633568
80.0,5.14989,0.00767329
80.4082,5.15628,0.00635811
80.8163,5.19519,0.00814434
81.2245,5.22492,0.00732331
81.6327,5.24401,0.00643751
82.0408,5.2718,0.00733873
82.449,5.30306,0.0067299
82.8571,5.33248,0.00662512
83.2653,5.35691,0.00660043
83.6735,5.39995,0.00718545
84.0816,5.43458,0.00710733
84.4898,5.45285,0.00714913
84.898,5.4854,0.00719952
85.3061,5.51207,0.00698599
85.7143,5.54336,0.00706015
86.1224,5.5796,0.00692739
86.5306,5.6194,0.00718983
86.9388,5.6472,0.00770997
87.3469,5.65658,0.00704824
87.7551,5.69494,0.00867276
88.1633,5.73998,0.00798021
88.5714,5.75241,0.00724381
88.9796,5.79561,0.00754087
89.3878,5.82514,0.0192971
89.7959,5.85205,0.00745517
90.2041,5.90334,0.0152619
90.6122,5.92108,0.00740433
91.0204,5.94258,0.0076941
91.4286,5.98154,0.00784483
91.8367,5.99413,0.00835269
92.2449,6.03297,0.00759995
92.6531,6.05688,0.00994658
93.0612,6.11814,0.011081
93.4694,6.12831,0.0147542
93.8776,6.17051,0.0126506
94.2857,6.17342,0.00795177
94.6939,6.23237,0.0082515
95.102,6.26591,0.00832861
95.5102,6.2757,0.00798028
95.9184,6.31901,0.00919656
96.3265,6.34503,0.00821345
96.7347,6.36318,0.00850489
97.1429,6.40199,0.00897788
97.551,6.43266,0.00939463
97.9592,6.46468,0.00835469
98.3673,6.50241,0.010261
98.7755,6.52767,0.00919516
99.1837,6.55149,0.00876985
99.5918,6.5912,0.00860126
100.0,6.62104,0.0102386
100.816,6.69089,0.00871582
101.633,6.74341,0.00838953
102.449,6.81713,0.00935821
103.265,6.86005,0.00855951
104.082,6.93396,0.00874437
104.898,6.98452,0.00882629
105.714,7.06539,0.00970665
106.531,7.11575,0.0103247
107.347,7.16573,0.00898937
108.163,7.24019,0.0101048
108.98,7.31522,0.0106389
109.796,7.36632,0.0099097
110.612,7.41929,0.00967402
111.429,7.50031,0.00997477
112.245,7.56015,0.0102649
113.061,7.60372,0.00955836
113.878,7.67657,0.00991609
114.694,7.73769,0.0100858
115.51,7.80575,0.0105171
116.327,7.85622,0.00972103
117.143,7.95769,0.0109643
117.959,7.98408,0.0102251
118.776,8.05024,0.0110675
119.592,8.11136,0.010645
120.408,8.19178,0.0118534
121.224,8.24228,0.0114267
122.041,8.30944,0.0108581
122.857,8.37239,0.0113788
123.673,8.42632,0.0118356
124.49,8.496,0.0112244
125.306,8.55803,0.0110542
126.122,8.60796,0.0111097
126.939,8.68804,0.0113534
127.755,8.74509,0.0119406
128.571,8.81876,0.0119947
129.388,8.89811,0.0130347
130.204,8.96108,0.0138453
131.02,9.0218,0.0136169
131.837,9.05983,0.0117185
132.653,9.13613,0.0119306
133.469,9.20636,0.0119152
134.286,9.27099,0.0143639
135.102,9.32225,0.0129285
135.918,9.40647,0.0130414
136.735,9.46621,0.0129903
137.551,9.52296,0.0124692
138.367,9.58751,0.0121877
139.184,9.64026,0.0132396
140.0,9.71917,0.013416
140.816,9.7535,0.0123375
141.633,9.84203,0.0135409
142.449,9.91136,0.0150599
143.265,9.98535,0.0126551
144.082,10.0158,0.0143263
144.898,10.1124,0.0137625
145.714,10.1368,0.013048
146.531,10.2413,0.0161136
147.347,10.3142,0.0147301
148.163,10.3398,0.0139869
148.98,10.3895,0.0133893
149.796,10.4622,0.0138563
150.612,10.5373,0.0141248
151.429,10.643,0.0155897
152.245,10.6945,0.0148153
153.061,10.7421,0.0147866
153.878,10.8002,0.0142307
154.694,10.8776,0.0152555
155.51,10.973,0.0176069
156.327,10.9876,0.0141094
157.143,11.0577,0.0167959
157.959,11.1146,0.0145128
158.776,11.2318,0.0185323
159.592,11.2496,0.0146803
160.408,11.3125,0.0148483
161.224,11.4001,0.01487
162.041,11.4785,0.0162227
162.857,11.516,0.0171671
163.673,11.6099,0.0160023
164.49,11.6604,0.0156222
165.306,11.7196,0.0164841
166.122,11.7762,0.016089
166.939,11.8667,0.016631
167.755,11.9253,0.0180171
168.571,11.9677,0.0162753
169.388,12.052,0.0184106
170.204,12.1174,0.0201093
171.02,12.2068,0.0206205
171.837,12.274,0.0225536
172.653,12.3084,0.0161812
173.469,12.456,0.057255
174.286,12.4516,0.0170903
175.102,12.5085,0.0185016
175.918,12.5997,0.0181104
176.735,12.6448,0.0161878
177.551,12.7136,0.0165072
178.367,12.8177,0.0171719
179.184,12.8401,0.01782
180.0,12.8825,0.0165721
180.816,12.9871,0.0171714
181.633,13.0607,0.0210685
182.449,13.1073,0.0172177
183.265,13.1509,0.0163577
184.082,13.2381,0.01751
184.898,13.2934,0.0187548
185.714,13.3803,0.0186456
186.531,13.4415,0.017632
187.347,13.4965,0.018452
188.163,13.5755,0.0173549
188.98,13.6182,0.0175218
189.796,13.6925,0.0261115
190.612,13.8139,0.0213463
191.429,13.7944,0.0173532
192.245,13.9295,0.0233429
193.061,13.9905,0.0201184
193.878,14.0241,0.0183597
194.694,14.1088,0.0184064
195.51,14.1827,0.0203646
196.327,14.2063,0.0179602
197.143,14.3411,0.019888
197.959,14.3654,0.019542
198.776,14.4495,0.0207787
199.592,14.5017,0.0190894
200.408,14.5981,0.0206814
201.224,14.6371,0.0194613
202.041,14.7033,0.0208517
202.857,14.7732,0.0246956
203.673,14.8608,0.0212235
204.49,14.9059,0.0199312
205.306,14.9842,0.0193897
206.122,15.0392,0.019278
206.939,15.1436,0.0225606
207.755,15.1556,0.0235152
208.571,15.2785,0.0214327
209.388,15.3168,0.0199855
210.204,15.3768,0.020387
211.02,15.4095,0.0196381
211.837,15.5127,0.0274587
212.653,15.6041,0.0219162
213.469,15.6177,0.0204312
214.286,15.7417,0.0254283
215.102,15.7626,0.0206436
215.918,15.8811,0.0246462
216.735,15.9685,0.021472
217.551,15.982,0.0233588
218.367,15.9989,0.0204611
219.184,16.1511,0.0209909
220.0,16.2182,0.0239292
221.633,16.3236,0.0259485
223.265,16.475,0.0237964
224.898,16.6089,0.0230367
226.531,16.7164,0.022686
228.163,16.9263,0.0436398
229.796,16.964,0.0220646
231.429,17.1333,0.0225415
233.061,17.2696,0.0227008
234.694,17.3965,0.0240576
236.327,17.53,0.0239088
237.959,17.6549,0.0249091
239.592,17.8272,0.0247053
241.224,17.9207,0.0246612
242.857,18.1317,0.0360171
244.49,18.2211,0.0240932
246.122,18.3874,0.0258315
247.755,18.4741,0.0286486
249.388,18.633,0.0243257
251.02,18.7621,0.0271454
252.653,18.9557,0.0335022
254.286,19.0256,0.0254214
255.918,19.1996,0.0259616
257.551,19.3966,0.0712062
259.184,19.4613,0.0277656
260.816,19.5932,0.0262526
262.449,19.6854,0.0243522
264.082,19.9702,0.0354578
265.714,20.0035,0.0272238
267.347,20.1895,0.0280366
268.98,20.2861,0.0275611
270.612,20.4177,0.0273796
272.245,20.6212,0.0312747
273.878,20.7213,0.0268807
275.51,20.8745,0.0294833
277.143,20.9772,0.0282684
278.776,21.1473,0.0304608
280.408,21.3079,0.0314817
282.041,21.4733,0.0672477
283.673,21.5614,0.0284664
285.306,21.6737,0.0304395
286.939,21.7409,0.0278583
288.571,21.9926,0.03491
290.204,22.1196,0.0329073
291.837,22.2848,0.0328724
293.469,22.4147,0.0341737
295.102,22.5848,0.0401947
296.735,22.6282,0.0306352
298.367,22.8398,0.0324993
300.0,23.0048,0.0382829
301.633,23.0438,0.0313699
303.265,23.232,0.0346148
304.898,23.3902,0.032889
306.531,23.5657,0.0378559
308.163,23.5734,0.0304053
309.796,23.7555,0.034496
311.429,23.9845,0.0337777
313.061,24.1153,0.0466167
314.694,24.1457,0.0336573
316.327,24.3682,0.0344527
317.959,24.441,0.0309135
319.592,24.5864,0.0528697
321.224,24.7508,0.0322039
322.857,24.938,0.0361659
324.49,25.0152,0.0355662
326.122,25.1485,0.034945
327.755,25.3238,0.0362628
329.388,25.4361,0.0352697
331.02,25.6152,0.0335227
332.653,25.7157,0.0347494
334.286,25.9315,0.0376313
335.918,26.0356,0.0337716
337.551,26.1315,0.0338948
339.184,26.3333,0.033841
340.816,26.4759,0.0352067
342.449,26.6567,0.0387025
344.082,26.7953,0.0437876
345.714,26.9393,0.0380722
347.347,26.9767,0.0350276
348.98,27.2613,0.0371027
350.612,27.3197,0.0412746
352.245,27.4754,0.0374877
353.878,27.6037,0.0395996
355.51,27.7637,0.0620373
357.143,27.9615,0.0472327
358.776,28.0351,0.0451659
360.408,28.1898,0.0387406
362.041,28.376,0.0702624
363.673,28.486,0.0402718
365.306,28.6376,0.0418976
366.939,28.7847,0.0387803
368.571,28.9044,0.0394178
370.204,29.0448,0.0550994
371.837,29.133,0.0395053
373.469,29.3671,0.0416587
375.102,29.5445,0.0482291
376.735,29.6695,0.0440382
378.367,29.7264,0.0423804
380.0,29.9209,0.0435344
382.449,30.2066,0.0603013
384.898,30.3202,0.0408281
387.347,30.5044,0.0409372
389.796,30.7306,0.0400523
392.245,30.9532,0.0486268
394.694,31.1339,0.0402949
397.143,31.4387,0.0517702
399.592,31.5871,0.0421508
402.041,31.7957,0.0492314
404.49,32.0967,0.045057
406.939,32.2461,0.0428096
409.388,32.5117,0.0454517
411.837,32.6501,0.0412051
414.286,33.0029,0.0501115
416.735,33.1523,0.0511996
419.184,33.3662,0.0463809
421.633,33.536,0.0436541
424.082,33.8786,0.0514005
426.531,34.0521,0.0573557
428.98,34.247,0.0561783
431.429,34.4989,0.0459736
433.878,34.734,0.0557983
436.327,34.9083,0.0492601
438.776,35.1092,0.0516155
441.224,35.2828,0.0459269
443.673,35.536,0.048251
446.122,35.8829,0.0595495
448.571,35.9222,0.0478113
451.02,36.3001,0.0925173
453.469,36.3815,0.0493842
455.918,36.7192,0.0565568
458.367,36.8425,0.0475826
460.816,37.0804,0.0482406
463.265,37.26,0.0488205
465.714,37.542,0.0567057
468.163,37.7733,0.0510758
470.612,37.9078,0.0528753
473.061,38.1451,0.0530341
475.51,38.3995,0.0693795
477.959,38.5748,0.0541749
480.408,38.8287,0.0542211
482.857,39.0572,0.0540019
485.306,39.335,0.0532815
487.755,39.5809,0.058553
490.204,39.8341,0.073321
492.653,40.0165,0.0625886
495.102,40.1763,0.0546749
497.551,40.4127,0.0543534
500.0,40.6878,0.0588789
502.449,40.8574,0.0567419
504.898,41.126,0.0653624
507.347,41.2949,0.0607708
509.796,41.5175,0.0663991
512.245,41.7317,0.0566988
514.694,41.9322,0.0628731
517.143,42.2595,0.124944
519.592,42.3093,0.0575771
522.041,42.598,0.0600129
524.49,42.8663,0.0628113
526.939,43.0743,0.068673
529.388,43.2768,0.0620077
531.837,43.4576,0.0578398
534.286,43.9108,0.330569
536.735,43.8643,0.0595732
539.184,44.1332,0.0608554
541.633,44.3853,0.0625891
544.082,44.6276,0.0630326
546.531,44.823,0.0622796
548.98,45.0999,0.0631987
551.429,45.2277,0.0584937
553.878,45.5102,0.065172
556.327,45.7656,0.0650386
558.776,46.1049,0.0675909
561.224,46.167,0.0728844
563.673,46.3616,0.0644866
566.122,46.6035,0.0656112
568.571,46.8585,0.0688325
571.02,47.0566,0.0636545
573.469,47.302,0.0641507
575.918,47.5603,0.0691841
578.367,47.7332,0.0762102
580.816,47.9821,0.065858
583.265,48.1398,0.0655135
585.714,48.4421,0.0650622
588.163,48.6543,0.0651165
590.612,48.9747,0.0916339
593.061,49.1152,0.0668151
595.51,49.2833,0.0670209
597.959,49.61,0.0806949
600.408,49.7356,0.0706089
602.857,49.953,0.0667483
605.306,50.3718,0.0942436
607.755,50.474,0.0690673
610.204,50.7287,0.0666996
612.653,50.9067,0.0852752
615.102,51.2738,0.0853667
617.551,51.442,0.0744148
620.0,51.5189,0.0649503
622.449,51.9004,0.0769934
624.898,52.1192,0.0953779
627.347,52.3947,0.079191
629.796,52.4993,0.0735126
632.245,52.8045,0.110526
634.694,53.0947,0.158538
637.143,53.1942,0.0834155
639.592,53.3987,0.0808375
642.041,53.7566,0.0831103
644.49,53.833,0.0764194
646.939,53.9978,0.0722064
649.388,54.3309,0.0787254
651.837,54.5801,0.0763391
654.286,54.8389,0.0850305
656.735,54.9889,0.075627
659.184,55.0983,0.0750073
661.633,55.4978,0.0958153
664.082,55.7845,0.0803364
666.531,56.1601,0.0943196
668.98,55.9814,0.0706192
671.429,56.4012,0.0878049
673.878,56.7207,0.110304
676.327,56.862,0.0759119
678.776,57.0643,0.080504
681.224,57.3235,0.0771364
683.673,57.5834,0.0914331
686.122,57.8263,0.097257
688.571,58.0083,0.0797762
691.02,58.1897,0.0827539
693.469,58.4646,0.0789617
695.918,58.5727,0.0818921
698.367,58.9627,0.0788638
700.816,59.2397,0.0899252
703.265,59.3863,0.0819872
705.714,59.4813,0.0912758
708.163,59.7551,0.0818413
710.612,59.9165,0.0789727
713.061,60.2802,0.095852
715.51,60.4624,0.0824349
717.959,60.7756,0.125452
720.408,60.9567,0.0868183
722.857,61.1794,0.0841265
725.306,61.687,0.0941851
727.755,61.6219,0.102378
730.204,62.1489,0.113696
732.653,62.2209,0.0914161
735.102,62.2312,0.0892708
737.551,62.571,0.0821934
740.0,62.9377,0.101411
743.265,63.2237,0.0949317
746.531,63.4287,0.0874021
749.796,63.9767,0.197619
753.061,64.0716,0.0872027
756.327,64.4656,0.1052
759.592,64.6216,0.0844182
762.857,65.2309,0.167821
766.122,65.2184,0.0896817
769.388,65.4899,0.0950647
772.653,65.9242,0.110109
775.918,66.2252,0.0948497
779.184,66.4047,0.095806
782.449,66.9775,0.0962514
785.714,67.0631,0.0929897
788.98,67.5714,0.0937392
792.245,67.6471,0.0920519
795.51,67.9833,0.0943831
798.776,68.1625,0.0916732
802.041,68.5444,0.0968954
805.306,68.9035,0.0964447
808.571,69.3844,0.168425
811.837,69.6447,0.106612
815.102,70.0869,0.16717
818.367,70.0781,0.0984922
821.633,70.484,0.0957364
824.898,70.7946,0.10128
828.163,71.3252,0.118216
831.429,71.7444,0.332109
834.694,71.7856,0.0948756
837.959,71.9297,0.0916007
841.224,72.3147,0.101765
844.49,72.7254,0.104959
847.755,73.1135,0.110332
851.02,73.4392,0.107073
854.286,73.7349,0.107296
857.551,73.93,0.102568
860.816,74.2575,0.107396
864.082,74.5138,0.108643
867.347,74.8656,0.148182
870.612,75.2741,0.104076
873.878,75.3511,0.120394
877.143,75.7121,0.105024
880.408,76.1306,0.117734
883.673,76.5997,0.1204
886.939,76.6451,0.0984716
890.204,77.057,0.115798
893.469,77.7039,0.121765
896.735,77.7222,0.111111
900.0,78.1272,0.125526
903.265,78.3138,0.107562
906.531,78.6793,0.116804
909.796,79.0025,0.116225
913.061,79.2542,0.118162
916.327,79.7009,0.143257
919.592,79.8069,0.114184
922.857,80.086,0.125191
926.122,80.5066,0.114837
929.388,80.8002,0.117928
932.653,81.1302,0.118397
935.918,81.5441,0.12549
939.184,81.8856,0.117907
942.449,82.1388,0.111127
945.714,82.5881,0.114211
948.98,82.7,0.132007
952.245,83.2734,0.157845
955.51,83.5337,0.137679
958.776,83.811,0.117268
962.041,83.9929,0.118159
965.306,84.2854,0.146374
968.571,84.5556,0.113293
971.837,85.0099,0.118754
975.102,85.4316,0.139784
978.367,85.5777,0.123859
981.633,85.8078,0.118491
984.898,86.2491,0.123005
988.163,86.4917,0.132037
991.429,86.949,0.134782
994.694,87.1681,0.119609
997.959,87.7029,0.138996
1001.22,87.7981,0.119882
1004.49,87.9981,0.123425
1007.76,88.6068,0.135021
1011.02,88.6899,0.124163
1014.29,89.1158,0.131915
1017.55,89.1672,0.1201
1020.82,89.6395,0.116512
1024.08,89.9746,0.12447
1027.35,90.3606,0.153053
1030.61,90.6347,0.124927
1033.88,91.2487,0.131757
1037.14,91.3374,0.140621
1040.41,91.6626,0.122455
1043.67,91.8531,0.120434
1046.94,92.2291,0.14436
1050.2,92.6847,0.126913
1053.47,92.7513,0.127704
1056.73,93.2909,0.136015
1060.0,93.5707,0.173253
1064.9,93.9976,0.150837
1069.8,94.2408,0.130154
1074.69,94.882,0.139751
1079.59,95.4064,0.131155
1084.49,95.8355,0.132092
1089.39,96.503,0.203328
1094.29,96.9305,0.157505
1099.18,97.2948,0.129694
1104.08,97.6315,0.132054
1108.98,98.4333,0.149613
1113.88,98.8927,0.150954
1118.78,99.381,0.216488
1123.67,99.7707,0.141206
1128.57,100.042,0.145771
1133.47,100.458,0.132879
1138.37,100.947,0.140532
1143.27,102.907,1.24002
1148.16,102.053,0.152786
1153.06,102.804,0.179481
1157.96,103.214,0.163213
1162.86,103.696,0.136458
1167.76,104.153,0.155806
1172.65,104.365,0.134302
1177.55,105.067,0.229436
1182.45,105.615,0.177003
1187.35,106.028,0.214868
1192.24,106.65,0.163135
1197.14,106.873,0.147969
1202.04,107.482,0.14403
1206.94,107.809,0.147875
1211.84,108.333,0.154653
1216.73,108.974,0.152591
1221.63,109.243,0.152051
1226.53,109.724,0.146686
1231.43,110.595,0.176634
1236.33,110.672,0.15288
1241.22,111.139,0.141175
1246.12,112.036,0.155346
1251.02,112.849,0.232717
1255.92,112.574,0.148503
1260.82,113.205,0.170097
1265.71,113.459,0.163475
1270.61,114.384,0.174845
1275.51,114.591,0.15466
1280.41,115.254,0.165681
1285.31,115.747,0.18952
1290.2,116.078,0.168866
1295.1,116.654,0.184973
1300.0,116.98,0.163119
1304.9,117.476,0.166523
1309.8,117.924,0.179267
1314.69,118.693,0.166979
1319.59,119.124,0.186502
1324.49,119.653,0.203611
1329.39,119.789,0.155072
1334.29,120.968,0.188414
1339.18,121.057,0.165983
1344.08,121.146,0.18133
1348.98,122.192,0.342108
1353.88,122.863,0.222812
1358.78,122.967,0.171898
1363.67,123.292,0.173228
1368.57,124.117,0.189272
1373.47,124.559,0.186952
1378.37,124.911,0.196446
1383.27,125.624,0.200825
1388.16,126.04,0.204578
1393.06,126.547,0.188614
1397.96,126.624,0.185451
1402.86,127.729,0.266297
1407.76,128.002,0.195622
1412.65,128.656,0.244585
1417.55,129.056,0.199801
1422.45,129.519,0.186922
1427.35,129.873,0.19471
1432.24,130.473,0.193006
1437.14,130.594,0.19833
1442.04,131.248,0.182474
1446.94,131.516,0.18528
1451.84,132.365,0.192732
1456.73,132.478,0.184683
1461.63,133.434,0.180425
1466.53,134.251,0.451809
1471.43,134.761,0.220326
1476.33,134.501,0.215994
1481.22,135.454,0.192978
1486.12,135.906,0.187931
1491.02,136.101,0.229765
1495.92,136.605,0.192743
1500.82,137.074,0.196371
1505.71,137.596,0.180707
1510.61,138.24,0.201266
1515.51,139.036,0.219892
1520.41,139.297,0.201507
1525.31,140.199,0.216275
1530.2,140.106,0.213179
1535.1,141.002,0.216077
1540.0,141.442,0.213407
1547.35,142.182,0.20987
1554.69,143.076,0.209092
1562.04,143.35,0.208664
1569.39,143.956,0.190213
1576.73,144.796,0.210266
1584.08,145.896,0.218568
1591.43,146.458,0.208379
1598.78,147.232,0.225408
1606.12,147.639,0.214953
1613.47,148.729,0.239025
1620.82,149.117,0.210551
1628.16,150.128,0.220459
1635.51,151.238,0.235485
1642.86,151.776,0.261687
1650.2,152.443,0.252782
1657.55,153.27,0.284682
1664.9,153.906,0.249649
1672.24,154.459,0.22824
1679.59,155.398,0.257645
1686.94,156.326,0.228152
1694.29,157.172,0.255724
1701.63,157.884,0.232054
1708.98,158.164,0.215208
1716.33,159.029,0.228673
1723.67,159.709,0.281226
1731.02,160.649,0.29193
1738.37,161.202,0.225287
1745.71,162.018,0.246031
1753.06,162.903,0.22561
1760.41,163.559,0.230112
1767.76,164.012,0.224629
1775.1,165.348,0.26463
1782.45,165.772,0.241531
1789.8,167.085,0.285753
1797.14,167.618,0.265763
1804.49,167.726,0.225511
1811.84,168.569,0.246328
1819.18,169.437,0.263064
1826.53,170.541,0.241804
1833.88,170.87,0.250217
1841.22,171.998,0.251513
1848.57,172.892,0.270425
1855.92,172.957,0.233137
1863.27,174.311,0.27342
1870.61,174.76,0.255291
1877.96,176.233,0.419879
1885.31,176.416,0.257135
1892.65,177.078,0.243917
1900.0,178.397,0.700901
1907.35,179.336,0.277648
1914.69,179.068,0.249069
1922.04,180.449,0.277666
1929.39,180.856,0.255383
1936.73,181.872,0.249166
1944.08,182.569,0.284766
1951.43,183.28,0.280867
1958.78,183.822,0.265474
1966.12,184.628,0.280382
1973.47,185.94,0.346182
1980.82,186.475,0.29635
1988.16,187.139,0.268038
1995.51,188.082,0.294866
2002.86,188.255,0.269473
2010.2,189.598,0.291215
2017.55,189.619,0.279038
2024.9,191.061,0.322503
2032.24,191.524,0.27237
2039.59,192.555,0.272282
2046.94,193.538,0.346377
2054.29,194.31,0.307903
2061.63,194.551,0.272113
2068.98,194.902,0.262612
2076.33,196.447,0.325386
2083.67,196.847,0.256064
2091.02,197.965,0.31178
2098.37,198.626,0.345749
2105.71,199.359,0.318598
2113.06,199.624,0.299339
2120.41,200.792,0.322357
2127.76,201.462,0.297945
2135.1,202.418,0.320949
2142.45,202.127,0.291599
2149.8,203.475,0.277367
2157.14,203.989,0.331387
2164.49,205.388,0.305483
2171.84,205.915,0.311507
2179.18,206.347,0.296839
2186.53,207.635,0.315093
2193.88,208.947,0.418405
2201.22,208.688,0.27973
2208.57,209.619,0.31454
2215.92,210.77,0.334687
2223.27,211.655,0.325298
2230.61,212.246,0.29493
2237.96,213.455,0.322997
2245.31,214.579,1.07483
2252.65,214.644,0.322948
2260.0,215.661,0.35684
2271.02,216.571,0.538098
2282.04,217.277,0.311218
2293.06,218.629,0.341336
2304.08,220.505,0.666703
2315.1,220.818,0.312355
2326.12,222.58,0.313622
2337.14,223.691,0.311906
2348.16,224.515,0.325384
2359.18,226.102,0.366505
2370.2,226.685,0.323179
2381.22,227.971,0.502849
2392.24,229.732,0.419285
2403.27,229.713,0.327062
2414.29,231.155,0.409971
2425.31,232.338,0.321288
2436.33,233.081,0.364192
2447.35,234.794,0.383762
2458.37,236.174,0.358646
2469.39,236.839,0.34356
2480.41,238.735,0.640299
2491.43,240.064,0.370641
2502.45,240.791,0.363904
2513.47,241.548,0.346824
2524.49,242.855,0.386646
2535.51,244.533,0.399319
2546.53,244.846,0.317826
2557.55,246.829,0.406775
2568.57,247.996,0.446291
2579.59,248.972,0.359252
2590.61,250.55,0.402542
2601.63,251.044,0.414188
2612.65,253.173,1.00827
2623.67,253.886,0.393073
2634.69,254.676,0.384316
2645.71,256.505,0.5833
2656.73,256.845,0.372256
2667.76,258.821,0.44312
2678.78,259.932,0.370255
2689.8,260.079,0.350379
2700.82,261.769,0.446351
2711.84,262.618,0.373932
2722.86,264.53,0.396032
2733.88,265.568,0.436573
2744.9,266.387,0.37601
2755.92,267.796,0.382105
2766.94,268.074,0.3583
2777.96,270.459,0.469925
2788.98,270.413,0.379584
2800.0,273.175,0.663646
2814.29,274.006,0.443474
2828.57,274.98,0.402872
2842.86,275.831,0.376294
2857.14,277.85,0.408433
2871.43,279.831,0.477008
2885.71,281.412,0.437476
2900.0,282.721,0.426765
2914.29,284.27,0.429419
2928.57,285.66,0.457421
2942.86,287.514,0.552961
2957.14,289.409,0.4251
2971.43,291.123,0.544767
2985.71,291.498,0.40229
3000.0,293.855,0.445943
3014.29,295.561,0.50631
3028.57,297.308,0.461566
3042.86,298.274,0.449995
3057.14,300.043,0.496174
3071.43,301.026,0.451558
3085.71,303.475,0.505149
3100.0,304.917,0.494215
3114.29,305.321,0.439597
3128.57,307.704,0.548156
3142.86,309.073,0.487299
3157.14,310.186,0.472003
3171.43,312.192,0.529311
3185.71,314.378,0.518693
3200.0,315.452,0.460087
3214.29,315.998,0.42628
3228.57,318.253,0.507939
3242.86,320.513,0.503812
3257.14,320.7,0.438631
3271.43,322.859,0.549748
3285.71,324.518,0.480409
3300.0,326.343,0.742113
3314.29,327.441,0.457903
3328.57,328.483,0.434378
3342.86,330.501,0.478427
3357.14,331.742,0.513575
3371.43,333.57,0.517326
3385.71,335.062,0.488733
3400.0,336.351,0.511209
3414.29,338.558,0.483457
3428.57,340.719,0.618004
3442.86,340.866,0.527874
3457.14,341.904,0.462855
3471.43,343.738,0.45712
3485.71,345.687,0.510138
3500.0,346.713,0.491737
3520.41,350.627,0.569756
3540.82,351.727,0.584308
3561.22,354.135,0.531795
3581.63,357.478,0.548866
3602.04,358.752,0.586625
3622.45,360.958,0.596042
3642.86,363.284,0.624222
3663.27,365.29,0.714077
3683.67,367.217,0.494674
3704.08,370.041,0.675069
3724.49,371.917,0.550432
3744.9,374.084,0.549421
3765.31,376.428,0.54296
3785.71,379.397,0.641976
3806.12,380.716,0.537936
3826.53,382.326,0.523449
3846.94,384.915,0.56984
3867.35,386.968,0.515817
3887.76,389.398,0.587236
3908.16,391.07,0.552151
3928.57,393.973,0.557073
3948.98,395.463,0.562519
3969.39,398.652,0.59393
3989.8,400.496,0.634352
4010.2,404.543,0.589613
4030.61,404.633,0.642961
4051.02,407.195,0.585565
4071.43,411.721,1.10792
4091.84,411.682,0.583761
4112.24,413.896,0.563645
4132.65,416.113,0.614857
4153.06,418.695,0.704224
4173.47,421.601,0.62502
4193.88,422.967,0.7618
4214.29,425.707,0.605095
4234.69,429.207,1.0664
4255.1,430.385,0.608557
4275.51,431.594,0.58872
4295.92,435.573,0.68839
4316.33,436.584,0.650522
4336.73,440.1,0.667955
4357.14,440.758,0.596665
4377.55,443.502,0.672504
4397.96,444.629,0.815998
4418.37,449.135,0.636017
4438.78,450.696,0.699111
4459.18,452.018,0.692045
4479.59,455.339,0.784173
4500.0,458.072,0.698603
4530.61,462.456,0.772116
4561.22,463.605,0.704841
4591.84,468.861,0.773193
4622.45,471.571,0.894878
4653.06,475.909,0.84336
4683.67,477.089,0.670688
4714.29,481.914,0.67987
4744.9,483.81,0.750489
4775.51,487.265,1.02123
4806.12,490.885,0.864314
4836.73,496.15,0.757001
4867.35,497.955,0.843339
4897.96,501.633,0.997038
4928.57,505.335,0.945357
4959.18,508.135,0.880749
4989.8,511.95,0.863517
5020.41,516.099,0.860963
5051.02,517.512,0.751607
5081.63,521.531,0.725661
5112.24,525.038,0.808354
5142.86,530.487,1.36539
5173.47,531.071,0.783463
5204.08,537.544,0.924235
5234.69,539.097,0.841342
5265.31,543.298,0.963065
5295.92,548.364,1.25562
5326.53,549.409,0.898084
5357.14,552.987,0.894827
5387.76,556.668,0.802308
5418.37,561.146,0.818998
5448.98,563.546,1.02304
5479.59,567.031,0.878426
5510.2,570.275,0.823154
5540.82,574.202,0.856737
5571.43,576.575,0.981549
5602.04,579.906,0.82775
5632.65,583.326,0.83941
5663.27,587.758,0.9152
5693.88,591.763,0.894035
5724.49,595.812,0.889604
5755.1,598.428,0.876593
5785.71,600.608,0.801086
5816.33,604.431,1.04947
5846.94,608.764,0.930522
5877.55,612.935,1.45758
5908.16,616.875,0.975869
5938.78,618.368,0.906705
5969.39,622.735,1.12728
6000.0,625.481,0.907424
6040.82,630.561,0.885514
6081.63,635.563,1.08961
6122.45,640.945,0.997107
6163.27,643.904,0.930919
6204.08,649.64,1.2511
6244.9,653.79,1.13471
6285.71,656.753,0.902931
6326.53,664.074,1.15627
6367.35,670.02,1.55993
6408.16,672.301,0.962899
6448.98,675.396,0.916404
6489.8,684.239,1.00499
6530.61,685.579,1.04918
6571.43,692.438,1.1857
6612.24,693.137,0.971062
6653.06,699.337,1.07871
6693.88,704.109,0.971758
6734.69,709.716,0.980426
6775.51,712.723,1.08325
6816.33,719.008,1.44628
6857.14,723.462,1.01571
6897.96,727.434,1.0517
6938.78,731.956,1.05116
6979.59,739.357,1.25599
7020.41,740.914,1.08795
7061.22,747.057,1.06931
7102.04,751.143,1.05754
7142.86,755.962,1.08455
7183.67,760.275,1.11454
7224.49,766.717,1.20811
7265.31,772.194,1.53769
7306.12,775.085,1.23608
7346.94,778.898,1.33416
7387.76,782.937,1.20991
7428.57,790.72,2.11404
7469.39,794.219,1.16315
7510.2,798.552,1.25936
7551.02,805.218,1.27364
7591.84,807.939,1.59037
7632.65,815.324,1.42798
7673.47,816.369,1.22213
7714.29,821.244,1.13281
7755.1,827.103,1.40358
7795.92,831.888,1.22339
7836.73,835.451,1.28513
7877.55,841.897,1.2742
7918.37,846.523,1.34374
7959.18,853.177,1.34763
8000.0,856.609,2.10567
8040.82,863.084,1.55676
8081.63,867.217,1.51164
8122.45,869.095,1.39334
8163.27,876.206,1.29001
8204.08,881.517,1.69322
8244.9,886.427,1.49197
8285.71,890.257,2.9206
8326.53,895.259,1.48521
8367.35,898.501,1.28233
8408.16,902.638,1.59008
8448.98,908.574,1.45701
8489.8,913.698,1.32978
8530.61,915.099,1.36878
8571.43,921.33,1.31527
8612.24,927.348,1.59619
8653.06,934.379,1.42004
8693.88,935.821,1.42796
8734.69,944.104,1.95665
8775.51,947.935,1.47663
8816.33,951.052,1.44321
8857.14,953.802,1.38693
8897.96,959.7,1.32215
8938.78,965.314,1.45215
8979.59,969.737,1.60347
9020.41,975.035,1.57996
9061.22,980.143,1.60151
9102.04,984.185,1.36216
9142.86,986.866,1.39491
9183.67,992.136,1.36979
9224.49,997.434,1.38986
9265.31,1002.93,1.42785
9306.12,1006.9,1.44686
9346.94,1011.32,1.36662
9387.76,1020.31,1.99638
9428.57,1021.63,1.62853
9469.39,1025.26,1.42953
9510.2,1032.85,1.64413
9551.02,1035.32,1.52866
9591.84,1039.66,1.68212
9632.65,1046.88,2.03571
9673.47,1051.2,1.49799
9714.29,1056.46,1.86449
9755.1,1062.91,1.51053
9795.92,1068.05,1.88721
9836.73,1072.42,1.58055
9877.55,1073.75,1.64274
9918.37,1079.94,1.62773
9959.18,1084.66,1.63016
10000.0,1090.01,1.52393
