0.0,0.0,0.0
0.000204082,0.0,0.0
0.000408163,0.0,0.0
0.000612245,0.0,0.0
0.000816327,0.0,0.0
0.00102041,0.0,0.0
0.00122449,0.0,0.0
0.00142857,0.0,0.0
0.00163265,0.0,0.0
0.00183673,0.0,0.0
0.00204082,0.0,0.0
0.0022449,0.0,0.0
0.00244898,0.0,0.0
0.00265306,0.0,0.0
0.00285714,0.0,0.0
0.00306122,0.0,0.0
0.00326531,0.0,0.0
0.00346939,0.0,0.0
0.00367347,0.0,0.0
0.00387755,0.0,0.0
0.00408163,0.0,0.0
0.00428571,0.0,0.0
0.0044898,0.0,0.0
0.00469388,0.0,0.0
0.00489796,0.0,0.0
0.00510204,0.0,0.0
0.00530612,0.0,0.0
0.0055102,0.0,0.0
0.00571429,0.0,0.0
0.00591837,0.0,0.0
0.00612245,0.0,0.0
0.00632653,0.0,0.0
0.00653061,0.0,0.0
0.00673469,0.0,0.0
0.00693878,0.0,0.0
0.00714286,0.0,0.0
0.00734694,0.0,0.0
0.00755102,0.0,0.0
0.0077551,0.0,0.0
0.00795918,0.0,0.0
0.00816327,0.0,0.0
0.00836735,0.0,0.0
0.00857143,0.0,0.0
0.00877551,0.0,0.0
0.00897959,0.0,0.0
0.00918367,0.0,0.0
0.00938776,0.0,0.0
0.00959184,0.0,0.0
0.00979592,0.0,0.0
0.01,0.0,0.0
0.0118367,0.0,0.0
0.0136735,0.0,0.0
0.0155102,0.0,0.0
0.0173469,0.0,0.0
0.0191837,0.0,0.0
0.0210204,0.0,0.0
0.0228571,0.0,0.0
0.0246939,0.0,0.0
0.0265306,0.0,0.0
0.0283673,0.0,0.0
0.0302041,0.0,0.0
0.0320408,0.0,0.0
0.0338776,0.0,0.0
0.0357143,0.0,0.0
0.037551,0.0,0.0
0.0393878,0.0,0.0
0.0412245,0.0,0.0
0.0430612,0.0,0.0
0.044898,0.0,0.0
0.0467347,0.0,0.0
0.0485714,0.0,0.0
0.0504082,0.0,0.0
0.0522449,0.0,0.0
0.0540816,0.0,0.0
0.0559184,0.0,0.0
0.0577551,0.0,0.0
0.0595918,0.0,0.0
0.0614286,0.0,0.0
0.0632653,0.0,0.0
0.065102,0.0,0.0
0.0669388,0.0,0.0
0.0687755,0.0,0.0
0.0706122,0.0,0.0
0.072449,0.0,0.0
0.0742857,0.0,0.0
0.0761224,0.0,0.0
0.0779592,0.0,0.0
0.0797959,0.0,0.0
0.0816327,0.0,0.0
0.0834694,0.0,0.0
0.0853061,0.0,0.0
0.0871429,0.0,0.0
0.0889796,0.0,0.0
0.0908163,0.0,0.0
0.0926531,0.0,0.0
0.0944898,0.0,0.0
0.0963265,0.0,0.0
0.0981633,0.0,0.0
0.1,0.0,0.0
0.102041,0.0,0.0
0.104082,0.0,0.0
0.106122,0.0,0.0
0.108163,0.0,0.0
0.110204,0.0,0.0
0.112245,0.0,0.0
0.114286,0.0,0.0
0.116327,0.0,0.0
0.118367,0.0,0.0
0.120408,0.0,0.0
0.122449,0.0,0.0
0.12449,0.0,0.0
0.126531,0.0,0.0
0.128571,0.0,0.0
0.130612,0.0,0.0
0.132653,0.0,0.0
0.134694,0.0,0.0
0.136735,0.0,0.0
0.138776,0.0,0.0
0.140816,0.0,0.0
0.142857,0.0,0.0
0.144898,0.0,0.0
0.146939,0.0,0.0
0.14898,0.0,0.0
0.15102,0.0,0.0
0.153061,0.0,0.0
0.155102,0.0,0.0
0.157143,0.0,0.0
0.159184,0.0,0.0
0.161224,0.0,0.0
0.163265,0.0,0.0
0.165306,0.0,0.0
0.167347,0.0,0.0
0.169388,0.0,0.0
0.171429,0.0,0.0
0.173469,0.0,0.0
0.17551,0.0,0.0
0.177551,0.0,0.0
0.179592,0.0,0.0
0.181633,0.0,0.0
0.183673,0.0,0.0
0.185714,0.0,0.0
0.187755,0.0,0.0
0.189796,0.0,0.0
0.191837,0.0,0.0
0.193878,0.0,0.0
0.195918,0.0,0.0
0.197959,0.0,0.0
0.2,0.0,0.0
0.202041,0.0,0.0
0.204082,0.0,0.0
0.206122,0.0,0.0
0.208163,0.0,0.0
0.210204,0.0,0.0
0.212245,0.0,0.0
0.214286,0.0,0.0
0.216327,0.0,0.0
0.218367,0.0,0.0
0.220408,0.0,0.0
0.222449,0.0,0.0
0.22449,0.0,0.0
0.226531,0.0,0.0
0.228571,0.0,0.0
0.230612,0.0,0.0
0.232653,0.0,0.0
0.234694,0.0,0.0
0.236735,0.0,0.0
0.238776,0.0,0.0
0.240816,0.0,0.0
0.242857,0.0,0.0
0.244898,0.0,0.0
0.246939,0.0,0.0
0.24898,0.0,0.0
0.25102,0.0,0.0
0.253061,0.0,0.0
0.255102,0.0,0.0
0.257143,0.0,0.0
0.259184,0.0,0.0
0.261224,0.0,0.0
0.263265,0.0,0.0
0.265306,0.0,0.0
0.267347,0.0,0.0
0.269388,0.0,0.0
0.271429,0.0,0.0
0.273469,0.0,0.0
0.27551,0.0,0.0
0.277551,0.0,0.0
0.279592,0.0,0.0
0.281633,0.0,0.0
0.283673,0.0,0.0
0.285714,0.0,0.0
0.287755,0.0,0.0
0.289796,0.0,0.0
0.291837,0.0,0.0
0.293878,0.0,0.0
0.295918,0.0,0.0
0.297959,0.0,0.0
0.3,0.0,0.0
0.302041,0.0,0.0
0.304082,0.0,0.0
0.306122,0.0,0.0
0.308163,0.0,0.0
0.310204,0.0,0.0
0.312245,0.0,0.0
0.314286,0.0,0.0
0.316327,0.0,0.0
0.318367,0.0,0.0
0.320408,0.0,0.0
0.322449,0.0,0.0
0.32449,0.0,0.0
0.326531,0.0,0.0
0.328571,0.0,0.0
0.330612,0.0,0.0
0.332653,0.0,0.0
0.334694,0.0,0.0
0.336735,0.0,0.0
0.338776,0.0,0.0
0.340816,0.0,0.0
0.342857,0.0,0.0
0.344898,0.0,0.0
0.346939,0.0,0.0
0.34898,0.0,0.0
0.35102,0.0,0.0
0.353061,0.0,0.0
0.355102,0.0,0.0
0.357143,0.0,0.0
0.359184,0.0,0.0
0.361224,0.0,0.0
0.363265,0.0,0.0
0.365306,0.0,0.0
0.367347,0.0,0.0
0.369388,0.0,0.0
0.371429,0.0,0.0
0.373469,0.0,0.0
0.37551,0.0,0.0
0.377551,0.0,0.0
0.379592,0.0,0.0
0.381633,0.0,0.0
0.383673,0.0,0.0
0.385714,0.0,0.0
0.387755,0.0,0.0
0.389796,0.0,0.0
0.391837,0.0,0.0
0.393878,0.0,0.0
0.395918,0.0,0.0
0.397959,0.0,0.0
0.4,0.0,0.0
0.402041,0.0,0.0
0.404082,0.0,0.0
0.406122,0.0,0.0
0.408163,0.0,0.0
0.410204,0.0,0.0
0.412245,0.0,0.0
0.414286,0.0,0.0
0.416327,0.0,0.0
0.418367,0.0,0.0
0.420408,0.0,0.0
0.422449,0.0,0.0
0.42449,0.0,0.0
0.426531,0.0,0.0
0.428571,0.0,0.0
0.430612,0.0,0.0
0.432653,0.0,0.0
0.434694,0.0,0.0
0.436735,0.0,0.0
0.438776,0.0,0.0
0.440816,0.0,0.0
0.442857,0.0,0.0
0.444898,0.0,0.0
0.446939,0.0,0.0
0.44898,0.0,0.0
0.45102,0.0,0.0
0.453061,0.0,0.0
0.455102,0.0,0.0
0.457143,0.0,0.0
0.459184,0.0,0.0
0.461224,0.0,0.0
0.463265,0.0,0.0
0.465306,0.0,0.0
0.467347,0.0,0.0
0.469388,0.0,0.0
0.471429,0.0,0.0
0.473469,0.0,0.0
0.47551,0.0,0.0
0.477551,0.0,0.0
0.479592,0.0,0.0
0.481633,0.0,0.0
0.483673,0.0,0.0
0.485714,0.0,0.0
0.487755,0.0,0.0
0.489796,0.0,0.0
0.491837,0.0,0.0
0.493878,0.0,0.0
0.495918,0.0,0.0
0.497959,0.0,0.0
0.5,0.0,0.0
0.502041,0.0,0.0
0.504082,0.0,0.0
0.506122,0.0,0.0
0.508163,0.0,0.0
0.510204,0.0,0.0
0.512245,0.0,0.0
0.514286,0.0,0.0
0.516327,0.0,0.0
0.518367,0.0,0.0
0.520408,0.0,0.0
0.522449,0.0,0.0
0.52449,0.0,0.0
0.526531,0.0,0.0
0.528571,0.0,0.0
0.530612,0.0,0.0
0.532653,0.0,0.0
0.534694,0.0,0.0
0.536735,0.0,0.0
0.538776,0.0,0.0
0.540816,0.0,0.0
0.542857,0.0,0.0
0.544898,0.0,0.0
0.546939,0.0,0.0
0.54898,0.0,0.0
0.55102,0.0,0.0
0.553061,0.0,0.0
0.555102,0.0,0.0
0.557143,0.0,0.0
0.559184,0.0,0.0
0.561224,0.0,0.0
0.563265,0.0,0.0
0.565306,0.0,0.0
0.567347,0.0,0.0
0.569388,0.0,0.0
0.571429,0.0,0.0
0.573469,0.0,0.0
0.57551,0.0,0.0
0.577551,0.0,0.0
0.579592,0.0,0.0
0.581633,0.0,0.0
0.583673,0.0,0.0
0.585714,0.0,0.0
0.587755,0.0,0.0
0.589796,0.0,0.0
0.591837,0.0,0.0
0.593878,0.0,0.0
0.595918,0.0,0.0
0.597959,0.0,0.0
0.6,0.0,0.0
0.602041,0.0,0.0
0.604082,0.0,0.0
0.606122,0.0,0.0
0.608163,0.0,0.0
0.610204,0.0,0.0
0.612245,0.0,0.0
0.614286,0.0,0.0
0.616327,0.0,0.0
0.618367,0.0,0.0
0.620408,0.0,0.0
0.622449,0.0,0.0
0.62449,0.0,0.0
0.626531,0.0,0.0
0.628571,0.0,0.0
0.630612,0.0,0.0
0.632653,0.0,0.0
0.634694,0.0,0.0
0.636735,0.0,0.0
0.638776,0.0,0.0
0.640816,0.0,0.0
0.642857,0.0,0.0
0.644898,0.0,0.0
0.646939,0.0,0.0
0.64898,0.0,0.0
0.65102,0.0,0.0
0.653061,0.0,0.0
0.655102,0.0,0.0
0.657143,0.0,0.0
0.659184,0.0,0.0
0.661224,0.0,0.0
0.663265,0.0,0.0
0.665306,0.0,0.0
0.667347,0.0,0.0
0.669388,0.0,0.0
0.671429,0.0,0.0
0.673469,0.0,0.0
0.67551,0.0,0.0
0.677551,0.0,0.0
0.679592,0.0,0.0
0.681633,0.0,0.0
0.683673,0.0,0.0
0.685714,0.0,0.0
0.687755,0.0,0.0
0.689796,0.0,0.0
0.691837,0.0,0.0
0.693878,0.0,0.0
0.695918,0.0,0.0
0.697959,0.0,0.0
0.7,0.0,0.0
0.702041,0.0,0.0
0.704082,0.0,0.0
0.706122,0.0,0.0
0.708163,0.0,0.0
0.710204,0.0,0.0
0.712245,0.0,0.0
0.714286,0.0,0.0
0.716327,0.0,0.0
0.718367,0.0,0.0
0.720408,0.0,0.0
0.722449,0.0,0.0
0.72449,0.0,0.0
0.726531,0.0,0.0
0.728571,0.0,0.0
0.730612,0.0,0.0
0.732653,0.0,0.0
0.734694,0.0,0.0
0.736735,0.0,0.0
0.738776,0.0,0.0
0.740816,0.0,0.0
0.742857,0.0,0.0
0.744898,0.0,0.0
0.746939,0.0,0.0
0.74898,0.0,0.0
0.75102,0.0,0.0
0.753061,0.0,0.0
0.755102,0.0,0.0
0.757143,0.0,0.0
0.759184,0.0,0.0
0.761224,0.0,0.0
0.763265,0.0,0.0
0.765306,0.0,0.0
0.767347,0.0,0.0
0.769388,0.0,0.0
0.771429,0.0,0.0
0.773469,0.0,0.0
0.77551,0.0,0.0
0.777551,0.0,0.0
0.779592,0.0,0.0
0.781633,0.0,0.0
0.783673,0.0,0.0
0.785714,0.0,0.0
0.787755,0.0,0.0
0.789796,0.0,0.0
0.791837,0.0,0.0
0.793878,0.0,0.0
0.795918,0.0,0.0
0.797959,0.0,0.0
0.8,0.0,0.0
0.802041,0.0,0.0
0.804082,0.0,0.0
0.806122,0.0,0.0
0.808163,0.0,0.0
0.810204,0.0,0.0
0.812245,0.0,0.0
0.814286,0.0,0.0
0.816327,0.0,0.0
0.818367,0.0,0.0
0.820408,0.0,0.0
0.822449,0.0,0.0
0.82449,0.0,0.0
0.826531,0.0,0.0
0.828571,0.0,0.0
0.830612,0.0,0.0
0.832653,0.0,0.0
0.834694,0.0,0.0
0.836735,0.0,0.0
0.838776,0.0,0.0
0.840816,0.0,0.0
0.842857,0.0,0.0
0.844898,0.0,0.0
0.846939,0.0,0.0
0.84898,0.0,0.0
0.85102,0.0,0.0
0.853061,0.0,0.0
0.855102,0.0,0.0
0.857143,0.0,0.0
0.859184,0.0,0.0
0.861224,0.0,0.0
0.863265,0.0,0.0
0.865306,0.0,0.0
0.867347,0.0,0.0
0.869388,0.0,0.0
0.871429,0.0,0.0
0.873469,0.0,0.0
0.87551,0.0,0.0
0.877551,0.0,0.0
0.879592,0.0,0.0
0.881633,0.0,0.0
0.883673,0.0,0.0
0.885714,0.0,0.0
0.887755,0.0,0.0
0.889796,0.0,0.0
0.891837,0.0,0.0
0.893878,0.0,0.0
0.895918,0.0,0.0
0.897959,0.0,0.0
0.9,0.0,0.0
0.902041,0.0,0.0
0.904082,0.0,0.0
0.906122,0.0,0.0
0.908163,0.0,0.0
0.910204,0.0,0.0
0.912245,0.0,0.0
0.914286,0.0,0.0
0.916327,0.0,0.0
0.918367,0.0,0.0
0.920408,0.0,0.0
0.922449,0.0,0.0
0.92449,0.0,0.0
0.926531,0.0,0.0
0.928571,0.0,0.0
0.930612,0.0,0.0
0.932653,0.0,0.0
0.934694,0.0,0.0
0.936735,0.0,0.0
0.938776,0.0,0.0
0.940816,0.0,0.0
0.942857,0.0,0.0
0.944898,0.0,0.0
0.946939,0.0,0.0
0.94898,0.0,0.0
0.95102,0.0,0.0
0.953061,0.0,0.0
0.955102,0.0,0.0
0.957143,0.0,0.0
0.959184,0.0,0.0
0.961224,0.0,0.0
0.963265,0.0,0.0
0.965306,0.0,0.0
0.967347,0.0,0.0
0.969388,0.0,0.0
0.971429,0.0,0.0
0.973469,0.0,0.0
0.97551,0.0,0.0
0.977551,0.0,0.0
0.979592,0.0,0.0
0.981633,0.0,0.0
0.983673,0.0,0.0
0.985714,0.0,0.0
0.987755,0.0,0.0
0.989796,0.0,0.0
0.991837,0.0,0.0
0.993878,0.0,0.0
0.995918,0.0,0.0
0.997959,0.0,0.0
1.0,0.0,0.0
1.08163,0.0,0.0
1.16327,0.0,0.0
1.2449,0.0,0.0
1.32653,0.0,0.0
1.40816,0.0,0.0
1.4898,0.0,0.0
1.57143,0.0,0.0
1.65306,0.0,0.0
1.73469,0.0,0.0
1.81633,0.0,0.0
1.89796,0.0,0.0
1.97959,0.0,0.0
2.06122,0.0,0.0
2.14286,0.0,0.0
2.22449,0.0,0.0
2.30612,0.0,0.0
2.38776,0.0,0.0
2.46939,0.0,0.0
2.55102,0.0,0.0
2.63265,0.0,0.0
2.71429,0.0,0.0
2.79592,0.0,0.0
2.87755,0.0,0.0
2.95918,0.0,0.0
3.04082,0.0,0.0
3.12245,0.0,0.0
3.20408,0.0,0.0
3.28571,0.0,0.0
3.36735,0.0,0.0
3.44898,0.0,0.0
3.53061,0.0,0.0
3.61224,0.0,0.0
3.69388,0.0,0.0
3.77551,-8.08092e-09,4.24845e-11
3.85714,-5.08008e-08,2.66207e-10
3.93878,-1.14646e-07,6.06448e-10
4.02041,-1.89559e-07,9.97868e-10
4.10204,-2.66741e-07,1.41262e-09
4.18367,-3.45541e-07,1.8125e-09
4.26531,-4.18991e-07,2.22007e-09
4.34694,-4.90283e-07,2.5788e-09
4.42857,-5.48653e-07,2.89135e-09
4.5102,-6.11439e-07,3.18202e-09
4.59184,-6.59938e-07,3.49063e-09
4.67347,-7.15937e-07,3.7659e-09
4.7551,-7.64784e-07,4.01182e-09
4.83673,0.0,0.0
4.91837,1.28776e-30,1.01223e-33
5.0,3.16037e-27,2.60166e-30
5.10204,1.25831e-25,1.10826e-28
5.20408,1.14594e-24,1.02478e-27
5.30612,5.57011e-24,4.68139e-27
5.40816,1.90394e-23,1.40071e-26
5.5102,5.16363e-23,3.28521e-26
5.61224,1.18473e-22,6.82871e-26
5.71429,2.3963e-22,1.27824e-25
5.81633,4.40953e-22,2.23978e-25
5.91837,7.53104e-22,5.00107e-25
6.02041,1.20943e-21,1.34321e-24
6.12245,1.85179e-21,3.17195e-24
6.22449,2.75436e-21,6.37628e-24
6.32653,3.98053e-21,1.09224e-23
6.42857,5.70738e-21,1.64961e-23
6.53061,8.22414e-21,2.25595e-23
6.63265,1.19559e-20,2.96083e-23
6.73469,1.74358e-20,4.14038e-23
6.83673,2.55762e-20,6.89995e-23
6.93878,3.70484e-20,1.15622e-22
7.04082,5.35204e-20,1.84717e-22
7.14286,7.61367e-20,2.76106e-22
7.2449,1.08407e-19,3.86932e-22
7.34694,1.53981e-19,5.09527e-22
7.44898,2.15745e-19,6.34265e-22
7.55102,3.02428e-19,7.57479e-22
7.65306,4.21096e-19,9.23543e-22
7.7551,5.89504e-19,1.27076e-21
7.85714,8.08675e-19,1.84923e-21
7.95918,1.10365e-18,2.84108e-21
8.06122,1.49999e-18,4.32124e-21
8.16327,2.0079e-18,6.26176e-21
8.26531,2.66981e-18,8.87133e-21
8.36735,3.5334e-18,1.22205e-20
8.46939,4.61947e-18,1.63627e-20
8.57143,6.05959e-18,2.05406e-20
8.67347,7.9016e-18,2.61101e-20
8.77551,1.0336e-17,3.18525e-20
8.87755,1.35229e-17,3.80228e-20
8.97959,1.76563e-17,4.4085e-20
9.08163,2.30083e-17,5.06255e-20
9.18367,2.98129e-17,5.80056e-20
9.28571,3.88594e-17,6.96617e-20
9.38776,5.01657e-17,8.75602e-20
9.4898,6.43875e-17,1.1053e-19
9.59184,8.23071e-17,1.52305e-19
9.69388,1.04148e-16,1.96222e-19
9.79592,1.3086e-16,2.62187e-19
9.89796,1.63241e-16,3.48597e-19
10.0,2.02992e-16,4.56689e-19
10.2041,3.06574e-16,7.50737e-19
10.4082,4.52697e-16,1.14044e-18
10.6122,6.61852e-16,1.67075e-18
10.8163,9.4988e-16,2.27654e-18
11.0204,1.35681e-15,3.02838e-18
11.2245,1.92433e-15,3.90448e-18
11.4286,2.7166e-15,4.82005e-18
11.6327,3.81682e-15,6.03656e-18
11.8367,5.30696e-15,7.62672e-18
12.0408,7.31062e-15,9.91909e-18
12.2449,9.94853e-15,1.40462e-17
12.449,1.3422e-14,1.99214e-17
12.6531,1.79106e-14,2.90603e-17
12.8571,2.36266e-14,4.18215e-17
13.0612,3.06851e-14,5.70132e-17
13.2653,3.9587e-14,7.98654e-17
13.4694,5.03432e-14,1.04542e-16
13.6735,6.38424e-14,1.38552e-16
13.8776,8.01182e-14,1.77175e-16
14.0816,1.00437e-13,2.269e-16
14.2857,1.24427e-13,2.78458e-16
14.4898,1.53858e-13,3.40047e-16
14.6939,1.90111e-13,4.10744e-16
14.898,2.34244e-13,4.93359e-16
15.102,2.88161e-13,5.72273e-16
15.3061,3.51588e-13,6.65862e-16
15.5102,4.29572e-13,7.62719e-16
15.7143,5.23766e-13,8.66866e-16
15.9184,6.38937e-13,9.86117e-16
16.1224,7.75305e-13,1.10897e-15
16.3265,9.34724e-13,1.25185e-15
16.5306,1.12928e-12,1.42815e-15
16.7347,1.35857e-12,1.62792e-15
16.9388,1.62542e-12,1.8802e-15
17.1429,1.93915e-12,2.21044e-15
17.3469,2.30562e-12,2.57226e-15
17.551,2.72322e-12,3.11202e-15
17.7551,3.20579e-12,3.73641e-15
17.9592,3.76229e-12,4.42887e-15
18.1633,4.39769e-12,5.43171e-15
18.3673,5.11728e-12,6.52378e-15
18.5714,5.93879e-12,7.826e-15
18.7755,6.84332e-12,9.37144e-15
18.9796,7.87218e-12,1.11513e-14
19.1837,9.03374e-12,1.32674e-14
19.3878,1.0276e-11,1.55652e-14
19.5918,1.17281e-11,1.82784e-14
19.7959,1.33123e-11,2.14045e-14
20.0,1.5028e-11,2.45486e-14
20.4082,1.90929e-11,3.28311e-14
20.8163,2.40733e-11,4.24529e-14
21.2245,2.99615e-11,5.45218e-14
21.6327,3.73303e-11,6.88179e-14
22.0408,4.5857e-11,8.52459e-14
22.449,5.64651e-11,1.04589e-13
22.8571,6.90983e-11,1.26781e-13
23.2653,8.40237e-11,1.50649e-13
23.6735,1.0206e-10,1.7723e-13
24.0816,1.23935e-10,2.08362e-13
24.4898,1.49582e-10,2.38862e-13
24.898,1.80413e-10,2.74438e-13
25.3061,2.16942e-10,3.12766e-13
25.7143,2.61089e-10,3.54341e-13
26.1224,3.12411e-10,3.98292e-13
26.5306,3.71163e-10,4.42611e-13
26.9388,4.41946e-10,4.93217e-13
27.3469,5.23125e-10,5.48166e-13
27.7551,6.16423e-10,6.03989e-13
28.1633,7.25846e-10,6.72918e-13
28.5714,8.49605e-10,7.46339e-13
28.9796,9.89282e-10,8.29197e-13
29.3878,1.15132e-09,9.27156e-13
29.7959,1.33266e-09,1.03687e-12
30.2041,1.53587e-09,1.17117e-12
30.6122,1.76726e-09,1.33284e-12
31.0204,2.0218e-09,1.51232e-12
31.4286,2.30544e-09,1.72893e-12
31.8367,2.61727e-09,1.98656e-12
32.2449,2.96491e-09,2.27911e-12
32.6531,3.35069e-09,2.62967e-12
33.0612,3.76829e-09,3.01656e-12
33.4694,4.23262e-09,3.4777e-12
33.8776,4.73301e-09,3.99283e-12
34.2857,5.2676e-09,4.55757e-12
34.6939,5.8647e-09,5.23144e-12
35.102,6.49034e-09,5.94795e-12
35.5102,7.1836e-09,6.79112e-12
35.9184,7.93102e-09,7.7008e-12
36.3265,8.74079e-09,8.75407e-12
36.7347,9.59465e-09,9.88189e-12
37.1429,1.05316e-08,1.11524e-11
37.551,1.1508e-08,1.24486e-11
37.9592,1.25487e-08,1.3971e-11
38.3673,1.36889e-08,1.56219e-11
38.7755,1.4916e-08,1.74486e-11
39.1837,1.61546e-08,1.93262e-11
39.5918,1.75477e-08,2.14424e-11
40.0,1.90045e-08,2.37336e-11
40.4082,2.05468e-08,2.61624e-11
40.8163,2.21847e-08,2.87523e-11
41.2245,2.38988e-08,3.16146e-11
41.6327,2.57509e-08,3.4635e-11
42.0408,2.77808e-08,3.79587e-11
42.449,2.98386e-08,4.14625e-11
42.8571,3.20438e-08,4.50577e-11
43.2653,3.44168e-08,4.90912e-11
43.6735,3.70176e-08,5.35476e-11
44.0816,3.94997e-08,5.78103e-11
44.4898,4.23832e-08,6.26775e-11
44.898,4.52938e-08,6.7556e-11
45.3061,4.85842e-08,7.29722e-11
45.7143,5.19191e-08,7.85595e-11
46.1224,5.52485e-08,8.41908e-11
46.5306,5.90463e-08,9.04874e-11
46.9388,6.31428e-08,9.72644e-11
47.3469,6.71263e-08,1.04049e-10
47.7551,7.15206e-08,1.11002e-10
48.1633,7.62677e-08,1.18725e-10
48.5714,8.12955e-08,1.26834e-10
48.9796,8.66992e-08,1.35233e-10
49.3878,9.20595e-08,1.43564e-10
49.7959,9.77786e-08,1.52066e-10
50.2041,1.04329e-07,1.62175e-10
50.6122,1.10924e-07,1.71984e-10
51.0204,1.18312e-07,1.82968e-10
51.4286,1.25173e-07,1.93116e-10
51.8367,1.3309e-07,2.04249e-10
52.2449,1.41477e-07,2.15815e-10
52.6531,1.50153e-07,2.28062e-10
53.0612,1.59506e-07,2.40574e-10
53.4694,1.69254e-07,2.53575e-10
53.8776,1.7942e-07,2.67358e-10
54.2857,1.90511e-07,2.81988e-10
54.6939,2.01838e-07,2.95611e-10
55.102,2.14517e-07,3.11432e-10
55.5102,2.26815e-07,3.26625e-10
55.9184,2.40621e-07,3.43039e-10
56.3265,2.54065e-07,3.58333e-10
56.7347,2.69013e-07,3.75934e-10
57.1429,2.85447e-07,3.94455e-10
57.551,3.02007e-07,4.13143e-10
57.9592,3.19163e-07,4.31773e-10
58.3673,3.37465e-07,4.51199e-10
58.7755,3.57029e-07,4.73353e-10
59.1837,3.76825e-07,4.93683e-10
59.5918,3.98581e-07,5.15249e-10
60.0,4.21182e-07,5.37707e-10
60.4082,4.42671e-07,5.58787e-10
60.8163,4.68754e-07,5.85062e-10
61.2245,4.93226e-07,6.07137e-10
61.6327,5.20886e-07,6.3325e-10
62.0408,5.50172e-07,6.60852e-10
62.449,5.79397e-07,6.87486e-10
62.8571,6.10432e-07,7.14818e-10
63.2653,6.42045e-07,7.42872e-10
63.6735,6.76003e-07,7.72973e-10
64.0816,7.09805e-07,7.99624e-10
64.4898,7.49073e-07,8.32176e-10
64.898,7.86434e-07,8.63815e-10
65.3061,8.29735e-07,9.0133e-10
65.7143,8.68909e-07,9.30513e-10
66.1224,9.14142e-07,9.68611e-10
66.5306,9.59055e-07,1.00369e-09
66.9388,1.00614e-06,1.03841e-09
67.3469,1.05431e-06,1.07423e-09
67.7551,1.10447e-06,1.11046e-09
68.1633,1.16346e-06,1.15773e-09
68.5714,1.21675e-06,1.19575e-09
68.9796,1.27425e-06,1.23686e-09
69.3878,1.33338e-06,1.27846e-09
69.7959,1.39775e-06,1.32497e-09
70.2041,1.46083e-06,1.36909e-09
70.6122,1.52997e-06,1.41732e-09
71.0204,1.60079e-06,1.46351e-09
71.4286,1.66712e-06,1.50557e-09
71.8367,1.74605e-06,1.56146e-09
72.2449,1.82258e-06,1.61037e-09
72.6531,1.90283e-06,1.66289e-09
73.0612,1.98569e-06,1.7183e-09
73.4694,2.07292e-06,1.77419e-09
73.8776,2.16581e-06,1.83308e-09
74.2857,2.25416e-06,1.88664e-09
74.6939,2.34694e-06,1.94155e-09
75.102,2.45215e-06,2.01304e-09
75.5102,2.55121e-06,2.06947e-09
75.9184,2.65848e-06,2.13864e-09
76.3265,2.76726e-06,2.20272e-09
76.7347,2.87838e-06,2.26563e-09
77.1429,2.99412e-06,2.33503e-09
77.551,3.11239e-06,2.40253e-09
77.9592,3.2374e-06,2.47718e-09
78.3673,3.36285e-06,2.54622e-09
78.7755,3.49649e-06,2.62805e-09
79.1837,3.63533e-06,2.70414e-09
79.5918,3.76963e-06,2.77837e-09
80.0,3.91532e-06,2.85849e-09
80.4082,4.06569e-06,2.94434e-09
80.8163,4.21564e-06,3.02943e-09
81.2245,4.37149e-06,3.11073e-09
81.6327,4.53148e-06,3.20031e-09
82.0408,4.69482e-06,3.28362e-09
82.449,4.87051e-06,3.38209e-09
82.8571,5.04292e-06,3.47126e-09
83.2653,5.22045e-06,3.57036e-09
83.6735,5.40146e-06,3.66171e-09
84.0816,5.59138e-06,3.76395e-09
84.4898,5.79134e-06,3.86007e-09
84.898,5.9883e-06,3.96266e-09
85.3061,6.20232e-06,4.07342e-09
85.7143,6.39938e-06,4.17387e-09
86.1224,6.62556e-06,4.29228e-09
86.5306,6.84292e-06,4.39602e-09
86.9388,7.07742e-06,4.51707e-09
87.3469,7.29957e-06,4.62667e-09
87.7551,7.537e-06,4.73973e-09
88.1633,7.77939e-06,4.86213e-09
88.5714,8.03671e-06,4.98721e-09
88.9796,8.2952e-06,5.11538e-09
89.3878,8.55889e-06,5.24728e-09
89.7959,8.81777e-06,5.36384e-09
90.2041,9.10109e-06,5.49998e-09
90.6122,9.38051e-06,5.62754e-09
91.0204,9.67004e-06,5.77049e-09
91.4286,9.95939e-06,5.91818e-09
91.8367,1.02603e-05,6.05129e-09
92.2449,1.05656e-05,6.18977e-09
92.6531,1.08832e-05,6.34219e-09
93.0612,1.12059e-05,6.48609e-09
93.4694,1.15376e-05,6.63659e-09
93.8776,1.18623e-05,6.79354e-09
94.2857,1.22149e-05,6.9568e-09
94.6939,1.25625e-05,7.10991e-09
95.102,1.29285e-05,7.27846e-09
95.5102,1.3298e-05,7.44361e-09
95.9184,1.36555e-05,7.60371e-09
96.3265,1.40465e-05,7.77622e-09
96.7347,1.44321e-05,7.95255e-09
97.1429,1.48377e-05,8.1356e-09
97.551,1.52319e-05,8.30376e-09
97.9592,1.56475e-05,8.4886e-09
98.3673,1.60782e-05,8.67445e-09
98.7755,1.65069e-05,8.86389e-09
99.1837,1.69356e-05,9.05783e-09
99.5918,1.73833e-05,9.24173e-09
100.0,1.78421e-05,9.43972e-09
100.816,1.87724e-05,9.84275e-09
101.633,1.97517e-05,1.026e-08
102.449,2.07519e-05,1.06816e-08
103.265,2.18072e-05,1.11218e-08
104.082,2.28791e-05,1.1562e-08
104.898,2.4022e-05,1.20489e-08
105.714,2.51807e-05,1.2521e-08
106.531,2.63694e-05,1.30044e-08
107.347,2.76036e-05,1.35072e-08
108.163,2.89e-05,1.40354e-08
108.98,3.02316e-05,1.45684e-08
109.796,3.16125e-05,1.51107e-08
110.612,3.29967e-05,1.56525e-08
111.429,3.44464e-05,1.62181e-08
112.245,3.59558e-05,1.68212e-08
113.061,3.75448e-05,1.74381e-08
113.878,3.91141e-05,1.80429e-08
114.694,4.07488e-05,1.8656e-08
115.51,4.2452e-05,1.9307e-08
116.327,4.4172e-05,1.99562e-08
117.143,4.60452e-05,2.06735e-08
117.959,4.78348e-05,2.13308e-08
118.776,4.97173e-05,2.20334e-08
119.592,5.16165e-05,2.27449e-08
120.408,5.36438e-05,2.349e-08
121.224,5.56973e-05,2.42409e-08
122.041,5.78611e-05,2.50045e-08
122.857,5.99932e-05,2.57894e-08
123.673,6.21702e-05,2.6587e-08
124.49,6.44221e-05,2.73804e-08
125.306,6.67761e-05,2.82365e-08
126.122,6.91609e-05,2.90699e-08
126.939,7.16224e-05,2.99482e-08
127.755,7.41317e-05,3.08404e-08
128.571,7.6661e-05,3.16984e-08
129.388,7.93118e-05,3.26491e-08
130.204,8.20512e-05,3.35847e-08
131.02,8.46925e-05,3.45061e-08
131.837,8.76002e-05,3.55002e-08
132.653,9.04955e-05,3.65001e-08
133.469,9.3387e-05,3.7482e-08
134.286,9.64147e-05,3.85165e-08
135.102,9.94889e-05,3.95272e-08
135.918,0.000102619,4.05883e-08
136.735,0.000105694,4.16306e-08
137.551,0.000109102,4.27553e-08
138.367,0.000112446,4.38412e-08
139.184,0.000115845,4.49845e-08
140.0,0.000119298,4.61102e-08
140.816,0.000122787,4.72886e-08
141.633,0.000126469,4.8453e-08
142.449,0.00013018,4.96599e-08
143.265,0.000133869,5.08732e-08
144.082,0.000137717,5.21021e-08
144.898,0.000141653,5.33617e-08
145.714,0.000145633,5.46567e-08
146.531,0.00014973,5.59323e-08
147.347,0.000153826,5.72291e-08
148.163,0.00015784,5.85136e-08
148.98,0.000162237,5.99117e-08
149.796,0.000166644,6.12771e-08
150.612,0.000171095,6.2662e-08
151.429,0.000175603,6.40711e-08
152.245,0.000180208,6.5493e-08
153.061,0.000184826,6.69229e-08
153.878,0.000189577,6.83934e-08
154.694,0.000194432,6.98855e-08
155.51,0.00019932,7.13575e-08
156.327,0.000204425,7.2897e-08
157.143,0.000209351,7.44234e-08
157.959,0.000214597,7.59843e-08
158.776,0.000219771,7.7571e-08
159.592,0.000225157,7.91467e-08
160.408,0.000230488,8.07761e-08
161.224,0.00023604,8.24256e-08
162.041,0.000241499,8.40642e-08
162.857,0.000247333,8.58008e-08
163.673,0.000252981,8.74508e-08
164.49,0.000258916,8.92305e-08
165.306,0.000264721,9.09139e-08
166.122,0.000270766,9.26832e-08
166.939,0.000276886,9.44984e-08
167.755,0.000282821,9.62002e-08
168.571,0.000289214,9.80392e-08
169.388,0.000295569,9.98743e-08
170.204,0.000302131,1.01772e-07
171.02,0.00030864,1.03651e-07
171.837,0.000315031,1.05517e-07
172.653,0.000321773,1.07452e-07
173.469,0.000328731,1.09406e-07
174.286,0.000335554,1.11333e-07
175.102,0.000342694,1.13334e-07
175.918,0.000349987,1.15433e-07
176.735,0.000356943,1.17344e-07
177.551,0.000364238,1.194e-07
178.367,0.000371581,1.21485e-07
179.184,0.000378921,1.23519e-07
180.0,0.00038668,1.25741e-07
180.816,0.000394261,1.27768e-07
181.633,0.000402101,1.29916e-07
182.449,0.000409766,1.32092e-07
183.265,0.000417934,1.34378e-07
184.082,0.000426045,1.36604e-07
184.898,0.000434108,1.38776e-07
185.714,0.000442195,1.41011e-07
186.531,0.000450493,1.4323e-07
187.347,0.000459278,1.45626e-07
188.163,0.000467478,1.47831e-07
188.98,0.00047619,1.50203e-07
189.796,0.000484859,1.52585e-07
190.612,0.000493737,1.54917e-07
191.429,0.000502697,1.57367e-07
192.245,0.000511573,1.59703e-07
193.061,0.000521152,1.62252e-07
193.878,0.000529921,1.64619e-07
194.694,0.000539632,1.67187e-07
195.51,0.000548771,1.69647e-07
196.327,0.000558379,1.72165e-07
197.143,0.000567921,1.7467e-07
197.959,0.000577635,1.77277e-07
198.776,0.000587901,1.79941e-07
199.592,0.000597584,1.82473e-07
200.408,0.000607684,1.85065e-07
201.224,0.000617963,1.87747e-07
202.041,0.000627904,1.90442e-07
202.857,0.000638976,1.93169e-07
203.673,0.000649072,1.95854e-07
204.49,0.000659738,1.98513e-07
205.306,0.000670555,2.01387e-07
206.122,0.000681624,2.04233e-07
206.939,0.000692148,2.06935e-07
207.755,0.000703103,2.09694e-07
208.571,0.000714183,2.12577e-07
209.388,0.000725661,2.15527e-07
210.204,0.000736719,2.18293e-07
211.02,0.000748466,2.21328e-07
211.837,0.000760478,2.24393e-07
212.653,0.000771805,2.27229e-07
213.469,0.000783153,2.30037e-07
214.286,0.000795292,2.33147e-07
215.102,0.000807238,2.36151e-07
215.918,0.000819032,2.39127e-07
216.735,0.000831158,2.42097e-07
217.551,0.000844228,2.45362e-07
218.367,0.000856017,2.48318e-07
219.184,0.000868616,2.51525e-07
220.0,0.000881255,2.54609e-07
221.633,0.000907319,2.61054e-07
223.265,0.000933209,2.6745e-07
224.898,0.000960036,2.7403e-07
226.531,0.000986647,2.80571e-07
228.163,0.0010144,2.87264e-07
229.796,0.00104258,2.94136e-07
231.429,0.00107095,3.0099e-07
233.061,0.00109974,3.0797e-07
234.694,0.00112869,3.14889e-07
236.327,0.00115803,3.22006e-07
237.959,0.00118896,3.29275e-07
239.592,0.00121868,3.36365e-07
241.224,0.00125058,3.4387e-07
242.857,0.00128224,3.51365e-07
244.49,0.0013143,3.59076e-07
246.122,0.00134628,3.66418e-07
247.755,0.00137954,3.74229e-07
249.388,0.00141359,3.82131e-07
251.02,0.001448,3.90042e-07
252.653,0.00148155,3.97887e-07
254.286,0.00151672,4.06148e-07
255.918,0.00155216,4.14176e-07
257.551,0.00158727,4.22385e-07
259.184,0.00162409,4.30652e-07
260.816,0.0016613,4.39239e-07
262.449,0.00169812,4.47554e-07
264.082,0.00173657,4.56313e-07
265.714,0.00177483,4.64905e-07
267.347,0.00181365,4.7367e-07
268.98,0.00185296,4.82331e-07
270.612,0.00189258,4.91307e-07
272.245,0.00193427,5.00658e-07
273.878,0.00197348,5.0938e-07
275.51,0.00201444,5.185e-07
277.143,0.00205746,5.28117e-07
278.776,0.00209957,5.37249e-07
280.408,0.00214154,5.46756e-07
282.041,0.0021854,5.56307e-07
283.673,0.00222831,5.65643e-07
285.306,0.00227255,5.75387e-07
286.939,0.00231812,5.85394e-07
288.571,0.00236246,5.9487e-07
290.204,0.00240836,6.04981e-07
291.837,0.00245479,6.15127e-07
293.469,0.00250192,6.2525e-07
295.102,0.00254864,6.35509e-07
296.735,0.00259706,6.45769e-07
298.367,0.00264512,6.56129e-07
300.0,0.00269355,6.66689e-07
301.633,0.00274192,6.76965e-07
303.265,0.00279145,6.8744e-07
304.898,0.00284378,6.98513e-07
306.531,0.00289369,7.0923e-07
308.163,0.00294373,7.19704e-07
309.796,0.00299474,7.30544e-07
311.429,0.0030482,7.4219e-07
313.061,0.00310068,7.52933e-07
314.694,0.00315389,7.64022e-07
316.327,0.00320674,7.75208e-07
317.959,0.00326156,7.86725e-07
319.592,0.0033157,7.97977e-07
321.224,0.00337062,8.09516e-07
322.857,0.00342861,8.21416e-07
324.49,0.00348492,8.33221e-07
326.122,0.00353971,8.44311e-07
327.755,0.00359746,8.56277e-07
329.388,0.00365395,8.68061e-07
331.02,0.0037132,8.80753e-07
332.653,0.00377127,8.9253e-07
334.286,0.00383152,9.04609e-07
335.918,0.00389168,9.16854e-07
337.551,0.00395246,9.2952e-07
339.184,0.00401341,9.41668e-07
340.816,0.00407416,9.54252e-07
342.449,0.00413832,9.67062e-07
344.082,0.00420038,9.79866e-07
345.714,0.00426168,9.92305e-07
347.347,0.00432188,1.00494e-06
348.98,0.00438988,1.01827e-06
350.612,0.00445382,1.03113e-06
352.245,0.00451702,1.04403e-06
353.878,0.00458386,1.05744e-06
355.51,0.00464829,1.07023e-06
357.143,0.00471588,1.08381e-06
358.776,0.00478156,1.0971e-06
360.408,0.00484977,1.11071e-06
362.041,0.00491706,1.12417e-06
363.673,0.00498541,1.13789e-06
365.306,0.00505424,1.15132e-06
366.939,0.00512197,1.16487e-06
368.571,0.00519537,1.17911e-06
370.204,0.00526468,1.19325e-06
371.837,0.00533608,1.20742e-06
373.469,0.00540847,1.22154e-06
375.102,0.0054781,1.23546e-06
376.735,0.00555039,1.2496e-06
378.367,0.005625,1.26438e-06
380.0,0.00569817,1.27866e-06
382.449,0.00580919,1.30047e-06
384.898,0.00592142,1.32212e-06
387.347,0.00603607,1.34452e-06
389.796,0.00614738,1.36656e-06
392.245,0.00626478,1.38921e-06
394.694,0.00638252,1.41196e-06
397.143,0.00649927,1.43509e-06
399.592,0.00662133,1.45804e-06
402.041,0.0067377,1.48114e-06
404.49,0.00685968,1.50417e-06
406.939,0.0069843,1.52804e-06
409.388,0.00710749,1.55199e-06
411.837,0.0072327,1.5758e-06
414.286,0.00735791,1.59979e-06
416.735,0.00748488,1.62382e-06
419.184,0.007612,1.64777e-06
421.633,0.00774245,1.67295e-06
424.082,0.0078743,1.6977e-06
426.531,0.00800171,1.72281e-06
428.98,0.00813464,1.7481e-06
431.429,0.00827014,1.7729e-06
433.878,0.00840708,1.79899e-06
436.327,0.00853843,1.8237e-06
438.776,0.00867463,1.84999e-06
441.224,0.00881549,1.87602e-06
443.673,0.00895737,1.90245e-06
446.122,0.00909396,1.92824e-06
448.571,0.0092411,1.9554e-06
451.02,0.0093791,1.98111e-06
453.469,0.00952495,2.00907e-06
455.918,0.00966972,2.03542e-06
458.367,0.00981574,2.06304e-06
460.816,0.00996698,2.09065e-06
463.265,0.0101132,2.11825e-06
465.714,0.0102625,2.1462e-06
468.163,0.0104135,2.17411e-06
470.612,0.0105602,2.20101e-06
473.061,0.0107153,2.23002e-06
475.51,0.0108685,2.25736e-06
477.959,0.0110206,2.28621e-06
480.408,0.0111801,2.31487e-06
482.857,0.011336,2.34367e-06
485.306,0.0114904,2.37312e-06
487.755,0.0116524,2.4018e-06
490.204,0.011813,2.43111e-06
492.653,0.0119793,2.46168e-06
495.102,0.0121371,2.49056e-06
497.551,0.0123011,2.52023e-06
500.0,0.0124663,2.55024e-06
502.449,0.0126359,2.58084e-06
504.898,0.0127962,2.61177e-06
507.347,0.0129671,2.64204e-06
509.796,0.0131381,2.67243e-06
512.245,0.0133043,2.70269e-06
514.694,0.0134734,2.73428e-06
517.143,0.0136442,2.76446e-06
519.592,0.0138248,2.79674e-06
522.041,0.0139942,2.82735e-06
524.49,0.014172,2.85977e-06
526.939,0.0143449,2.89132e-06
529.388,0.0145241,2.92294e-06
531.837,0.0147053,2.95608e-06
534.286,0.014879,2.98771e-06
536.735,0.0150613,3.02002e-06
539.184,0.0152437,3.05366e-06
541.633,0.0154297,3.0861e-06
544.082,0.0156078,3.11862e-06
546.531,0.0157935,3.15158e-06
548.98,0.0159893,3.18629e-06
551.429,0.0161698,3.2187e-06
553.878,0.016358,3.25212e-06
556.327,0.0165462,3.28599e-06
558.776,0.0167307,3.31899e-06
561.224,0.0169235,3.35407e-06
563.673,0.017121,3.38921e-06
566.122,0.0173104,3.42304e-06
568.571,0.0175034,3.45783e-06
571.02,0.0176989,3.49235e-06
573.469,0.017893,3.52535e-06
575.918,0.0180981,3.56254e-06
578.367,0.0182943,3.59762e-06
580.816,0.0184931,3.63216e-06
583.265,0.0186956,3.66958e-06
585.714,0.0188934,3.70389e-06
588.163,0.0190967,3.74016e-06
590.612,0.0193064,3.77697e-06
593.061,0.0195047,3.81294e-06
595.51,0.0197065,3.84809e-06
597.959,0.0199197,3.88518e-06
600.408,0.0201296,3.92187e-06
602.857,0.0203361,3.95857e-06
605.306,0.0205384,3.99495e-06
607.755,0.0207558,4.03251e-06
610.204,0.0209608,4.06928e-06
612.653,0.0211762,4.10631e-06
615.102,0.0213926,4.14472e-06
617.551,0.0216072,4.18184e-06
620.0,0.021818,4.22067e-06
622.449,0.0220413,4.25838e-06
624.898,0.0222575,4.29555e-06
627.347,0.0224723,4.33507e-06
629.796,0.0226923,4.37252e-06
632.245,0.0229085,4.41107e-06
634.694,0.0231331,4.44998e-06
637.143,0.0233563,4.48982e-06
639.592,0.0235848,4.52915e-06
642.041,0.0238042,4.56731e-06
644.49,0.024026,4.60646e-06
646.939,0.0242543,4.64781e-06
649.388,0.0244738,4.68528e-06
651.837,0.0247135,4.72646e-06
654.286,0.0249423,4.76768e-06
656.735,0.0251691,4.80804e-06
659.184,0.0253961,4.84613e-06
661.633,0.0256334,4.88724e-06
664.082,0.025868,4.92838e-06
666.531,0.0261045,4.9685e-06
668.98,0.0263402,5.01026e-06
671.429,0.0265714,5.04983e-06
673.878,0.0268079,5.091e-06
676.327,0.0270533,5.13491e-06
678.776,0.0272798,5.17454e-06
681.224,0.0275232,5.21592e-06
683.673,0.0277643,5.25992e-06
686.122,0.0280162,5.30064e-06
688.571,0.0282506,5.34209e-06
691.02,0.0285075,5.38625e-06
693.469,0.0287411,5.42774e-06
695.918,0.0289913,5.47166e-06
698.367,0.0292242,5.51152e-06
700.816,0.0294907,5.55742e-06
703.265,0.0297263,5.59687e-06
705.714,0.0299751,5.64331e-06
708.163,0.0302319,5.686e-06
710.612,0.0304831,5.73045e-06
713.061,0.030733,5.77361e-06
715.51,0.0309821,5.81586e-06
717.959,0.0312432,5.86166e-06
720.408,0.0315013,5.9069e-06
722.857,0.0317563,5.95159e-06
725.306,0.0320076,5.99345e-06
727.755,0.0322599,6.03728e-06
730.204,0.0325205,6.08309e-06
732.653,0.0327723,6.12653e-06
735.102,0.0330336,6.17268e-06
737.551,0.0332979,6.21724e-06
740.0,0.0335706,6.2643e-06
743.265,0.0339125,6.32411e-06
746.531,0.0342636,6.38446e-06
749.796,0.0346264,6.44664e-06
753.061,0.034976,6.50592e-06
756.327,0.0353346,6.56951e-06
759.592,0.0356957,6.63061e-06
762.857,0.0360612,6.69462e-06
766.122,0.0364188,6.75574e-06
769.388,0.0367773,6.81759e-06
772.653,0.037154,6.88257e-06
775.918,0.0375153,6.94268e-06
779.184,0.0378784,7.00563e-06
782.449,0.0382622,7.0708e-06
785.714,0.0386207,7.13562e-06
788.98,0.0390019,7.20051e-06
792.245,0.0393724,7.26401e-06
795.51,0.0397417,7.32833e-06
798.776,0.0401182,7.39442e-06
802.041,0.040493,7.45655e-06
805.306,0.0408875,7.52474e-06
808.571,0.0412743,7.58941e-06
811.837,0.0416703,7.6603e-06
815.102,0.0420494,7.72449e-06
818.367,0.0424313,7.79091e-06
821.633,0.0428105,7.85545e-06
824.898,0.0432042,7.92515e-06
828.163,0.0435935,7.99039e-06
831.429,0.0440079,8.06173e-06
834.694,0.0444024,8.12696e-06
837.959,0.0447833,8.19669e-06
841.224,0.0451834,8.26476e-06
844.49,0.0455717,8.33192e-06
847.755,0.0459925,8.40242e-06
851.02,0.0464002,8.47238e-06
854.286,0.0467972,8.53962e-06
857.551,0.047199,8.61224e-06
860.816,0.0476191,8.67841e-06
864.082,0.048025,8.74986e-06
867.347,0.0484212,8.81971e-06
870.612,0.0488303,8.88888e-06
873.878,0.0492509,8.96076e-06
877.143,0.0496547,9.03107e-06
880.408,0.0500749,9.10311e-06
883.673,0.0504819,9.17286e-06
886.939,0.0509093,9.24566e-06
890.204,0.0513533,9.31959e-06
893.469,0.0517681,9.39618e-06
896.735,0.0521817,9.4651e-06
900.0,0.0526166,9.53905e-06
903.265,0.0530572,9.61273e-06
906.531,0.0534636,9.68171e-06
909.796,0.0538974,9.7593e-06
913.061,0.0543093,9.8298e-06
916.327,0.0547336,9.90472e-06
919.592,0.0551729,9.97948e-06
922.857,0.0556173,1.00555e-05
926.122,0.0560611,1.01331e-05
929.388,0.0565066,1.02078e-05
932.653,0.0569198,1.02767e-05
935.918,0.0573654,1.03534e-05
939.184,0.0578339,1.04362e-05
942.449,0.0582579,1.05087e-05
945.714,0.0587044,1.05876e-05
948.98,0.0591588,1.06616e-05
952.245,0.0595822,1.07342e-05
955.51,0.0600629,1.08179e-05
958.776,0.0604793,1.08891e-05
962.041,0.0609402,1.09679e-05
965.306,0.0613884,1.1045e-05
968.571,0.0618437,1.11254e-05
971.837,0.062325,1.12067e-05
975.102,0.0627807,1.12872e-05
978.367,0.0632356,1.13644e-05
981.633,0.0636826,1.14371e-05
984.898,0.0641573,1.152e-05
988.163,0.0646179,1.15969e-05
991.429,0.0650848,1.16813e-05
994.694,0.0655454,1.17607e-05
997.959,0.066001,1.18372e-05
1001.22,0.0664808,1.19168e-05
1004.49,0.0669497,1.19983e-05
1007.76,0.0674491,1.20855e-05
1011.02,0.0679085,1.21677e-05
1014.29,0.0683383,1.22429e-05
1017.55,0.0688352,1.23255e-05
1020.82,0.0692919,1.24046e-05
1024.08,0.0697953,1.24928e-05
1027.35,0.0702643,1.25722e-05
1030.61,0.0707363,1.26543e-05
1033.88,0.0712398,1.27374e-05
1037.14,0.0717236,1.28228e-05
1040.41,0.0722124,1.29032e-05
1043.67,0.0726858,1.29916e-05
1046.94,0.0731965,1.30753e-05
1050.2,0.0736703,1.31589e-05
1053.47,0.0741754,1.32482e-05
1056.73,0.0746469,1.33264e-05
1060.0,0.0751274,1.3408e-05
1064.9,0.0758689,1.35414e-05
1069.8,0.0766242,1.36668e-05
1074.69,0.0773726,1.37956e-05
1079.59,0.0781134,1.39231e-05
1084.49,0.0788845,1.40605e-05
1089.39,0.079642,1.41865e-05
1094.29,0.0803847,1.43169e-05
1099.18,0.0811811,1.44518e-05
1104.08,0.081924,1.4586e-05
1108.98,0.0826629,1.47072e-05
1113.88,0.0834478,1.48461e-05
1118.78,0.0842091,1.4978e-05
1123.67,0.0849837,1.5114e-05
1128.57,0.0857666,1.52484e-05
1133.47,0.0865457,1.53794e-05
1138.37,0.0873424,1.55192e-05
1143.27,0.0881209,1.56574e-05
1148.16,0.0888811,1.57865e-05
1153.06,0.0896855,1.59253e-05
1157.96,0.090483,1.60652e-05
1162.86,0.0912825,1.61982e-05
1167.76,0.0920972,1.63398e-05
1172.65,0.0929156,1.64869e-05
1177.55,0.0936979,1.66205e-05
1182.45,0.0945188,1.67639e-05
1187.35,0.0953481,1.69057e-05
1192.24,0.0961333,1.70469e-05
1197.14,0.0969719,1.71902e-05
1202.04,0.0977571,1.73275e-05
1206.94,0.0985488,1.74707e-05
1211.84,0.0994179,1.76173e-05
1216.73,0.100242,1.77575e-05
1221.63,0.101062,1.79008e-05
1226.53,0.10187,1.804e-05
1231.43,0.102734,1.81906e-05
1236.33,0.10359,1.83434e-05
1241.22,0.104396,1.84855e-05
1246.12,0.105278,1.86377e-05
1251.02,0.106102,1.87855e-05
1255.92,0.106949,1.89225e-05
1260.82,0.1078,1.90729e-05
1265.71,0.108661,1.92243e-05
1270.61,0.109511,1.93722e-05
1275.51,0.110413,1.95265e-05
1280.41,0.111228,1.96766e-05
1285.31,0.112037,1.98207e-05
1290.2,0.112949,1.99787e-05
1295.1,0.113817,2.01259e-05
1300.0,0.114698,2.0285e-05
1304.9,0.115583,2.04375e-05
1309.8,0.116441,2.0589e-05
1314.69,0.117333,2.0742e-05
1319.59,0.118233,2.0892e-05
1324.49,0.11913,2.10582e-05
1329.39,0.119985,2.12112e-05
1334.29,0.120833,2.13547e-05
1339.18,0.121759,2.15258e-05
1344.08,0.122651,2.16805e-05
1348.98,0.12354,2.183e-05
1353.88,0.124415,2.19895e-05
1358.78,0.125321,2.21486e-05
1363.67,0.126255,2.23109e-05
1368.57,0.127161,2.24687e-05
1373.47,0.128077,2.26356e-05
1378.37,0.128999,2.27945e-05
1383.27,0.129876,2.29466e-05
1388.16,0.130775,2.3107e-05
1393.06,0.131736,2.32798e-05
1397.96,0.132646,2.34364e-05
1402.86,0.133575,2.36131e-05
1407.76,0.134488,2.37704e-05
1412.65,0.135462,2.39367e-05
1417.55,0.136365,2.40957e-05
1422.45,0.137273,2.4258e-05
1427.35,0.138202,2.44229e-05
1432.24,0.139178,2.45834e-05
1437.14,0.140078,2.47531e-05
1442.04,0.14103,2.49181e-05
1446.94,0.142008,2.50935e-05
1451.84,0.142958,2.52603e-05
1456.73,0.143899,2.5424e-05
1461.63,0.144824,2.55909e-05
1466.53,0.145743,2.5762e-05
1471.43,0.146734,2.59316e-05
1476.33,0.147687,2.6103e-05
1481.22,0.148661,2.62687e-05
1486.12,0.149675,2.64592e-05
1491.02,0.150601,2.66135e-05
1495.92,0.151555,2.67916e-05
1500.82,0.152512,2.69636e-05
1505.71,0.153525,2.71392e-05
1510.61,0.154449,2.73122e-05
1515.51,0.155418,2.74798e-05
1520.41,0.156433,2.76612e-05
1525.31,0.157425,2.78331e-05
1530.2,0.158317,2.80022e-05
1535.1,0.159385,2.8191e-05
1540.0,0.160353,2.83674e-05
1547.35,0.161838,2.86265e-05
1554.69,0.163296,2.888e-05
1562.04,0.164848,2.91599e-05
1569.39,0.166342,2.944e-05
1576.73,0.167843,2.97012e-05
1584.08,0.169376,2.99739e-05
1591.43,0.170887,3.02423e-05
1598.78,0.172436,3.05189e-05
1606.12,0.173946,3.07866e-05
1613.47,0.175399,3.10623e-05
1620.82,0.177011,3.13412e-05
1628.16,0.178516,3.1625e-05
1635.51,0.180117,3.18988e-05
1642.86,0.181579,3.21714e-05
1650.2,0.183136,3.24444e-05
1657.55,0.184704,3.27369e-05
1664.9,0.186309,3.30284e-05
1672.24,0.187862,3.33022e-05
1679.59,0.189411,3.35866e-05
1686.94,0.19097,3.38537e-05
1694.29,0.19255,3.41591e-05
1701.63,0.194151,3.44408e-05
1708.98,0.195792,3.4729e-05
1716.33,0.197326,3.5011e-05
1723.67,0.198972,3.53187e-05
1731.02,0.200505,3.56019e-05
1738.37,0.202176,3.59048e-05
1745.71,0.203791,3.62004e-05
1753.06,0.205422,3.64995e-05
1760.41,0.206874,3.67653e-05
1767.76,0.208619,3.70835e-05
1775.1,0.210261,3.73699e-05
1782.45,0.211872,3.76649e-05
1789.8,0.213597,3.79879e-05
1797.14,0.215188,3.82771e-05
1804.49,0.216881,3.85814e-05
1811.84,0.218493,3.88849e-05
1819.18,0.220141,3.91833e-05
1826.53,0.221792,3.94806e-05
1833.88,0.223474,3.97905e-05
1841.22,0.22511,4.00922e-05
1848.57,0.22683,4.04097e-05
1855.92,0.228448,4.07074e-05
1863.27,0.230188,4.10277e-05
1870.61,0.23188,4.13286e-05
1877.96,0.233565,4.16462e-05
1885.31,0.235321,4.19748e-05
1892.65,0.237055,4.22841e-05
1900.0,0.238646,4.25811e-05
1907.35,0.240346,4.28971e-05
1914.69,0.241946,4.31996e-05
1922.04,0.243762,4.3533e-05
1929.39,0.245525,4.3855e-05
1936.73,0.247267,4.41815e-05
1944.08,0.24893,4.44942e-05
1951.43,0.250729,4.48131e-05
1958.78,0.25242,4.51542e-05
1966.12,0.254193,4.54552e-05
1973.47,0.255952,4.57802e-05
1980.82,0.257704,4.6125e-05
1988.16,0.259383,4.64175e-05
1995.51,0.261187,4.67636e-05
2002.86,0.262896,4.70777e-05
2010.2,0.264781,4.74138e-05
2017.55,0.266428,4.77366e-05
2024.9,0.268279,4.80955e-05
2032.24,0.270094,4.84347e-05
2039.59,0.271789,4.87562e-05
2046.94,0.273583,4.90775e-05
2054.29,0.275515,4.9423e-05
2061.63,0.27717,4.97511e-05
2068.98,0.279042,5.01069e-05
2076.33,0.28077,5.04168e-05
2083.67,0.282574,5.07514e-05
2091.02,0.284359,5.10941e-05
2098.37,0.286216,5.14409e-05
2105.71,0.288065,5.17819e-05
2113.06,0.289754,5.21135e-05
2120.41,0.29169,5.24746e-05
2127.76,0.293499,5.28219e-05
2135.1,0.29533,5.31435e-05
2142.45,0.297247,5.35212e-05
2149.8,0.299124,5.38714e-05
2157.14,0.300873,5.42093e-05
2164.49,0.302772,5.45714e-05
2171.84,0.304614,5.4918e-05
2179.18,0.306503,5.52703e-05
2186.53,0.308257,5.56103e-05
2193.88,0.310266,5.59832e-05
2201.22,0.312045,5.63359e-05
2208.57,0.313901,5.66557e-05
2215.92,0.31579,5.70337e-05
2223.27,0.317648,5.74012e-05
2230.61,0.319521,5.774e-05
2237.96,0.32143,5.80948e-05
2245.31,0.32338,5.84674e-05
2252.65,0.325248,5.88521e-05
2260.0,0.32718,5.91799e-05
2271.02,0.330043,5.97347e-05
2282.04,0.332855,6.02721e-05
2293.06,0.335706,6.08296e-05
2304.08,0.338632,6.13714e-05
2315.1,0.341357,6.19133e-05
2326.12,0.344395,6.24773e-05
2337.14,0.347221,6.30317e-05
2348.16,0.350102,6.3587e-05
2359.18,0.353122,6.41625e-05
2370.2,0.355912,6.46868e-05
2381.22,0.358941,6.52798e-05
2392.24,0.361948,6.58637e-05
2403.27,0.364765,6.63813e-05
2414.29,0.36775,6.69526e-05
2425.31,0.3708,6.75499e-05
2436.33,0.3737,6.81094e-05
2447.35,0.376775,6.86942e-05
2458.37,0.379532,6.92505e-05
2469.39,0.382648,6.98491e-05
2480.41,0.38575,7.04569e-05
2491.43,0.388782,7.10406e-05
2502.45,0.391617,7.16098e-05
2513.47,0.394563,7.21656e-05
2524.49,0.39769,7.2758e-05
2535.51,0.400737,7.33594e-05
2546.53,0.403825,7.3961e-05
2557.55,0.406986,7.45807e-05
2568.57,0.409835,7.51656e-05
2579.59,0.412966,7.57608e-05
2590.61,0.416048,7.63593e-05
2601.63,0.419132,7.69594e-05
2612.65,0.422164,7.75881e-05
2623.67,0.425369,7.81947e-05
2634.69,0.428409,7.8768e-05
2645.71,0.431523,7.93983e-05
2656.73,0.434704,8.00479e-05
2667.76,0.437791,8.06509e-05
2678.78,0.441061,8.1284e-05
2689.8,0.444064,8.18569e-05
2700.82,0.447451,8.25177e-05
2711.84,0.450417,8.31307e-05
2722.86,0.453565,8.37443e-05
2733.88,0.456689,8.43525e-05
2744.9,0.46002,8.49991e-05
2755.92,0.463142,8.56148e-05
2766.94,0.466184,8.62303e-05
2777.96,0.469419,8.68962e-05
2788.98,0.472747,8.75198e-05
2800.0,0.475919,8.81857e-05
2814.29,0.479989,8.90092e-05
2828.57,0.484263,8.98067e-05
2842.86,0.488395,9.06515e-05
2857.14,0.492669,9.14855e-05
2871.43,0.496859,9.22927e-05
2885.71,0.500871,9.31285e-05
2900.0,0.505223,9.4017e-05
2914.29,0.50936,9.48588e-05
2928.57,0.513854,9.57179e-05
2942.86,0.51813,9.65985e-05
2957.14,0.522303,9.74611e-05
2971.43,0.52664,9.82967e-05
2985.71,0.530865,9.91591e-05
3000.0,0.535124,0.000100051
3014.29,0.539566,0.000100933
3028.57,0.543943,0.000101805
3042.86,0.548356,0.000102675
3057.14,0.552624,0.00010357
3071.43,0.556742,0.000104402
3085.71,0.561256,0.00010534
3100.0,0.565487,0.000106172
3114.29,0.57011,0.000107103
3128.57,0.574469,0.000108034
3142.86,0.578712,0.000108872
3157.14,0.583216,0.000109819
3171.43,0.587771,0.000110693
3185.71,0.592295,0.000111614
3200.0,0.596846,0.000112571
3214.29,0.60125,0.000113466
3228.57,0.605699,0.000114368
3242.86,0.61006,0.000115269
3257.14,0.614592,0.000116185
3271.43,0.618967,0.000117091
3285.71,0.623604,0.000118057
3300.0,0.628076,0.000119003
3314.29,0.632556,0.00011993
3328.57,0.63718,0.000120864
3342.86,0.64205,0.000121873
3357.14,0.646443,0.000122813
3371.43,0.65116,0.000123737
3385.71,0.655313,0.000124582
3400.0,0.66015,0.000125624
3414.29,0.664888,0.000126568
3428.57,0.669103,0.000127474
3442.86,0.67389,0.000128431
3457.14,0.678544,0.000129408
3471.43,0.683401,0.000130419
3485.71,0.687812,0.000131341
3500.0,0.6925,0.000132358
3520.41,0.699276,0.00013376
3540.82,0.705814,0.000135128
3561.22,0.712702,0.000136605
3581.63,0.71945,0.000137934
3602.04,0.725986,0.000139366
3622.45,0.732952,0.000140829
3642.86,0.739759,0.000142244
3663.27,0.746535,0.00014364
3683.67,0.753083,0.000145068
3704.08,0.760153,0.000146517
3724.49,0.76679,0.000147948
3744.9,0.774062,0.000149516
3765.31,0.780649,0.000150857
3785.71,0.78781,0.000152461
3806.12,0.794579,0.000153834
3826.53,0.801353,0.000155278
3846.94,0.808165,0.000156745
3867.35,0.815542,0.00015834
3887.76,0.822426,0.000159765
3908.16,0.829323,0.000161257
3928.57,0.836625,0.000162783
3948.98,0.843393,0.000164226
3969.39,0.850507,0.000165811
3989.8,0.857847,0.000167326
4010.2,0.865009,0.000168895
4030.61,0.872026,0.000170408
4051.02,0.878993,0.000171935
4071.43,0.885957,0.00017343
4091.84,0.893079,0.000174951
4112.24,0.900586,0.000176491
4132.65,0.90764,0.000178036
4153.06,0.914995,0.000179746
4173.47,0.922223,0.000181309
4193.88,0.929433,0.000182876
4214.29,0.937004,0.000184453
4234.69,0.944104,0.000185986
4255.1,0.951304,0.000187619
4275.51,0.958957,0.000189227
4295.92,0.965805,0.000190745
4316.33,0.973144,0.000192342
4336.73,0.98052,0.00019397
4357.14,0.988195,0.000195648
4377.55,0.99556,0.000197221
4397.96,1.00285,0.000198851
4418.37,1.00987,0.00020041
4438.78,1.01774,0.000202131
4459.18,1.0248,0.000203647
4479.59,1.03255,0.0002054
4500.0,1.04003,0.000207039
4530.61,1.05113,0.000209511
4561.22,1.06256,0.00021195
4591.84,1.07366,0.000214485
4622.45,1.08516,0.000216981
4653.06,1.09672,0.000219586
4683.67,1.10789,0.000222061
4714.29,1.11956,0.000224685
4744.9,1.13081,0.000227192
4775.51,1.14273,0.000229914
4806.12,1.15403,0.000232472
4836.73,1.16519,0.000234869
4867.35,1.1772,0.00023764
4897.96,1.18884,0.00024016
4928.57,1.20027,0.000242757
4959.18,1.21237,0.000245402
4989.8,1.22344,0.000247962
5020.41,1.23585,0.000250769
5051.02,1.24753,0.000253443
5081.63,1.25906,0.000256062
5112.24,1.27086,0.000258781
5142.86,1.28289,0.000261498
5173.47,1.29483,0.000264214
5204.08,1.30673,0.000267017
5234.69,1.31833,0.000269733
5265.31,1.33059,0.000272409
5295.92,1.3431,0.000275245
5326.53,1.35502,0.00027801
5357.14,1.36646,0.000280643
5387.76,1.37905,0.00028351
5418.37,1.39124,0.000286377
5448.98,1.40359,0.000289266
5479.59,1.41519,0.000291822
5510.2,1.42776,0.000294679
5540.82,1.43987,0.000297516
5571.43,1.45133,0.000300123
5602.04,1.46444,0.00030329
5632.65,1.47701,0.000306148
5663.27,1.48862,0.000308926
5693.88,1.50134,0.000311741
5724.49,1.51429,0.000314808
5755.1,1.52651,0.000317708
5785.71,1.53921,0.000320742
5816.33,1.55157,0.000323598
5846.94,1.56418,0.000326496
5877.55,1.57658,0.000329383
5908.16,1.58892,0.000332413
5938.78,1.60144,0.000335178
5969.39,1.61381,0.000338259
6000.0,1.62673,0.000341255
6040.82,1.64382,0.000345271
6081.63,1.66087,0.000349191
6122.45,1.67759,0.000353253
6163.27,1.6952,0.000357334
6204.08,1.71226,0.000361456
6244.9,1.72921,0.000365575
6285.71,1.74565,0.000369309
6326.53,1.76376,0.000373649
6367.35,1.78063,0.000377775
6408.16,1.79814,0.000381996
6448.98,1.81553,0.00038612
6489.8,1.83244,0.000390202
6530.61,1.85005,0.000394452
6571.43,1.86866,0.000398719
6612.24,1.88553,0.000402973
6653.06,1.90255,0.000407035
6693.88,1.92024,0.000411322
6734.69,1.93857,0.000415728
6775.51,1.9559,0.00041993
6816.33,1.97407,0.000424372
6857.14,1.99164,0.000428673
6897.96,2.00939,0.000433017
6938.78,2.02738,0.000437398
6979.59,2.04507,0.000441702
7020.41,2.06244,0.000445886
7061.22,2.08085,0.000450346
7102.04,2.09904,0.0004545
7142.86,2.11725,0.000459536
7183.67,2.13495,0.000463681
7224.49,2.15269,0.0004679
7265.31,2.17123,0.00047277
7306.12,2.18958,0.000477368
7346.94,2.208,0.000481598
7387.76,2.22635,0.000486079
7428.57,2.24406,0.000490583
7469.39,2.26296,0.000495084
7510.2,2.28125,0.000499851
7551.02,2.30035,0.000504623
7591.84,2.31771,0.000508917
7632.65,2.33668,0.00051364
7673.47,2.35494,0.000518107
7714.29,2.3742,0.000522842
7755.1,2.39172,0.00052747
7795.92,2.41083,0.00053215
7836.73,2.43041,0.000537115
7877.55,2.44831,0.000541654
7918.37,2.46697,0.000545894
7959.18,2.48605,0.000551088
8000.0,2.50518,0.000555777
8040.82,2.52388,0.000560461
8081.63,2.54316,0.000565608
8122.45,2.56123,0.000569981
8163.27,2.5808,0.000574974
8204.08,2.59959,0.000579562
8244.9,2.61812,0.000584048
8285.71,2.6369,0.000588865
8326.53,2.65582,0.00059385
8367.35,2.67712,0.000599495
8408.16,2.69484,0.00060397
8448.98,2.71518,0.000609062
8489.8,2.73367,0.000613684
8530.61,2.75328,0.00061877
8571.43,2.77221,0.000623729
8612.24,2.79087,0.000628299
8653.06,2.81021,0.000633518
8693.88,2.82976,0.000638412
8734.69,2.84803,0.000643173
8775.51,2.87081,0.000648781
8816.33,2.88818,0.000653461
8857.14,2.90778,0.000658302
8897.96,2.92719,0.000663038
8938.78,2.94805,0.000668479
8979.59,2.96648,0.00067373
9020.41,2.98494,0.000678141
9061.22,3.00429,0.000683075
9102.04,3.02508,0.00068868
9142.86,3.04602,0.00069418
9183.67,3.06497,0.000699026
9224.49,3.08376,0.000704264
9265.31,3.10438,0.00070902
9306.12,3.12586,0.000714878
9346.94,3.14432,0.000719574
9387.76,3.16427,0.000724902
9428.57,3.18421,0.000730122
9469.39,3.20407,0.000735498
9510.2,3.22331,0.000740289
9551.02,3.24334,0.0007458
9591.84,3.26284,0.000750431
9632.65,3.28273,0.000756121
9673.47,3.3042,0.000761479
9714.29,3.32235,0.00076635
9755.1,3.34433,0.000772526
9795.92,3.36434,0.000777173
9836.73,3.38516,0.000783243
9877.55,3.40595,0.000787975
9918.37,3.42654,0.000794039
9959.18,3.44532,0.000798998
10000.0,3.46609,0.00080493
