#SBND antinu mode flux
#Based on G4BNB, geant4.10.4, Oct 9th 2024
#Elo: Lower bin edge in GeV
#Ehi: Upper bin edge in GeV
#flux    (nu/m^2/10^6 POT/50 MeV)
#  Elo   Ehi       numu      numub        nue       nueb
 0.00   0.05   6.0205e-01  5.5563e-01  2.0425e-03  2.8147e-03
 0.05   0.10   1.1433e+00  1.4788e+00  9.6582e-03  1.2134e-02
 0.10   0.15   8.6169e-01  2.1886e+00  1.6519e-02  1.9993e-02
 0.15   0.20   7.2265e-01  3.1841e+00  1.6470e-02  2.4474e-02
 0.20   0.25   1.0303e+00  4.0033e+00  8.8441e-03  2.6726e-02
 0.25   0.30   6.3674e-01  4.5191e+00  7.8373e-03  2.7037e-02
 0.30   0.35   6.5346e-01  4.8521e+00  8.0538e-03  2.6586e-02
 0.35   0.40   6.5307e-01  5.0431e+00  8.0133e-03  2.4499e-02
 0.40   0.45   6.4298e-01  5.1475e+00  7.8588e-03  2.2766e-02
 0.45   0.50   6.2167e-01  5.1432e+00  7.5583e-03  2.1393e-02
 0.50   0.55   5.9841e-01  5.0537e+00  7.0284e-03  1.9817e-02
 0.55   0.60   5.7378e-01  4.9104e+00  6.6777e-03  1.8038e-02
 0.60   0.65   5.5178e-01  4.6823e+00  6.1448e-03  1.6322e-02
 0.65   0.70   5.3070e-01  4.4271e+00  5.8742e-03  1.5158e-02
 0.70   0.75   5.0499e-01  4.1122e+00  5.4344e-03  1.3715e-02
 0.75   0.80   4.8050e-01  3.7649e+00  5.1623e-03  1.2666e-02
 0.80   0.85   4.5593e-01  3.4242e+00  4.6975e-03  1.1922e-02
 0.85   0.90   4.2940e-01  3.0663e+00  4.4772e-03  9.9111e-03
 0.90   0.95   3.9778e-01  2.7281e+00  4.1507e-03  9.3855e-03
 0.95   1.00   3.6993e-01  2.3938e+00  4.0046e-03  8.3654e-03
 1.00   1.05   3.4303e-01  2.0827e+00  3.7602e-03  7.8364e-03
 1.05   1.10   3.1533e-01  1.7979e+00  3.6063e-03  7.2280e-03
 1.10   1.15   2.9055e-01  1.5357e+00  3.3330e-03  6.4624e-03
 1.15   1.20   2.6359e-01  1.3085e+00  3.1851e-03  5.9874e-03
 1.20   1.25   2.4183e-01  1.1049e+00  2.9480e-03  5.1581e-03
 1.25   1.30   2.1861e-01  9.2727e-01  3.0185e-03  4.9484e-03
 1.30   1.35   1.9702e-01  7.7770e-01  2.7133e-03  4.7443e-03
 1.35   1.40   1.7738e-01  6.4787e-01  2.6186e-03  4.1648e-03
 1.40   1.45   1.6146e-01  5.3750e-01  2.3925e-03  3.8999e-03
 1.45   1.50   1.4554e-01  4.4548e-01  2.2987e-03  3.1673e-03
 1.50   1.55   1.3079e-01  3.7012e-01  2.3281e-03  3.2140e-03
 1.55   1.60   1.1906e-01  3.0475e-01  2.1044e-03  2.7624e-03
 1.60   1.65   1.0579e-01  2.5201e-01  2.0038e-03  2.5345e-03
 1.65   1.70   9.4375e-02  2.0941e-01  2.0100e-03  2.3892e-03
 1.70   1.75   8.4500e-02  1.7383e-01  1.8358e-03  2.1509e-03
 1.75   1.80   7.5609e-02  1.4360e-01  1.7247e-03  2.0343e-03
 1.80   1.85   6.8388e-02  1.1803e-01  1.6838e-03  1.7311e-03
 1.85   1.90   6.0158e-02  9.7259e-02  1.5309e-03  1.5460e-03
 1.90   1.95   5.4069e-02  8.0616e-02  1.4740e-03  1.6370e-03
 1.95   2.00   4.7881e-02  6.7280e-02  1.4108e-03  1.3413e-03
 2.00   2.05   4.2771e-02  5.5993e-02  1.3354e-03  1.2289e-03
 2.05   2.10   3.8079e-02  4.6365e-02  1.3836e-03  1.1475e-03
 2.10   2.15   3.3589e-02  3.7855e-02  1.1640e-03  1.2358e-03
 2.15   2.20   3.0461e-02  3.1301e-02  1.1345e-03  1.0660e-03
 2.20   2.25   2.7892e-02  2.6209e-02  1.1049e-03  9.3287e-04
 2.25   2.30   2.4518e-02  2.1723e-02  1.0242e-03  8.1742e-04
 2.30   2.35   2.1762e-02  1.8084e-02  8.9429e-04  7.9174e-04
 2.35   2.40   2.0165e-02  1.4902e-02  8.7551e-04  7.4149e-04
 2.40   2.45   1.8102e-02  1.2454e-02  8.1949e-04  6.8606e-04
 2.45   2.50   1.6436e-02  1.0365e-02  7.4758e-04  6.6017e-04
 2.50   2.55   1.4890e-02  8.5931e-03  7.1845e-04  5.4438e-04
 2.55   2.60   1.3458e-02  6.9785e-03  6.7697e-04  5.2419e-04
 2.60   2.65   1.2459e-02  5.8486e-03  6.5649e-04  4.9928e-04
 2.65   2.70   1.1453e-02  4.7630e-03  5.5639e-04  4.2873e-04
 2.70   2.75   1.0735e-02  3.9446e-03  5.4534e-04  4.2221e-04
 2.75   2.80   9.9821e-03  3.1626e-03  5.2065e-04  4.1553e-04
 2.80   2.85   9.3089e-03  2.6931e-03  4.8966e-04  3.5860e-04
 2.85   2.90   8.6706e-03  2.2137e-03  4.5991e-04  3.0040e-04
 2.90   2.95   8.3525e-03  1.7817e-03  4.0223e-04  3.0372e-04
 2.95   3.00   7.8268e-03  1.5132e-03  3.9220e-04  2.6360e-04
 3.00   3.05   7.3927e-03  1.2220e-03  3.6511e-04  2.6138e-04
 3.05   3.10   7.0509e-03  1.0755e-03  3.4049e-04  2.3160e-04
 3.10   3.15   6.8026e-03  9.2955e-04  3.0292e-04  2.1701e-04
 3.15   3.20   6.6059e-03  7.8335e-04  2.6687e-04  1.8771e-04
 3.20   3.25   6.2450e-03  6.2157e-04  2.8535e-04  1.8289e-04
 3.25   3.30   6.0266e-03  6.2987e-04  2.4429e-04  1.6788e-04
 3.30   3.35   5.7894e-03  5.0823e-04  2.4087e-04  1.4884e-04
 3.35   3.40   5.5859e-03  4.9136e-04  2.1878e-04  1.4617e-04
 3.40   3.45   5.4017e-03  4.0186e-04  1.9757e-04  1.2909e-04
 3.45   3.50   5.2610e-03  3.6851e-04  1.7810e-04  1.2240e-04
 3.50   3.55   4.9594e-03  3.6872e-04  1.6650e-04  9.9052e-05
 3.55   3.60   4.7605e-03  2.8297e-04  1.5317e-04  9.6302e-05
 3.60   3.65   4.5819e-03  2.6517e-04  1.3534e-04  8.8275e-05
 3.65   3.70   4.3927e-03  2.3057e-04  1.2238e-04  8.3112e-05
 3.70   3.75   4.1984e-03  2.2886e-04  1.1943e-04  8.2571e-05
 3.75   3.80   4.1758e-03  1.8296e-04  1.1211e-04  6.7723e-05
 3.80   3.85   3.8829e-03  1.6275e-04  1.0319e-04  7.0381e-05
 3.85   3.90   3.7311e-03  1.6882e-04  9.6423e-05  5.4875e-05
 3.90   3.95   3.5850e-03  1.2347e-04  8.0380e-05  4.7257e-05
 3.95   4.00   3.4132e-03  1.0287e-04  7.5611e-05  4.1070e-05
 4.00   4.05   3.3028e-03  1.0786e-04  7.0667e-05  4.1957e-05
 4.05   4.10   3.1375e-03  8.5083e-05  6.5668e-05  4.7506e-05
 4.10   4.15   3.0149e-03  6.6617e-05  5.9961e-05  3.4050e-05
 4.15   4.20   2.8948e-03  5.8593e-05  4.8680e-05  2.8184e-05
 4.20   4.25   2.7435e-03  4.6358e-05  4.6262e-05  3.1387e-05
 4.25   4.30   2.6100e-03  4.2327e-05  4.5211e-05  3.1535e-05
 4.30   4.35   2.4145e-03  5.4475e-05  4.7300e-05  1.7941e-05
 4.35   4.40   2.3807e-03  2.6923e-05  3.3319e-05  1.6975e-05
 4.40   4.45   2.2754e-03  3.5236e-05  3.3055e-05  1.7798e-05
 4.45   4.50   2.1344e-03  3.2322e-05  3.0930e-05  1.5998e-05
 4.50   4.55   2.0276e-03  1.6776e-05  2.4948e-05  1.5091e-05
 4.55   4.60   1.9470e-03  1.3259e-05  2.3203e-05  1.7061e-05
 4.60   4.65   1.7841e-03  1.1151e-05  2.5590e-05  1.5513e-05
 4.65   4.70   1.7472e-03  9.4571e-06  1.8313e-05  1.1760e-05
 4.70   4.75   1.6293e-03  8.5887e-06  1.8177e-05  1.0504e-05
 4.75   4.80   1.5604e-03  6.2962e-06  1.2602e-05  7.8590e-06
 4.80   4.85   1.4813e-03  6.5799e-06  1.3041e-05  8.1365e-06
 4.85   4.90   1.3616e-03  5.2078e-06  1.1963e-05  5.6825e-06
 4.90   4.95   1.3048e-03  4.3759e-06  9.7013e-06  5.9218e-06
 4.95   5.00   1.2493e-03  3.4353e-06  9.7945e-06  8.5141e-06
 5.00   5.05   1.1660e-03  2.7898e-06  1.0839e-05  8.3936e-06
 5.05   5.10   1.1001e-03  1.9716e-06  7.4424e-06  6.3126e-06
 5.10   5.15   1.0245e-03  2.2723e-06  6.2304e-06  3.1245e-06
 5.15   5.20   9.8856e-04  2.1177e-06  7.1016e-06  3.7505e-06
 5.20   5.25   9.2172e-04  1.4402e-06  4.4607e-06  1.7020e-06
 5.25   5.30   8.6351e-04  5.2227e-07  4.9814e-06  2.8882e-06
 5.30   5.35   8.2066e-04  4.7317e-07  3.4876e-06  2.8596e-06
 5.35   5.40   7.5353e-04  1.1475e-07  4.5507e-06  3.0186e-06
 5.40   5.45   7.0773e-04  4.2549e-07  2.2978e-06  1.5506e-06
 5.45   5.50   6.6466e-04  2.3458e-07  1.6929e-06  1.3443e-06
 5.50   5.55   6.2568e-04  2.0544e-07  1.9745e-06  2.1013e-06
 5.55   5.60   5.7327e-04  1.9429e-08  2.5376e-06  5.2419e-07
 5.60   5.65   5.3792e-04  9.3749e-09  1.1914e-06  6.2232e-07
 5.65   5.70   4.9634e-04  5.8999e-07  1.0439e-06  1.4863e-06
 5.70   5.75   4.6196e-04  3.9081e-08  7.7462e-07  3.0845e-07
 5.75   5.80   4.3151e-04  0.0000e+00  4.9420e-07  9.7217e-07
 5.80   5.85   3.8935e-04  2.3024e-08  7.3012e-07  2.5502e-07
 5.85   5.90   3.6057e-04  0.0000e+00  5.5032e-07  1.2027e-06
 5.90   5.95   3.2181e-04  0.0000e+00  6.1228e-07  2.3081e-07
 5.95   6.00   3.0265e-04  0.0000e+00  1.6303e-07  5.6200e-07
 6.00   6.05   2.7236e-04  0.0000e+00  1.9268e-07  2.0546e-07
 6.05   6.10   2.4572e-04  0.0000e+00  1.4683e-07  7.4387e-07
 6.10   6.15   2.1419e-04  1.1105e-08  5.0745e-07  8.8159e-07
 6.15   6.20   1.9279e-04  0.0000e+00  1.7422e-08  1.0973e-08
 6.20   6.25   1.7626e-04  0.0000e+00  6.2014e-07  8.1470e-08
 6.25   6.30   1.4711e-04  0.0000e+00  8.6011e-08  1.3450e-08
 6.30   6.35   1.2921e-04  0.0000e+00  7.7248e-07  1.1306e-08
 6.35   6.40   1.1016e-04  0.0000e+00  0.0000e+00  0.0000e+00
 6.40   6.45   8.9777e-05  0.0000e+00  0.0000e+00  1.3162e-08
 6.45   6.50   7.2111e-05  0.0000e+00  1.7582e-08  1.7831e-08
 6.50   6.55   5.8087e-05  0.0000e+00  0.0000e+00  0.0000e+00
 6.55   6.60   4.6198e-05  0.0000e+00  0.0000e+00  0.0000e+00
 6.60   6.65   3.6932e-05  0.0000e+00  6.8494e-07  0.0000e+00
 6.65   6.70   2.5858e-05  0.0000e+00  0.0000e+00  0.0000e+00
 6.70   6.75   1.8270e-05  0.0000e+00  5.7448e-07  0.0000e+00
 6.75   6.80   1.0360e-05  0.0000e+00  0.0000e+00  0.0000e+00
 6.80   6.85   5.0089e-06  0.0000e+00  0.0000e+00  0.0000e+00
 6.85   6.90   1.3282e-06  0.0000e+00  0.0000e+00  0.0000e+00
 6.90   6.95   2.1868e-07  0.0000e+00  0.0000e+00  0.0000e+00
 6.95   7.00   1.9394e-07  0.0000e+00  6.7359e-07  0.0000e+00
 7.00   7.05   3.8361e-08  0.0000e+00  0.0000e+00  0.0000e+00
 7.05   7.10   0.0000e+00  0.0000e+00  0.0000e+00  0.0000e+00
 7.10   7.15   0.0000e+00  0.0000e+00  0.0000e+00  0.0000e+00
 7.15   7.20   0.0000e+00  0.0000e+00  0.0000e+00  0.0000e+00
 7.20   7.25   0.0000e+00  0.0000e+00  0.0000e+00  0.0000e+00
 7.25   7.30   0.0000e+00  0.0000e+00  0.0000e+00  0.0000e+00
 7.30   7.35   0.0000e+00  0.0000e+00  0.0000e+00  0.0000e+00
 7.35   7.40   0.0000e+00  0.0000e+00  0.0000e+00  0.0000e+00
 7.40   7.45   0.0000e+00  0.0000e+00  0.0000e+00  0.0000e+00
 7.45   7.50   0.0000e+00  0.0000e+00  0.0000e+00  0.0000e+00
 7.50   7.55   0.0000e+00  0.0000e+00  2.7493e-07  0.0000e+00
 7.55   7.60   0.0000e+00  0.0000e+00  0.0000e+00  0.0000e+00
 7.60   7.65   0.0000e+00  0.0000e+00  0.0000e+00  0.0000e+00
 7.65   7.70   0.0000e+00  0.0000e+00  0.0000e+00  0.0000e+00
 7.70   7.75   0.0000e+00  0.0000e+00  0.0000e+00  0.0000e+00
 7.75   7.80   0.0000e+00  0.0000e+00  0.0000e+00  0.0000e+00
 7.80   7.85   0.0000e+00  0.0000e+00  0.0000e+00  0.0000e+00
 7.85   7.90   0.0000e+00  0.0000e+00  0.0000e+00  0.0000e+00
 7.90   7.95   0.0000e+00  0.0000e+00  0.0000e+00  0.0000e+00
 7.95   8.00   0.0000e+00  0.0000e+00  0.0000e+00  0.0000e+00
 8.00   8.05   0.0000e+00  0.0000e+00  0.0000e+00  0.0000e+00
 8.05   8.10   0.0000e+00  0.0000e+00  0.0000e+00  0.0000e+00
 8.10   8.15   0.0000e+00  0.0000e+00  0.0000e+00  0.0000e+00
 8.15   8.20   0.0000e+00  0.0000e+00  0.0000e+00  0.0000e+00
 8.20   8.25   0.0000e+00  0.0000e+00  0.0000e+00  0.0000e+00
 8.25   8.30   0.0000e+00  0.0000e+00  0.0000e+00  0.0000e+00
 8.30   8.35   0.0000e+00  0.0000e+00  0.0000e+00  0.0000e+00
 8.35   8.40   0.0000e+00  0.0000e+00  0.0000e+00  0.0000e+00
 8.40   8.45   0.0000e+00  0.0000e+00  0.0000e+00  0.0000e+00
 8.45   8.50   0.0000e+00  0.0000e+00  0.0000e+00  0.0000e+00
 8.50   8.55   0.0000e+00  0.0000e+00  0.0000e+00  0.0000e+00
 8.55   8.60   0.0000e+00  0.0000e+00  0.0000e+00  0.0000e+00
 8.60   8.65   0.0000e+00  0.0000e+00  0.0000e+00  0.0000e+00
 8.65   8.70   0.0000e+00  0.0000e+00  0.0000e+00  0.0000e+00
 8.70   8.75   0.0000e+00  0.0000e+00  0.0000e+00  0.0000e+00
 8.75   8.80   0.0000e+00  0.0000e+00  0.0000e+00  0.0000e+00
 8.80   8.85   0.0000e+00  0.0000e+00  0.0000e+00  0.0000e+00
 8.85   8.90   0.0000e+00  0.0000e+00  0.0000e+00  0.0000e+00
 8.90   8.95   0.0000e+00  0.0000e+00  0.0000e+00  0.0000e+00
 8.95   9.00   0.0000e+00  0.0000e+00  0.0000e+00  0.0000e+00
 9.00   9.05   0.0000e+00  0.0000e+00  0.0000e+00  0.0000e+00
 9.05   9.10   0.0000e+00  0.0000e+00  0.0000e+00  0.0000e+00
 9.10   9.15   0.0000e+00  0.0000e+00  0.0000e+00  0.0000e+00
 9.15   9.20   0.0000e+00  0.0000e+00  0.0000e+00  0.0000e+00
 9.20   9.25   0.0000e+00  0.0000e+00  0.0000e+00  0.0000e+00
 9.25   9.30   0.0000e+00  0.0000e+00  0.0000e+00  0.0000e+00
 9.30   9.35   0.0000e+00  0.0000e+00  0.0000e+00  0.0000e+00
 9.35   9.40   0.0000e+00  0.0000e+00  0.0000e+00  0.0000e+00
 9.40   9.45   0.0000e+00  0.0000e+00  0.0000e+00  0.0000e+00
 9.45   9.50   0.0000e+00  0.0000e+00  0.0000e+00  0.0000e+00
 9.50   9.55   0.0000e+00  0.0000e+00  0.0000e+00  0.0000e+00
 9.55   9.60   0.0000e+00  0.0000e+00  0.0000e+00  0.0000e+00
 9.60   9.65   0.0000e+00  0.0000e+00  0.0000e+00  0.0000e+00
 9.65   9.70   0.0000e+00  0.0000e+00  0.0000e+00  0.0000e+00
 9.70   9.75   0.0000e+00  0.0000e+00  0.0000e+00  0.0000e+00
 9.75   9.80   0.0000e+00  0.0000e+00  0.0000e+00  0.0000e+00
 9.80   9.85   0.0000e+00  0.0000e+00  0.0000e+00  0.0000e+00
 9.85   9.90   0.0000e+00  0.0000e+00  0.0000e+00  0.0000e+00
 9.90   9.95   0.0000e+00  0.0000e+00  0.0000e+00  0.0000e+00
 9.95   10.00   0.0000e+00  0.0000e+00  0.0000e+00  0.0000e+00
