0.0,0.0,0.0
0.000204082,0.0,0.0
0.000408163,0.0,0.0
0.000612245,0.0,0.0
0.000816327,0.0,0.0
0.00102041,0.0,0.0
0.00122449,0.0,0.0
0.00142857,0.0,0.0
0.00163265,0.0,0.0
0.00183673,0.0,0.0
0.00204082,0.0,0.0
0.0022449,0.0,0.0
0.00244898,0.0,0.0
0.00265306,0.0,0.0
0.00285714,0.0,0.0
0.00306122,0.0,0.0
0.00326531,0.0,0.0
0.00346939,0.0,0.0
0.00367347,0.0,0.0
0.00387755,0.0,0.0
0.00408163,0.0,0.0
0.00428571,0.0,0.0
0.0044898,0.0,0.0
0.00469388,0.0,0.0
0.00489796,0.0,0.0
0.00510204,0.0,0.0
0.00530612,0.0,0.0
0.0055102,0.0,0.0
0.00571429,0.0,0.0
0.00591837,0.0,0.0
0.00612245,0.0,0.0
0.00632653,0.0,0.0
0.00653061,0.0,0.0
0.00673469,0.0,0.0
0.00693878,0.0,0.0
0.00714286,0.0,0.0
0.00734694,0.0,0.0
0.00755102,0.0,0.0
0.0077551,0.0,0.0
0.00795918,0.0,0.0
0.00816327,0.0,0.0
0.00836735,0.0,0.0
0.00857143,0.0,0.0
0.00877551,0.0,0.0
0.00897959,0.0,0.0
0.00918367,0.0,0.0
0.00938776,0.0,0.0
0.00959184,0.0,0.0
0.00979592,0.0,0.0
0.01,0.0,0.0
0.0118367,0.0,0.0
0.0136735,0.0,0.0
0.0155102,0.0,0.0
0.0173469,0.0,0.0
0.0191837,0.0,0.0
0.0210204,0.0,0.0
0.0228571,0.0,0.0
0.0246939,0.0,0.0
0.0265306,0.0,0.0
0.0283673,0.0,0.0
0.0302041,0.0,0.0
0.0320408,0.0,0.0
0.0338776,0.0,0.0
0.0357143,0.0,0.0
0.037551,0.0,0.0
0.0393878,0.0,0.0
0.0412245,0.0,0.0
0.0430612,0.0,0.0
0.044898,0.0,0.0
0.0467347,0.0,0.0
0.0485714,0.0,0.0
0.0504082,0.0,0.0
0.0522449,0.0,0.0
0.0540816,0.0,0.0
0.0559184,0.0,0.0
0.0577551,0.0,0.0
0.0595918,0.0,0.0
0.0614286,0.0,0.0
0.0632653,0.0,0.0
0.065102,0.0,0.0
0.0669388,0.0,0.0
0.0687755,0.0,0.0
0.0706122,0.0,0.0
0.072449,0.0,0.0
0.0742857,0.0,0.0
0.0761224,0.0,0.0
0.0779592,0.0,0.0
0.0797959,0.0,0.0
0.0816327,0.0,0.0
0.0834694,0.0,0.0
0.0853061,0.0,0.0
0.0871429,0.0,0.0
0.0889796,0.0,0.0
0.0908163,0.0,0.0
0.0926531,0.0,0.0
0.0944898,0.0,0.0
0.0963265,0.0,0.0
0.0981633,0.0,0.0
0.1,0.0,0.0
0.102041,0.0,0.0
0.104082,0.0,0.0
0.106122,0.0,0.0
0.108163,0.0,0.0
0.110204,0.0,0.0
0.112245,0.0,0.0
0.114286,0.0,0.0
0.116327,0.0,0.0
0.118367,0.0,0.0
0.120408,0.0,0.0
0.122449,0.0,0.0
0.12449,0.0,0.0
0.126531,0.0,0.0
0.128571,0.0,0.0
0.130612,0.0,0.0
0.132653,0.0,0.0
0.134694,0.0,0.0
0.136735,0.0,0.0
0.138776,0.0,0.0
0.140816,0.0,0.0
0.142857,0.0,0.0
0.144898,0.0,0.0
0.146939,0.0,0.0
0.14898,0.0,0.0
0.15102,0.0,0.0
0.153061,0.0,0.0
0.155102,0.0,0.0
0.157143,0.0,0.0
0.159184,0.0,0.0
0.161224,0.0,0.0
0.163265,0.0,0.0
0.165306,0.0,0.0
0.167347,0.0,0.0
0.169388,0.0,0.0
0.171429,0.0,0.0
0.173469,0.0,0.0
0.17551,0.0,0.0
0.177551,0.0,0.0
0.179592,0.0,0.0
0.181633,0.0,0.0
0.183673,0.0,0.0
0.185714,0.0,0.0
0.187755,0.0,0.0
0.189796,0.0,0.0
0.191837,0.0,0.0
0.193878,0.0,0.0
0.195918,0.0,0.0
0.197959,0.0,0.0
0.2,0.0,0.0
0.202041,0.0,0.0
0.204082,0.0,0.0
0.206122,0.0,0.0
0.208163,0.0,0.0
0.210204,0.0,0.0
0.212245,6.05726e-19,3.81168e-22
0.214286,3.44731e-16,2.30816e-19
0.216327,5.13065e-15,3.46512e-18
0.218367,2.90939e-14,1.93462e-17
0.220408,1.04248e-13,6.7329e-17
0.222449,2.84778e-13,1.77148e-16
0.22449,6.50124e-13,3.8773e-16
0.226531,1.30843e-12,7.47797e-16
0.228571,2.39153e-12,1.30947e-15
0.230612,4.0612e-12,2.13644e-15
0.232653,6.49907e-12,3.29505e-15
0.234694,9.91739e-12,4.87043e-15
0.236735,1.45296e-11,6.94998e-15
0.238776,2.05915e-11,9.6501e-15
0.240816,2.83374e-11,1.30949e-14
0.242857,3.80601e-11,1.74721e-14
0.244898,5.00408e-11,2.2949e-14
0.246939,6.45444e-11,2.97451e-14
0.24898,8.18438e-11,3.8155e-14
0.25102,1.02455e-10,4.84316e-14
0.253061,1.26234e-10,6.09445e-14
0.255102,1.53883e-10,7.58622e-14
0.257143,1.85746e-10,9.40604e-14
0.259184,2.21984e-10,1.15348e-13
0.261224,2.62725e-10,1.40547e-13
0.263265,3.08819e-10,1.70174e-13
0.265306,3.60017e-10,2.03727e-13
0.267347,4.1726e-10,2.43812e-13
0.269388,4.80405e-10,2.88863e-13
0.271429,5.4999e-10,3.4028e-13
0.273469,6.26908e-10,3.99002e-13
0.27551,7.10612e-10,4.63923e-13
0.277551,8.02638e-10,5.38838e-13
0.279592,9.0188e-10,6.21202e-13
0.281633,1.00931e-09,7.10781e-13
0.283673,1.12627e-09,8.12888e-13
0.285714,1.25249e-09,9.25182e-13
0.287755,1.38934e-09,1.0456e-12
0.289796,1.53296e-09,1.17963e-12
0.291837,1.68897e-09,1.32514e-12
0.293878,1.85682e-09,1.48238e-12
0.295918,2.04008e-09,1.65512e-12
0.297959,2.23441e-09,1.84401e-12
0.3,2.43901e-09,2.04255e-12
0.302041,2.65806e-09,2.25368e-12
0.304082,2.88949e-09,2.48483e-12
0.306122,3.13987e-09,2.73443e-12
0.308163,3.40337e-09,2.99601e-12
0.310204,3.68395e-09,3.272e-12
0.312245,3.98135e-09,3.57308e-12
0.314286,4.29979e-09,3.89354e-12
0.316327,4.63094e-09,4.23004e-12
0.318367,4.98027e-09,4.57668e-12
0.320408,5.35398e-09,4.95523e-12
0.322449,5.74653e-09,5.35458e-12
0.32449,6.16971e-09,5.7796e-12
0.326531,6.59933e-09,6.2102e-12
0.328571,7.07116e-09,6.67104e-12
0.330612,7.54962e-09,7.15444e-12
0.332653,8.05644e-09,7.65823e-12
0.334694,8.61504e-09,8.20985e-12
0.336735,9.18052e-09,8.75298e-12
0.338776,9.77185e-09,9.32651e-12
0.340816,1.04003e-08,9.94613e-12
0.342857,1.10604e-08,1.05801e-11
0.344898,1.17631e-08,1.12449e-11
0.346939,1.24639e-08,1.19127e-11
0.34898,1.32269e-08,1.26281e-11
0.35102,1.40208e-08,1.33721e-11
0.353061,1.48888e-08,1.41752e-11
0.355102,1.57462e-08,1.49759e-11
0.357143,1.66389e-08,1.57855e-11
0.359184,1.7633e-08,1.66658e-11
0.361224,1.85698e-08,1.75165e-11
0.363265,1.96917e-08,1.85176e-11
0.365306,2.07628e-08,1.94613e-11
0.367347,2.19124e-08,2.04406e-11
0.369388,2.31159e-08,2.14838e-11
0.371429,2.43429e-08,2.25227e-11
0.373469,2.56489e-08,2.3624e-11
0.37551,2.70354e-08,2.47905e-11
0.377551,2.84017e-08,2.59255e-11
0.379592,2.99108e-08,2.71735e-11
0.381633,3.1458e-08,2.84428e-11
0.383673,3.29697e-08,2.96565e-11
0.385714,3.46341e-08,3.09827e-11
0.387755,3.64216e-08,3.23619e-11
0.389796,3.82383e-08,3.38001e-11
0.391837,4.013e-08,3.52782e-11
0.393878,4.1969e-08,3.67097e-11
0.395918,4.39507e-08,3.82124e-11
0.397959,4.60349e-08,3.97782e-11
0.4,4.82253e-08,4.14004e-11
0.402041,5.04403e-08,4.30148e-11
0.404082,5.27843e-08,4.47064e-11
0.406122,5.52603e-08,4.65576e-11
0.408163,5.76842e-08,4.82481e-11
0.410204,6.02128e-08,5.00251e-11
0.412245,6.29013e-08,5.1941e-11
0.414286,6.57735e-08,5.39337e-11
0.416327,6.86935e-08,5.59227e-11
0.418367,7.16556e-08,5.79815e-11
0.420408,7.46591e-08,6.00092e-11
0.422449,7.79005e-08,6.22035e-11
0.42449,8.12014e-08,6.43734e-11
0.426531,8.44973e-08,6.65289e-11
0.428571,8.80261e-08,6.88717e-11
0.430612,9.16109e-08,7.12165e-11
0.432653,9.53711e-08,7.36719e-11
0.434694,9.92432e-08,7.61059e-11
0.436735,1.03286e-07,7.85635e-11
0.438776,1.0718e-07,8.10367e-11
0.440816,1.11336e-07,8.36353e-11
0.442857,1.16042e-07,8.65485e-11
0.444898,1.20415e-07,8.92349e-11
0.446939,1.24885e-07,9.18755e-11
0.44898,1.29893e-07,9.50142e-11
0.45102,1.34658e-07,9.77493e-11
0.453061,1.39661e-07,1.00703e-10
0.455102,1.44954e-07,1.03865e-10
0.457143,1.50277e-07,1.06948e-10
0.459184,1.55845e-07,1.10243e-10
0.461224,1.6136e-07,1.13359e-10
0.463265,1.67312e-07,1.16813e-10
0.465306,1.73216e-07,1.20033e-10
0.467347,1.79631e-07,1.23824e-10
0.469388,1.85585e-07,1.27055e-10
0.471429,1.92142e-07,1.30572e-10
0.473469,1.98903e-07,1.34435e-10
0.47551,2.05785e-07,1.38086e-10
0.477551,2.12355e-07,1.41456e-10
0.479592,2.19777e-07,1.45621e-10
0.481633,2.27265e-07,1.49653e-10
0.483673,2.348e-07,1.53807e-10
0.485714,2.42473e-07,1.57818e-10
0.487755,2.50555e-07,1.62034e-10
0.489796,2.58811e-07,1.66526e-10
0.491837,2.67039e-07,1.70677e-10
0.493878,2.75699e-07,1.749e-10
0.495918,2.84146e-07,1.79469e-10
0.497959,2.93466e-07,1.84095e-10
0.5,3.02532e-07,1.88705e-10
0.502041,3.12232e-07,1.93801e-10
0.504082,3.21771e-07,1.98366e-10
0.506122,3.31673e-07,2.03413e-10
0.508163,3.41412e-07,2.08078e-10
0.510204,3.52133e-07,2.13708e-10
0.512245,3.62272e-07,2.18269e-10
0.514286,3.734e-07,2.23882e-10
0.516327,3.84685e-07,2.29431e-10
0.518367,3.95831e-07,2.3476e-10
0.520408,4.07512e-07,2.40301e-10
0.522449,4.19007e-07,2.45839e-10
0.52449,4.31031e-07,2.51488e-10
0.526531,4.43623e-07,2.57332e-10
0.528571,4.56061e-07,2.63143e-10
0.530612,4.69043e-07,2.69301e-10
0.532653,4.81952e-07,2.75257e-10
0.534694,4.95776e-07,2.81695e-10
0.536735,5.0894e-07,2.87908e-10
0.538776,5.23172e-07,2.94323e-10
0.540816,5.37359e-07,3.00929e-10
0.542857,5.5192e-07,3.07408e-10
0.544898,5.66992e-07,3.14293e-10
0.546939,5.81612e-07,3.20899e-10
0.54898,5.97303e-07,3.2795e-10
0.55102,6.1283e-07,3.34961e-10
0.553061,6.2915e-07,3.42244e-10
0.555102,6.45564e-07,3.49614e-10
0.557143,6.61571e-07,3.56463e-10
0.559184,6.78983e-07,3.64098e-10
0.561224,6.96819e-07,3.71676e-10
0.563265,7.13458e-07,3.78897e-10
0.565306,7.31807e-07,3.87119e-10
0.567347,7.49678e-07,3.94959e-10
0.569388,7.69266e-07,4.03554e-10
0.571429,7.87521e-07,4.11154e-10
0.573469,8.07458e-07,4.19699e-10
0.57551,8.26354e-07,4.27669e-10
0.577551,8.46415e-07,4.36104e-10
0.579592,8.67051e-07,4.44588e-10
0.581633,8.88582e-07,4.54157e-10
0.583673,9.08902e-07,4.62207e-10
0.585714,9.3042e-07,4.71437e-10
0.587755,9.52064e-07,4.80149e-10
0.589796,9.73412e-07,4.88757e-10
0.591837,9.96765e-07,4.98561e-10
0.593878,1.02048e-06,5.08717e-10
0.595918,1.04373e-06,5.18182e-10
0.597959,1.06639e-06,5.27055e-10
0.6,1.09185e-06,5.37811e-10
0.602041,1.11516e-06,5.46946e-10
0.604082,1.14103e-06,5.57651e-10
0.606122,1.16573e-06,5.67909e-10
0.608163,1.192e-06,5.78152e-10
0.610204,1.21952e-06,5.89353e-10
0.612245,1.2442e-06,5.98767e-10
0.614286,1.27163e-06,6.09693e-10
0.616327,1.29749e-06,6.19804e-10
0.618367,1.32641e-06,6.30967e-10
0.620408,1.35413e-06,6.42344e-10
0.622449,1.38418e-06,6.54081e-10
0.62449,1.41196e-06,6.65126e-10
0.626531,1.44216e-06,6.77082e-10
0.628571,1.47257e-06,6.89104e-10
0.630612,1.50263e-06,7.00612e-10
0.632653,1.53273e-06,7.12284e-10
0.634694,1.5643e-06,7.24132e-10
0.636735,1.59783e-06,7.3725e-10
0.638776,1.62959e-06,7.49174e-10
0.640816,1.6621e-06,7.61677e-10
0.642857,1.69601e-06,7.74951e-10
0.644898,1.72811e-06,7.86513e-10
0.646939,1.76362e-06,8.00475e-10
0.64898,1.79803e-06,8.13412e-10
0.65102,1.834e-06,8.27113e-10
0.653061,1.868e-06,8.39055e-10
0.655102,1.90425e-06,8.52827e-10
0.657143,1.94317e-06,8.6774e-10
0.659184,1.97971e-06,8.81076e-10
0.661224,2.01589e-06,8.94564e-10
0.663265,2.05534e-06,9.09106e-10
0.665306,2.09439e-06,9.23577e-10
0.667347,2.13232e-06,9.37844e-10
0.669388,2.17174e-06,9.51864e-10
0.671429,2.21321e-06,9.67482e-10
0.673469,2.25521e-06,9.83174e-10
0.67551,2.29337e-06,9.96577e-10
0.677551,2.33564e-06,1.01195e-09
0.679592,2.37852e-06,1.02784e-09
0.681633,2.4212e-06,1.04301e-09
0.683673,2.46488e-06,1.05877e-09
0.685714,2.50834e-06,1.07436e-09
0.687755,2.55424e-06,1.09088e-09
0.689796,2.59939e-06,1.10668e-09
0.691837,2.64471e-06,1.1236e-09
0.693878,2.69245e-06,1.14e-09
0.695918,2.73648e-06,1.15648e-09
0.697959,2.78479e-06,1.17343e-09
0.7,2.83312e-06,1.19094e-09
0.702041,2.88204e-06,1.20747e-09
0.704082,2.9329e-06,1.22552e-09
0.706122,2.97994e-06,1.24275e-09
0.708163,3.03174e-06,1.26039e-09
0.710204,3.08248e-06,1.27845e-09
0.712245,3.1348e-06,1.29628e-09
0.714286,3.18737e-06,1.31483e-09
0.716327,3.23922e-06,1.33284e-09
0.718367,3.29211e-06,1.35166e-09
0.720408,3.34599e-06,1.36984e-09
0.722449,3.39984e-06,1.38889e-09
0.72449,3.45472e-06,1.40694e-09
0.726531,3.51354e-06,1.4281e-09
0.728571,3.56605e-06,1.4462e-09
0.730612,3.62469e-06,1.46505e-09
0.732653,3.68367e-06,1.48561e-09
0.734694,3.73996e-06,1.50489e-09
0.736735,3.80107e-06,1.5257e-09
0.738776,3.8595e-06,1.5454e-09
0.740816,3.92203e-06,1.56634e-09
0.742857,3.98192e-06,1.58743e-09
0.744898,4.0434e-06,1.60723e-09
0.746939,4.10713e-06,1.62942e-09
0.74898,4.16755e-06,1.64925e-09
0.75102,4.23233e-06,1.67176e-09
0.753061,4.29545e-06,1.69228e-09
0.755102,4.36106e-06,1.71474e-09
0.757143,4.42748e-06,1.73698e-09
0.759184,4.49337e-06,1.75798e-09
0.761224,4.56565e-06,1.78253e-09
0.763265,4.62725e-06,1.80317e-09
0.765306,4.69753e-06,1.82651e-09
0.767347,4.76812e-06,1.8496e-09
0.769388,4.83728e-06,1.87252e-09
0.771429,4.90754e-06,1.89532e-09
0.773469,4.97587e-06,1.91788e-09
0.77551,5.05054e-06,1.94233e-09
0.777551,5.12066e-06,1.96596e-09
0.779592,5.19258e-06,1.98807e-09
0.781633,5.26557e-06,2.01179e-09
0.783673,5.34096e-06,2.03715e-09
0.785714,5.41946e-06,2.06214e-09
0.787755,5.49311e-06,2.08639e-09
0.789796,5.57526e-06,2.11208e-09
0.791837,5.64989e-06,2.13688e-09
0.793878,5.72769e-06,2.16192e-09
0.795918,5.80804e-06,2.18872e-09
0.797959,5.88296e-06,2.21161e-09
0.8,5.97047e-06,2.23954e-09
0.802041,6.05361e-06,2.26651e-09
0.804082,6.13143e-06,2.2901e-09
0.806122,6.2105e-06,2.31682e-09
0.808163,6.29754e-06,2.34356e-09
0.810204,6.384e-06,2.37038e-09
0.812245,6.47138e-06,2.40095e-09
0.814286,6.55681e-06,2.42586e-09
0.816327,6.64331e-06,2.45264e-09
0.818367,6.72807e-06,2.48014e-09
0.820408,6.81746e-06,2.50826e-09
0.822449,6.90303e-06,2.53559e-09
0.82449,6.99878e-06,2.56532e-09
0.826531,7.08897e-06,2.59466e-09
0.828571,7.18198e-06,2.62164e-09
0.830612,7.26908e-06,2.65071e-09
0.832653,7.36814e-06,2.68067e-09
0.834694,7.46241e-06,2.71126e-09
0.836735,7.55328e-06,2.73889e-09
0.838776,7.64868e-06,2.76989e-09
0.840816,7.74276e-06,2.79812e-09
0.842857,7.84064e-06,2.82775e-09
0.844898,7.94082e-06,2.85969e-09
0.846939,8.03815e-06,2.88777e-09
0.84898,8.13622e-06,2.91931e-09
0.85102,8.23717e-06,2.9503e-09
0.853061,8.33997e-06,2.98217e-09
0.855102,8.43914e-06,3.01085e-09
0.857143,8.54629e-06,3.04567e-09
0.859184,8.64779e-06,3.07647e-09
0.861224,8.75187e-06,3.10673e-09
0.863265,8.86183e-06,3.14132e-09
0.865306,8.96565e-06,3.17281e-09
0.867347,9.0731e-06,3.20509e-09
0.869388,9.18206e-06,3.23725e-09
0.871429,9.29298e-06,3.27096e-09
0.873469,9.40548e-06,3.30625e-09
0.87551,9.50876e-06,3.3366e-09
0.877551,9.61898e-06,3.37099e-09
0.879592,9.73537e-06,3.40501e-09
0.881633,9.85173e-06,3.44085e-09
0.883673,9.95902e-06,3.47224e-09
0.885714,1.00791e-05,3.50901e-09
0.887755,1.01915e-05,3.54162e-09
0.889796,1.03044e-05,3.57579e-09
0.891837,1.04234e-05,3.60963e-09
0.893878,1.05462e-05,3.64654e-09
0.895918,1.06613e-05,3.68151e-09
0.897959,1.07845e-05,3.71945e-09
0.9,1.09033e-05,3.75446e-09
0.902041,1.10332e-05,3.7928e-09
0.904082,1.11563e-05,3.82745e-09
0.906122,1.12698e-05,3.86311e-09
0.908163,1.14045e-05,3.90163e-09
0.910204,1.15274e-05,3.93749e-09
0.912245,1.16593e-05,3.97629e-09
0.914286,1.17839e-05,4.01248e-09
0.916327,1.19075e-05,4.04968e-09
0.918367,1.20354e-05,4.08612e-09
0.920408,1.21738e-05,4.12834e-09
0.922449,1.22974e-05,4.1638e-09
0.92449,1.24375e-05,4.20401e-09
0.926531,1.25695e-05,4.24194e-09
0.928571,1.2705e-05,4.28037e-09
0.930612,1.28339e-05,4.31998e-09
0.932653,1.29734e-05,4.36076e-09
0.934694,1.31171e-05,4.40006e-09
0.936735,1.32507e-05,4.44e-09
0.938776,1.33955e-05,4.48017e-09
0.940816,1.35303e-05,4.52225e-09
0.942857,1.36702e-05,4.56116e-09
0.944898,1.38085e-05,4.60129e-09
0.946939,1.39646e-05,4.64471e-09
0.94898,1.40986e-05,4.68381e-09
0.95102,1.42556e-05,4.72628e-09
0.953061,1.43907e-05,4.76628e-09
0.955102,1.45345e-05,4.8086e-09
0.957143,1.46892e-05,4.85197e-09
0.959184,1.4834e-05,4.8959e-09
0.961224,1.4984e-05,4.93745e-09
0.963265,1.51326e-05,4.97857e-09
0.965306,1.52863e-05,5.02284e-09
0.967347,1.54373e-05,5.06359e-09
0.969388,1.55878e-05,5.10811e-09
0.971429,1.57525e-05,5.15542e-09
0.973469,1.59052e-05,5.19768e-09
0.97551,1.60742e-05,5.24479e-09
0.977551,1.62186e-05,5.28622e-09
0.979592,1.63805e-05,5.3329e-09
0.981633,1.65385e-05,5.37659e-09
0.983673,1.66939e-05,5.42165e-09
0.985714,1.68584e-05,5.46514e-09
0.987755,1.70235e-05,5.51183e-09
0.989796,1.71889e-05,5.5559e-09
0.991837,1.73477e-05,5.60178e-09
0.993878,1.7519e-05,5.65197e-09
0.995918,1.76845e-05,5.69606e-09
0.997959,1.78486e-05,5.74098e-09
1.0,1.8025e-05,5.79241e-09
1.08163,2.56575e-05,7.86294e-09
1.16327,3.5093e-05,1.03218e-08
1.2449,4.64484e-05,1.31719e-08
1.32653,5.97942e-05,1.64161e-08
1.40816,7.52984e-05,2.00788e-08
1.4898,9.29425e-05,2.41351e-08
1.57143,0.000112814,2.8608e-08
1.65306,0.000134985,3.34698e-08
1.73469,0.000159485,3.87556e-08
1.81633,0.000186376,4.44557e-08
1.89796,0.000215565,5.05275e-08
1.97959,0.000247105,5.70043e-08
2.06122,0.00028101,6.38731e-08
2.14286,0.000317353,7.11327e-08
2.22449,0.000355993,7.88099e-08
2.30612,0.000397012,8.68215e-08
2.38776,0.000440494,9.5253e-08
2.46939,0.000486299,1.04042e-07
2.55102,0.000534496,1.13213e-07
2.63265,0.000584727,1.22735e-07
2.71429,0.00063771,1.32696e-07
2.79592,0.000692724,1.42985e-07
2.87755,0.000750009,1.53614e-07
2.95918,0.000809831,1.64678e-07
3.04082,0.000871744,1.76037e-07
3.12245,0.000935926,1.87776e-07
3.20408,0.00100222,1.99791e-07
3.28571,0.0010703,2.12217e-07
3.36735,0.0011415,2.24944e-07
3.44898,0.00121411,2.38117e-07
3.53061,0.00128921,2.51582e-07
3.61224,0.00136561,2.65291e-07
3.69388,0.00144501,2.7944e-07
3.77551,0.00152642,2.9389e-07
3.85714,0.00160978,3.08682e-07
3.93878,0.0016955,3.23982e-07
4.02041,0.00178217,3.39334e-07
4.10204,0.00187204,3.55158e-07
4.18367,0.00196277,3.71168e-07
4.26531,0.00205646,3.87889e-07
4.34694,0.00215119,4.04469e-07
4.42857,0.00224798,4.21529e-07
4.5102,0.00234706,4.3896e-07
4.59184,0.00244747,4.56627e-07
4.67347,0.00255011,4.74632e-07
4.7551,0.00265539,4.93128e-07
4.83673,0.00276143,5.11664e-07
4.91837,0.00286889,5.30805e-07
5.0,0.00297924,5.5e-07
5.10204,0.00311828,5.74609e-07
5.20408,0.00326065,5.99506e-07
5.30612,0.00340721,6.25067e-07
5.40816,0.00355392,6.5104e-07
5.5102,0.00370274,6.77233e-07
5.61224,0.00385627,7.0416e-07
5.71429,0.00401281,7.31507e-07
5.81633,0.00416962,7.59272e-07
5.91837,0.00433094,7.87863e-07
6.02041,0.004493,8.16406e-07
6.12245,0.00465879,8.45452e-07
6.22449,0.00482633,8.75279e-07
6.32653,0.00499653,9.05316e-07
6.42857,0.00516959,9.35861e-07
6.53061,0.00534523,9.66869e-07
6.63265,0.00552183,9.97953e-07
6.73469,0.00570111,1.03025e-06
6.83673,0.00588547,1.06267e-06
6.93878,0.00606833,1.09489e-06
7.04082,0.00625157,1.12795e-06
7.14286,0.00644231,1.1621e-06
7.2449,0.00663247,1.196e-06
7.34694,0.00682432,1.23013e-06
7.44898,0.00701646,1.26459e-06
7.55102,0.00721723,1.29989e-06
7.65306,0.00741361,1.33592e-06
7.7551,0.00761671,1.37237e-06
7.85714,0.00781689,1.4084e-06
7.95918,0.00802176,1.44561e-06
8.06122,0.0082296,1.48314e-06
8.16327,0.00844052,1.52092e-06
8.26531,0.00864829,1.55869e-06
8.36735,0.00886486,1.5971e-06
8.46939,0.00907938,1.63693e-06
8.57143,0.00929569,1.67595e-06
8.67347,0.00951273,1.71573e-06
8.77551,0.00973599,1.75633e-06
8.87755,0.00995121,1.79573e-06
8.97959,0.0101789,1.83741e-06
9.08163,0.0104052,1.8791e-06
9.18367,0.0106325,1.92071e-06
9.28571,0.010858,1.96241e-06
9.38776,0.0110928,2.00584e-06
9.4898,0.0113263,2.04862e-06
9.59184,0.0115583,2.09168e-06
9.69388,0.0117986,2.13559e-06
9.79592,0.0120342,2.17967e-06
9.89796,0.012276,2.22454e-06
10.0,0.0125182,2.26885e-06
10.2041,0.0130053,2.36016e-06
10.4082,0.0135022,2.45327e-06
10.6122,0.0140006,2.5473e-06
10.8163,0.0145077,2.64107e-06
11.0204,0.0150207,2.73924e-06
11.2245,0.0155324,2.8362e-06
11.4286,0.0160637,2.93677e-06
11.6327,0.016594,3.03807e-06
11.8367,0.0171336,3.13965e-06
12.0408,0.0176707,3.24335e-06
12.2449,0.0182197,3.34898e-06
12.449,0.0187798,3.45662e-06
12.6531,0.0193328,3.56447e-06
12.8571,0.0199015,3.67354e-06
13.0612,0.0204739,3.78531e-06
13.2653,0.0210439,3.89669e-06
13.4694,0.0216281,4.01054e-06
13.6735,0.0222187,4.12611e-06
13.8776,0.0228096,4.24265e-06
14.0816,0.023403,4.36041e-06
14.2857,0.0239944,4.47648e-06
14.4898,0.0246109,4.59954e-06
14.6939,0.025219,4.71951e-06
14.898,0.0258424,4.84509e-06
15.102,0.0264507,4.9659e-06
15.3061,0.0270703,5.09057e-06
15.5102,0.0277029,5.21783e-06
15.7143,0.0283414,5.34544e-06
15.9184,0.0289764,5.47488e-06
16.1224,0.0296234,5.60848e-06
16.3265,0.0302819,5.73811e-06
16.5306,0.0309239,5.87165e-06
16.7347,0.0315852,6.00372e-06
16.9388,0.0322391,6.13657e-06
17.1429,0.0329059,6.27358e-06
17.3469,0.0335765,6.41558e-06
17.551,0.0342497,6.55312e-06
17.7551,0.0349209,6.69142e-06
17.9592,0.035606,6.83564e-06
18.1633,0.0362878,6.97456e-06
18.3673,0.0369817,7.11981e-06
18.5714,0.0376705,7.26441e-06
18.7755,0.0383707,7.4119e-06
18.9796,0.0390738,7.55817e-06
19.1837,0.0397592,7.70184e-06
19.3878,0.0404761,7.85336e-06
19.5918,0.0411881,8.00217e-06
19.7959,0.0419102,8.15329e-06
20.0,0.0426394,8.30985e-06
20.4082,0.0440684,8.61059e-06
20.8163,0.0455284,8.92577e-06
21.2245,0.0470163,9.24571e-06
21.6327,0.0485007,9.56069e-06
22.0408,0.0500173,9.89242e-06
22.449,0.051519,1.02212e-05
22.8571,0.0530647,1.05526e-05
23.2653,0.0545748,1.08846e-05
23.6735,0.0561526,1.12306e-05
24.0816,0.0577131,1.15752e-05
24.4898,0.0593005,1.19258e-05
24.898,0.0608953,1.22852e-05
25.3061,0.0624824,1.26376e-05
25.7143,0.0640993,1.29993e-05
26.1224,0.0657401,1.33668e-05
26.5306,0.0673542,1.37387e-05
26.9388,0.0690098,1.41036e-05
27.3469,0.070658,1.44806e-05
27.7551,0.0723615,1.48752e-05
28.1633,0.0740382,1.52523e-05
28.5714,0.0757171,1.56382e-05
28.9796,0.0774165,1.60254e-05
29.3878,0.0791561,1.64323e-05
29.7959,0.0808575,1.68176e-05
30.2041,0.0826209,1.723e-05
30.6122,0.0843369,1.76353e-05
31.0204,0.0860776,1.8035e-05
31.4286,0.0878427,1.84502e-05
31.8367,0.0896323,1.88735e-05
32.2449,0.0913932,1.92882e-05
32.6531,0.0931437,1.96975e-05
33.0612,0.0950159,2.014e-05
33.4694,0.0968202,2.05714e-05
33.8776,0.0985929,2.09978e-05
34.2857,0.100382,2.14278e-05
34.6939,0.102227,2.18601e-05
35.102,0.104125,2.23239e-05
35.5102,0.105995,2.27698e-05
35.9184,0.107847,2.32259e-05
36.3265,0.109623,2.36488e-05
36.7347,0.11155,2.41101e-05
37.1429,0.11343,2.4579e-05
37.551,0.115343,2.50369e-05
37.9592,0.11725,2.5507e-05
38.3673,0.119141,2.59713e-05
38.7755,0.12104,2.64362e-05
39.1837,0.122996,2.69069e-05
39.5918,0.124883,2.73754e-05
40.0,0.12688,2.78661e-05
40.4082,0.12874,2.83323e-05
40.8163,0.130776,2.88376e-05
41.2245,0.132684,2.93249e-05
41.6327,0.134614,2.98049e-05
42.0408,0.136628,3.03086e-05
42.449,0.138629,3.08119e-05
42.8571,0.140587,3.13054e-05
43.2653,0.142621,3.18081e-05
43.6735,0.144648,3.23315e-05
44.0816,0.146621,3.28247e-05
44.4898,0.148596,3.33179e-05
44.898,0.150642,3.38345e-05
45.3061,0.152712,3.43791e-05
45.7143,0.154738,3.48795e-05
46.1224,0.156767,3.53926e-05
46.5306,0.158819,3.59216e-05
46.9388,0.160875,3.64612e-05
47.3469,0.162955,3.69931e-05
47.7551,0.164965,3.75184e-05
48.1633,0.16709,3.80404e-05
48.5714,0.169208,3.8594e-05
48.9796,0.171265,3.91362e-05
49.3878,0.173353,3.96551e-05
49.7959,0.175395,4.02027e-05
50.2041,0.177518,4.07481e-05
50.6122,0.179713,4.13429e-05
51.0204,0.181838,4.18833e-05
51.4286,0.183939,4.24517e-05
51.8367,0.18609,4.30074e-05
52.2449,0.188176,4.35578e-05
52.6531,0.190322,4.41182e-05
53.0612,0.192474,4.46882e-05
53.4694,0.194555,4.5214e-05
53.8776,0.196819,4.5839e-05
54.2857,0.198873,4.63579e-05
54.6939,0.201197,4.69977e-05
55.102,0.203269,4.75533e-05
55.5102,0.205405,4.8106e-05
55.9184,0.207736,4.87306e-05
56.3265,0.209755,4.9265e-05
56.7347,0.21204,4.98808e-05
57.1429,0.214284,5.04836e-05
57.551,0.216485,5.10643e-05
57.9592,0.218687,5.16392e-05
58.3673,0.22094,5.22753e-05
58.7755,0.223112,5.28261e-05
59.1837,0.225304,5.34644e-05
59.5918,0.227605,5.40415e-05
60.0,0.229824,5.46813e-05
60.4082,0.232054,5.52641e-05
60.8163,0.234299,5.59e-05
61.2245,0.23641,5.64689e-05
61.6327,0.238735,5.71064e-05
62.0408,0.241067,5.77345e-05
62.449,0.243365,5.83452e-05
62.8571,0.245531,5.89617e-05
63.2653,0.247972,5.96125e-05
63.6735,0.25026,6.02519e-05
64.0816,0.252497,6.08562e-05
64.4898,0.254749,6.14981e-05
64.898,0.25698,6.21176e-05
65.3061,0.259334,6.27698e-05
65.7143,0.261704,6.34252e-05
66.1224,0.264111,6.40894e-05
66.5306,0.266325,6.46741e-05
66.9388,0.268638,6.5324e-05
67.3469,0.270874,6.59402e-05
67.7551,0.27334,6.66574e-05
68.1633,0.27571,6.73017e-05
68.5714,0.2778,6.7901e-05
68.9796,0.280251,6.85642e-05
69.3878,0.282726,6.92804e-05
69.7959,0.284965,6.98839e-05
70.2041,0.287374,7.05459e-05
70.6122,0.289634,7.12035e-05
71.0204,0.292011,7.18836e-05
71.4286,0.294383,7.25137e-05
71.8367,0.296824,7.32508e-05
72.2449,0.299181,7.38834e-05
72.6531,0.301621,7.45872e-05
73.0612,0.30396,7.52572e-05
73.4694,0.306379,7.59118e-05
73.8776,0.308872,7.66466e-05
74.2857,0.311271,7.72957e-05
74.6939,0.313636,7.79707e-05
75.102,0.316014,7.866e-05
75.5102,0.318455,7.94054e-05
75.9184,0.321006,8.00869e-05
76.3265,0.323265,8.07278e-05
76.7347,0.325755,8.14271e-05
77.1429,0.32816,8.21132e-05
77.551,0.330438,8.2794e-05
77.9592,0.33293,8.34815e-05
78.3673,0.335506,8.42425e-05
78.7755,0.337849,8.49204e-05
79.1837,0.340391,8.56995e-05
79.5918,0.342748,8.63333e-05
80.0,0.345255,8.70776e-05
80.4082,0.347545,8.77144e-05
80.8163,0.350055,8.84613e-05
81.2245,0.352547,8.91729e-05
81.6327,0.354997,8.98971e-05
82.0408,0.357553,9.06708e-05
82.449,0.359943,9.13388e-05
82.8571,0.362421,9.19653e-05
83.2653,0.364948,9.27383e-05
83.6735,0.367508,9.35032e-05
84.0816,0.369876,9.4159e-05
84.4898,0.372497,9.49561e-05
84.898,0.375151,9.57846e-05
85.3061,0.377284,9.63676e-05
85.7143,0.379874,9.71214e-05
86.1224,0.382564,9.7902e-05
86.5306,0.384822,9.85474e-05
86.9388,0.387474,9.93174e-05
87.3469,0.39007,0.000100133
87.7551,0.392542,0.000100883
88.1633,0.395158,0.000101633
88.5714,0.397691,0.000102299
88.9796,0.400076,0.000103072
89.3878,0.402644,0.000103874
89.7959,0.405147,0.000104575
90.2041,0.407911,0.000105455
90.6122,0.410228,0.000106027
91.0204,0.412918,0.000106788
91.4286,0.415604,0.000107657
91.8367,0.417908,0.000108346
92.2449,0.420687,0.000109245
92.6531,0.423085,0.000109904
93.0612,0.425704,0.000110673
93.4694,0.428095,0.000111311
93.8776,0.430649,0.00011216
94.2857,0.43332,0.000112885
94.6939,0.436013,0.000113744
95.102,0.438585,0.000114502
95.5102,0.441224,0.000115333
95.9184,0.443668,0.000116023
96.3265,0.446223,0.000116763
96.7347,0.448973,0.000117639
97.1429,0.451535,0.000118374
97.551,0.454266,0.00011926
97.9592,0.456915,0.000120028
98.3673,0.459458,0.000120856
98.7755,0.462019,0.000121537
99.1837,0.46459,0.000122335
99.5918,0.467322,0.00012317
100.0,0.469752,0.000123933
100.816,0.474968,0.000125486
101.633,0.480538,0.000127139
102.449,0.485658,0.000128732
103.265,0.490695,0.000130233
104.082,0.496184,0.00013186
104.898,0.501543,0.000133553
105.714,0.506997,0.000135276
106.531,0.512153,0.000136792
107.347,0.517735,0.000138568
108.163,0.522784,0.000140053
108.98,0.528425,0.000141861
109.796,0.533703,0.000143434
110.612,0.539121,0.000145162
111.429,0.544565,0.000146814
112.245,0.549782,0.000148438
113.061,0.555327,0.000150166
113.878,0.560703,0.000151801
114.694,0.566263,0.00015362
115.51,0.571531,0.000155157
116.327,0.577356,0.000157062
117.143,0.58277,0.00015869
117.959,0.588108,0.000160437
118.776,0.593582,0.000162056
119.592,0.599472,0.000164156
120.408,0.604581,0.000165614
121.224,0.610162,0.000167362
122.041,0.615816,0.000169173
122.857,0.6214,0.000170759
123.673,0.627041,0.00017274
124.49,0.632212,0.000174178
125.306,0.638175,0.000176164
126.122,0.643722,0.000177946
126.939,0.649364,0.000179887
127.755,0.654873,0.000181589
128.571,0.660524,0.000183478
129.388,0.666222,0.000185273
130.204,0.671541,0.000186918
131.02,0.677723,0.000188793
131.837,0.68289,0.000190526
132.653,0.68853,0.000192376
133.469,0.694593,0.000194277
134.286,0.700712,0.000196131
135.102,0.70561,0.000197768
135.918,0.711677,0.000199788
136.735,0.717315,0.000201778
137.551,0.722728,0.000203383
138.367,0.728511,0.000205245
139.184,0.734817,0.000207264
140.0,0.740201,0.000209003
140.816,0.746169,0.000210874
141.633,0.751666,0.000212889
142.449,0.757559,0.000214583
143.265,0.763601,0.00021683
144.082,0.76898,0.000218384
144.898,0.774525,0.000220131
145.714,0.780397,0.000222119
146.531,0.786579,0.000224107
147.347,0.79241,0.00022584
148.163,0.797738,0.00022766
148.98,0.803796,0.000229667
149.796,0.810204,0.000232002
150.612,0.815871,0.0002337
151.429,0.821806,0.000235814
152.245,0.827764,0.000237586
153.061,0.833683,0.000239644
153.878,0.839777,0.00024172
154.694,0.845321,0.000243662
155.51,0.851004,0.000245398
156.327,0.857246,0.000247478
157.143,0.862843,0.000249191
157.959,0.869249,0.000251388
158.776,0.874956,0.000253432
159.592,0.880761,0.000255268
160.408,0.8872,0.000257536
161.224,0.893168,0.000259382
162.041,0.898631,0.000261454
162.857,0.904503,0.000263129
163.673,0.910262,0.000265144
164.49,0.916591,0.00026726
165.306,0.922653,0.000269397
166.122,0.92871,0.000271243
166.939,0.935357,0.000273644
167.755,0.940851,0.000275508
168.571,0.947036,0.000277549
169.388,0.953348,0.000279739
170.204,0.959251,0.000281687
171.02,0.964977,0.000283615
171.837,0.971135,0.000285683
172.653,0.978092,0.000288357
173.469,0.98313,0.000289969
174.286,0.989758,0.000291927
175.102,0.995234,0.000293808
175.918,1.00148,0.000295747
176.735,1.00781,0.000298167
177.551,1.0142,0.000300507
178.367,1.02018,0.000302503
179.184,1.02604,0.000304187
180.0,1.03272,0.000306756
180.816,1.03825,0.000308444
181.633,1.04416,0.000310551
182.449,1.05133,0.000313073
183.265,1.05704,0.000315081
184.082,1.06272,0.00031709
184.898,1.06994,0.000319684
185.714,1.07567,0.00032141
186.531,1.082,0.000323537
187.347,1.08818,0.000325724
188.163,1.09401,0.000327613
188.98,1.09984,0.000329702
189.796,1.10646,0.000331887
190.612,1.11303,0.000334499
191.429,1.11918,0.000336492
192.245,1.12586,0.000338694
193.061,1.1321,0.000341115
193.878,1.13748,0.000342733
194.694,1.14406,0.000344779
195.51,1.1498,0.000347176
196.327,1.15642,0.000349283
197.143,1.1629,0.000351747
197.959,1.16961,0.000354311
198.776,1.17483,0.000355817
199.592,1.18154,0.000357748
200.408,1.18822,0.0003605
201.224,1.1947,0.000362843
202.041,1.20063,0.000364567
202.857,1.20724,0.000367679
203.673,1.21317,0.000369157
204.49,1.21989,0.000371856
205.306,1.22585,0.000373948
206.122,1.23156,0.000375378
206.939,1.23904,0.000378058
207.755,1.24457,0.000380178
208.571,1.25115,0.000382552
209.388,1.25771,0.000384862
210.204,1.26421,0.000386912
211.02,1.27085,0.000389639
211.837,1.27718,0.000391763
212.653,1.2837,0.000394055
213.469,1.28996,0.000396121
214.286,1.29609,0.000398621
215.102,1.30302,0.000401037
215.918,1.30917,0.000402984
216.735,1.31581,0.000405272
217.551,1.32175,0.000407464
218.367,1.32858,0.000409821
219.184,1.33494,0.000412335
220.0,1.34102,0.000414204
221.633,1.35414,0.000418779
223.265,1.36756,0.000423808
224.898,1.38054,0.000428364
226.531,1.3929,0.000432857
228.163,1.40592,0.000437203
229.796,1.4193,0.000442105
231.429,1.43159,0.000446462
233.061,1.44535,0.0004518
234.694,1.45806,0.000456264
236.327,1.47164,0.000461442
237.959,1.48437,0.000465656
239.592,1.49711,0.000469985
241.224,1.51049,0.000475008
242.857,1.52437,0.000480224
244.49,1.53758,0.000484846
246.122,1.55109,0.000490563
247.755,1.56424,0.000495301
249.388,1.57698,0.000499501
251.02,1.59039,0.000504236
252.653,1.6029,0.000509244
254.286,1.61662,0.000513488
255.918,1.63056,0.000518786
257.551,1.64335,0.00052347
259.184,1.65717,0.000528362
260.816,1.67012,0.000533799
262.449,1.68482,0.00053865
264.082,1.69663,0.000542834
265.714,1.71088,0.00054795
267.347,1.72438,0.000553477
268.98,1.73809,0.000558993
270.612,1.75201,0.00056353
272.245,1.76563,0.000569001
273.878,1.77887,0.000574076
275.51,1.79246,0.000579139
277.143,1.80576,0.000583776
278.776,1.81941,0.000589105
280.408,1.83379,0.000594622
282.041,1.8468,0.000598307
283.673,1.86069,0.000604105
285.306,1.87465,0.00060943
286.939,1.88826,0.000615352
288.571,1.90073,0.000619161
290.204,1.91484,0.000624166
291.837,1.92941,0.000630049
293.469,1.94359,0.000635369
295.102,1.95543,0.000639696
296.735,1.97192,0.000646311
298.367,1.98453,0.000650996
300.0,1.99797,0.000655518
301.633,2.01182,0.000660394
303.265,2.02605,0.000665965
304.898,2.03891,0.000671249
306.531,2.05411,0.000677183
308.163,2.06959,0.000682863
309.796,2.08151,0.00068729
311.429,2.09604,0.000693362
313.061,2.11042,0.000699105
314.694,2.1247,0.000703659
316.327,2.13925,0.000709813
317.959,2.15183,0.000714491
319.592,2.16545,0.00071975
321.224,2.18094,0.000724912
322.857,2.19312,0.000730356
324.49,2.20891,0.000736979
326.122,2.2218,0.000740879
327.755,2.23674,0.00074543
329.388,2.25072,0.000751871
331.02,2.26544,0.000757556
332.653,2.27925,0.000762939
334.286,2.29358,0.000768007
335.918,2.30628,0.000773916
337.551,2.32341,0.000780799
339.184,2.33551,0.000784387
340.816,2.35197,0.000791508
342.449,2.36297,0.000795554
344.082,2.37879,0.000801816
345.714,2.39174,0.000806932
347.347,2.40656,0.00081274
348.98,2.42097,0.000818092
350.612,2.43612,0.000822771
352.245,2.45061,0.000829139
353.878,2.46542,0.000835198
355.51,2.4792,0.000840717
357.143,2.49161,0.000845834
358.776,2.50802,0.000851502
360.408,2.52295,0.000858407
362.041,2.53647,0.000863209
363.673,2.55058,0.000867849
365.306,2.56599,0.000875136
366.939,2.58157,0.000881932
368.571,2.59488,0.000886589
370.204,2.60863,0.00089171
371.837,2.62325,0.000896286
373.469,2.63701,0.000902425
375.102,2.6524,0.000908405
376.735,2.66735,0.000915043
378.367,2.68141,0.000919412
380.0,2.69706,0.000926747
382.449,2.71898,0.000934771
384.898,2.74081,0.000944402
387.347,2.76321,0.000951306
389.796,2.78449,0.000961314
392.245,2.80372,0.000967027
394.694,2.82802,0.000978352
397.143,2.85103,0.000988548
399.592,2.87367,0.000995522
402.041,2.89414,0.00100424
404.49,2.91648,0.00101235
406.939,2.93981,0.00102343
409.388,2.96398,0.00103297
411.837,2.985,0.00104049
414.286,3.00517,0.00104807
416.735,3.02825,0.0010584
419.184,3.05111,0.00106815
421.633,3.07442,0.00107719
424.082,3.09495,0.00108509
426.531,3.11693,0.00109237
428.98,3.13795,0.00110218
431.429,3.16351,0.00111387
433.878,3.18496,0.00112202
436.327,3.20923,0.00113194
438.776,3.2301,0.00113883
441.224,3.25358,0.00114942
443.673,3.27456,0.00115737
446.122,3.29863,0.00116699
448.571,3.32096,0.00117575
451.02,3.34229,0.00118448
453.469,3.36555,0.00119312
455.918,3.38946,0.00120438
458.367,3.41097,0.00121245
460.816,3.43634,0.00122333
463.265,3.45844,0.00123418
465.714,3.47994,0.00124259
468.163,3.50127,0.00125
470.612,3.52562,0.00125877
473.061,3.54991,0.0012688
475.51,3.57188,0.00127903
477.959,3.59686,0.00129121
480.408,3.61992,0.00130174
482.857,3.64065,0.00130786
485.306,3.66312,0.00131775
487.755,3.68609,0.00132534
490.204,3.71083,0.00133969
492.653,3.73302,0.00134531
495.102,3.75443,0.00135269
497.551,3.77907,0.00136563
500.0,3.80131,0.00137505
502.449,3.82494,0.00138586
504.898,3.84834,0.00139326
507.347,3.87359,0.00140471
509.796,3.89772,0.0014164
512.245,3.91988,0.00142786
514.694,3.9414,0.00143219
517.143,3.96472,0.00144349
519.592,3.98894,0.00145296
522.041,4.01268,0.00146213
524.49,4.03307,0.001469
526.939,4.06118,0.00148438
529.388,4.08207,0.00149125
531.837,4.10603,0.00150189
534.286,4.13056,0.00151211
536.735,4.15138,0.00152122
539.184,4.17434,0.00152997
541.633,4.20081,0.00154295
544.082,4.22364,0.00155037
546.531,4.24633,0.00156165
548.98,4.26982,0.00156914
551.429,4.29194,0.00157726
553.878,4.3146,0.00158882
556.327,4.34299,0.0016011
558.776,4.36231,0.00160805
561.224,4.39076,0.00162417
563.673,4.41447,0.00163199
566.122,4.43976,0.00164252
568.571,4.46127,0.00165162
571.02,4.48315,0.00166159
573.469,4.50663,0.00166738
575.918,4.53114,0.00168096
578.367,4.55437,0.00169364
580.816,4.58026,0.00170397
583.265,4.6024,0.00171114
585.714,4.62696,0.00172081
588.163,4.65243,0.00173458
590.612,4.6805,0.00174845
593.061,4.69621,0.00175351
595.51,4.72714,0.00176451
597.959,4.74449,0.00176843
600.408,4.76979,0.00178378
602.857,4.79417,0.00179707
605.306,4.81749,0.00180599
607.755,4.84436,0.00181955
610.204,4.86582,0.00182495
612.653,4.89309,0.00183796
615.102,4.91507,0.00184652
617.551,4.93995,0.00185837
620.0,4.96516,0.00186967
622.449,4.98984,0.00187964
624.898,5.01039,0.00188753
627.347,5.03823,0.00190042
629.796,5.05907,0.00190461
632.245,5.08503,0.00192122
634.694,5.11058,0.00192915
637.143,5.13649,0.00194405
639.592,5.15797,0.00195197
642.041,5.18007,0.00196134
644.49,5.20771,0.0019764
646.939,5.2341,0.00198538
649.388,5.25674,0.00199496
651.837,5.28244,0.00200451
654.286,5.30296,0.0020173
656.735,5.32917,0.00202853
659.184,5.35214,0.00203254
661.633,5.37967,0.00204596
664.082,5.40456,0.00206166
666.531,5.42485,0.00207119
668.98,5.45441,0.00208164
671.429,5.47782,0.00209057
673.878,5.49869,0.00210078
676.327,5.52461,0.0021115
678.776,5.55232,0.00212355
681.224,5.58099,0.00213712
683.673,5.60084,0.00214579
686.122,5.6244,0.00215653
688.571,5.65104,0.00216517
691.02,5.67123,0.0021723
693.469,5.69804,0.00218795
695.918,5.7239,0.00220436
698.367,5.75324,0.00221537
700.816,5.77471,0.00222318
703.265,5.7981,0.00223098
705.714,5.82349,0.00224804
708.163,5.84866,0.00225773
710.612,5.87364,0.00226391
713.061,5.8969,0.00227333
715.51,5.92377,0.00229066
717.959,5.94805,0.00229825
720.408,5.97101,0.00231244
722.857,5.99709,0.0023237
725.306,6.02259,0.00233128
727.755,6.04679,0.00234089
730.204,6.07427,0.00235784
732.653,6.09771,0.00236619
735.102,6.12013,0.00237626
737.551,6.14401,0.00238035
740.0,6.17187,0.00239755
743.265,6.20618,0.00240903
746.531,6.2397,0.00242928
749.796,6.27146,0.00244325
753.061,6.30507,0.00245877
756.327,6.33536,0.00246824
759.592,6.37499,0.0024869
762.857,6.409,0.00250627
766.122,6.44503,0.00252454
769.388,6.47086,0.00253197
772.653,6.50711,0.0025481
775.918,6.53736,0.00255851
779.184,6.5762,0.00257875
782.449,6.61028,0.0025983
785.714,6.64024,0.00260505
788.98,6.67354,0.00262317
792.245,6.71153,0.00263549
795.51,6.74734,0.00265869
798.776,6.78013,0.00266664
802.041,6.81294,0.00268929
805.306,6.84763,0.00270091
808.571,6.87563,0.00271377
811.837,6.91006,0.00272825
815.102,6.94437,0.00274834
818.367,6.97952,0.00276633
821.633,7.01927,0.0027757
824.898,7.04868,0.00279622
828.163,7.08441,0.00281047
831.429,7.11181,0.00281784
834.694,7.15564,0.00284155
837.959,7.18999,0.00285793
841.224,7.21956,0.0028791
844.49,7.2585,0.00289566
847.755,7.2877,0.00290205
851.02,7.32205,0.00291963
854.286,7.35607,0.00293501
857.551,7.39215,0.0029538
860.816,7.42793,0.00296324
864.082,7.45432,0.00297619
867.347,7.50062,0.00300432
870.612,7.53488,0.00301358
873.878,7.55941,0.00302167
877.143,7.59122,0.00303879
880.408,7.63173,0.00306023
883.673,7.66759,0.00307612
886.939,7.70212,0.00309092
890.204,7.73536,0.00310476
893.469,7.76732,0.00311771
896.735,7.80739,0.00314371
900.0,7.83764,0.00315256
903.265,7.87283,0.00316695
906.531,7.90427,0.0031855
909.796,7.94458,0.00320245
913.061,7.977,0.00321787
916.327,8.01076,0.00323315
919.592,8.04468,0.00324521
922.857,8.08664,0.00327185
926.122,8.11754,0.00328095
929.388,8.15231,0.00329876
932.653,8.1932,0.00331791
935.918,8.21841,0.00332245
939.184,8.25655,0.003349
942.449,8.29489,0.00337227
945.714,8.32292,0.00336882
948.98,8.35819,0.00339366
952.245,8.39615,0.00341356
955.51,8.43458,0.0034318
958.776,8.46104,0.00344365
962.041,8.4986,0.00346346
965.306,8.53966,0.00348734
968.571,8.57293,0.00349777
971.837,8.60625,0.00350979
975.102,8.63812,0.00352193
978.367,8.6792,0.0035515
981.633,8.71169,0.00355856
984.898,8.74653,0.00358006
988.163,8.78673,0.00359327
991.429,8.82263,0.00361749
994.694,8.85709,0.00362944
997.959,8.88722,0.00363512
1001.22,8.92108,0.0036458
1004.49,8.95249,0.00366694
1007.76,8.98982,0.00368586
1011.02,9.03717,0.00371726
1014.29,9.06046,0.00372652
1017.55,9.0962,0.00373674
1020.82,9.12967,0.00375299
1024.08,9.18024,0.00379242
1027.35,9.21006,0.00379319
1030.61,9.23538,0.003807
1033.88,9.28049,0.00382562
1037.14,9.31571,0.00384095
1040.41,9.3479,0.00386129
1043.67,9.38888,0.00387172
1046.94,9.41895,0.00389494
1050.2,9.45469,0.00390269
1053.47,9.48899,0.00392029
1056.73,9.52678,0.00394451
1060.0,9.5603,0.00395331
1064.9,9.61579,0.00398786
1069.8,9.66665,0.00400941
1074.69,9.72832,0.00404634
1079.59,9.77631,0.00406221
1084.49,9.82911,0.00408966
1089.39,9.87799,0.00410939
1094.29,9.9431,0.00414726
1099.18,9.99384,0.00416327
1104.08,10.0464,0.00419634
1108.98,10.1014,0.00420978
1113.88,10.1516,0.00424063
1118.78,10.2066,0.00425949
1123.67,10.2682,0.00431115
1128.57,10.3127,0.00431674
1133.47,10.3825,0.00436039
1138.37,10.4213,0.0043652
1143.27,10.4831,0.00441305
1148.16,10.5316,0.00442284
1153.06,10.5926,0.00444858
1157.96,10.6528,0.00449259
1162.86,10.6984,0.00450386
1167.76,10.7543,0.00453879
1172.65,10.7978,0.00454649
1177.55,10.863,0.0045812
1182.45,10.9098,0.00459485
1187.35,10.9671,0.00462988
1192.24,11.0078,0.00464397
1197.14,11.0728,0.00468125
1202.04,11.1335,0.00470728
1206.94,11.1819,0.00473013
1211.84,11.2427,0.0047665
1216.73,11.2992,0.00480061
1221.63,11.3525,0.00482817
1226.53,11.4092,0.00483711
1231.43,11.4571,0.00487258
1236.33,11.5162,0.00489125
1241.22,11.5701,0.00492811
1246.12,11.6273,0.00495712
1251.02,11.6791,0.0049831
1255.92,11.7327,0.00499992
1260.82,11.7945,0.0050392
1265.71,11.8497,0.00506749
1270.61,11.8919,0.00507443
1275.51,11.9588,0.00512233
1280.41,12.0089,0.00513515
1285.31,12.0635,0.00516331
1290.2,12.1124,0.00517708
1295.1,12.181,0.0052315
1300.0,12.2227,0.00523603
1304.9,12.286,0.00528503
1309.8,12.35,0.00531047
1314.69,12.3942,0.00532553
1319.59,12.4521,0.00535736
1324.49,12.5125,0.00540149
1329.39,12.5616,0.0054022
1334.29,12.6232,0.00542637
1339.18,12.6882,0.00548049
1344.08,12.7297,0.00550748
1348.98,12.7963,0.0055426
1353.88,12.8359,0.00555044
1358.78,12.9093,0.00559391
1363.67,12.9553,0.00559956
1368.57,13.0135,0.00562276
1373.47,13.0681,0.00566291
1378.37,13.1224,0.00568123
1383.27,13.1846,0.00574082
1388.16,13.2381,0.00575631
1393.06,13.2984,0.00576689
1397.96,13.3548,0.00580759
1402.86,13.4048,0.00582753
1407.76,13.4631,0.00585665
1412.65,13.5125,0.00588292
1417.55,13.5698,0.00589585
1422.45,13.6322,0.0059281
1427.35,13.685,0.00597211
1432.24,13.7367,0.00596632
1437.14,13.7957,0.00602984
1442.04,13.8466,0.00604418
1446.94,13.9029,0.00607952
1451.84,13.9706,0.00610992
1456.73,14.0223,0.00613412
1461.63,14.0769,0.00616012
1466.53,14.1414,0.00619573
1471.43,14.1922,0.00622558
1476.33,14.2624,0.0062672
1481.22,14.3036,0.00625758
1486.12,14.3694,0.00629895
1491.02,14.4208,0.00632961
1495.92,14.4812,0.00635743
1500.82,14.5405,0.00638487
1505.71,14.5959,0.00643418
1510.61,14.6578,0.00643842
1515.51,14.7104,0.00648971
1520.41,14.7597,0.00651556
1525.31,14.8215,0.00653168
1530.2,14.8837,0.00658
1535.1,14.9382,0.00660839
1540.0,14.9952,0.00662957
1547.35,15.0793,0.00666003
1554.69,15.1616,0.00671486
1562.04,15.2469,0.00673363
1569.39,15.3295,0.00678019
1576.73,15.4206,0.0068506
1584.08,15.5061,0.00688695
1591.43,15.5872,0.00692834
1598.78,15.6779,0.00696975
1606.12,15.7709,0.00701741
1613.47,15.8523,0.0070461
1620.82,15.9322,0.00708724
1628.16,16.011,0.00711738
1635.51,16.1161,0.00719389
1642.86,16.1897,0.00721199
1650.2,16.2864,0.00727911
1657.55,16.3757,0.00733817
1664.9,16.4634,0.00736081
1672.24,16.5501,0.00742361
1679.59,16.6318,0.00745956
1686.94,16.7232,0.00750306
1694.29,16.7975,0.00753008
1701.63,16.9014,0.00758961
1708.98,16.9739,0.00765678
1716.33,17.0517,0.00768364
1723.67,17.1513,0.00771559
1731.02,17.2364,0.00776896
1738.37,17.3332,0.00782629
1745.71,17.4238,0.00788733
1753.06,17.4928,0.00791006
1760.41,17.6018,0.00796662
1767.76,17.6723,0.00800648
1775.1,17.7659,0.00804284
1782.45,17.8503,0.00809854
1789.8,17.9357,0.00814138
1797.14,18.0269,0.00817506
1804.49,18.1314,0.00824112
1811.84,18.209,0.00825005
1819.18,18.2862,0.00828294
1826.53,18.3755,0.00833318
1833.88,18.4745,0.00840848
1841.22,18.5617,0.00846476
1848.57,18.6335,0.00847851
1855.92,18.7275,0.00851565
1863.27,18.826,0.00858498
1870.61,18.9104,0.00863391
1877.96,19.0062,0.00869817
1885.31,19.07,0.00870255
1892.65,19.1847,0.0087964
1900.0,19.2641,0.00881088
1907.35,19.3591,0.00889319
1914.69,19.458,0.00891744
1922.04,19.5089,0.0089286
1929.39,19.6205,0.00901455
1936.73,19.7086,0.00906577
1944.08,19.7972,0.00907758
1951.43,19.8795,0.00912145
1958.78,19.9691,0.00917552
1966.12,20.0531,0.00922472
1973.47,20.1495,0.00927217
1980.82,20.2574,0.00933069
1988.16,20.3401,0.00940242
1995.51,20.424,0.00941987
2002.86,20.5079,0.00947701
2010.2,20.5924,0.00950914
2017.55,20.6749,0.00956327
2024.9,20.7803,0.00958976
2032.24,20.8671,0.00964461
2039.59,20.9525,0.00970581
2046.94,21.0506,0.00974368
2054.29,21.1456,0.00980457
2061.63,21.2222,0.00982816
2068.98,21.3167,0.00987156
2076.33,21.4145,0.00991981
2083.67,21.5081,0.0100173
2091.02,21.5874,0.010041
2098.37,21.6774,0.0101057
2105.71,21.7614,0.0101527
2113.06,21.8575,0.0101887
2120.41,21.935,0.0102245
2127.76,22.0351,0.0103003
2135.1,22.1312,0.0103146
2142.45,22.2192,0.0103943
2149.8,22.2907,0.0104012
2157.14,22.4122,0.0104964
2164.49,22.488,0.0105239
2171.84,22.5815,0.0105636
2179.18,22.6606,0.0105825
2186.53,22.7454,0.0106471
2193.88,22.8498,0.0107167
2201.22,22.9369,0.0107486
2208.57,23.0326,0.01078
2215.92,23.1107,0.0108228
2223.27,23.2156,0.0108913
2230.61,23.2957,0.0109728
2237.96,23.3914,0.0109964
2245.31,23.491,0.011068
2252.65,23.5706,0.011073
2260.0,23.688,0.0111698
2271.02,23.7972,0.0111952
2282.04,23.9412,0.0112691
2293.06,24.072,0.0113545
2304.08,24.2209,0.0114159
2315.1,24.361,0.0115205
2326.12,24.5066,0.0115822
2337.14,24.6409,0.0116683
2348.16,24.7744,0.0117491
2359.18,24.8945,0.0117817
2370.2,25.0467,0.0119316
2381.22,25.1933,0.0119809
2392.24,25.3214,0.0120163
2403.27,25.4649,0.0121367
2414.29,25.5719,0.0121558
2425.31,25.7126,0.0122372
2436.33,25.8903,0.0123616
2447.35,26.0098,0.0124192
2458.37,26.1587,0.0125132
2469.39,26.2769,0.0125521
2480.41,26.4255,0.0126714
2491.43,26.5683,0.0126882
2502.45,26.7122,0.0128438
2513.47,26.8688,0.0129027
2524.49,26.9942,0.0129736
2535.51,27.1187,0.0130198
2546.53,27.2743,0.013146
2557.55,27.3827,0.0131596
2568.57,27.5156,0.0132183
2579.59,27.6841,0.013285
2590.61,27.8218,0.013449
2601.63,27.9474,0.013422
2612.65,28.1075,0.0135463
2623.67,28.2286,0.0136374
2634.69,28.3698,0.0136924
2645.71,28.5173,0.0137775
2656.73,28.6664,0.0138724
2667.76,28.8071,0.0139689
2678.78,28.9467,0.0140554
2689.8,29.0719,0.0140754
2700.82,29.2323,0.0141956
2711.84,29.3589,0.0143378
2722.86,29.5224,0.0144018
2733.88,29.6373,0.014399
2744.9,29.7632,0.0144459
2755.92,29.9007,0.0144602
2766.94,30.103,0.0147329
2777.96,30.1921,0.0146575
2788.98,30.3444,0.0147755
2800.0,30.4789,0.014865
2814.29,30.7154,0.0150467
2828.57,30.8359,0.0150568
2842.86,31.037,0.0151632
2857.14,31.2085,0.0152691
2871.43,31.4016,0.0153759
2885.71,31.5509,0.0154276
2900.0,31.7777,0.015582
2914.29,31.9915,0.0157513
2928.57,32.1601,0.0158391
2942.86,32.3281,0.0159702
2957.14,32.5088,0.0159391
2971.43,32.7258,0.0161894
2985.71,32.8876,0.0161915
3000.0,33.063,0.0163533
3014.29,33.2518,0.0164045
3028.57,33.4766,0.0165568
3042.86,33.6116,0.0165209
3057.14,33.8143,0.0168382
3071.43,33.9696,0.0167681
3085.71,34.1651,0.0169407
3100.0,34.3818,0.017095
3114.29,34.5366,0.0171444
3128.57,34.7032,0.0171862
3142.86,34.9196,0.0173814
3157.14,35.1177,0.0175419
3171.43,35.3148,0.0175857
3185.71,35.4302,0.0175665
3200.0,35.6882,0.0177895
3214.29,35.8516,0.0178931
3228.57,36.0446,0.018005
3242.86,36.2562,0.0182319
3257.14,36.4525,0.018245
3271.43,36.619,0.0183261
3285.71,36.8157,0.018488
3300.0,36.9789,0.0184611
3314.29,37.1708,0.01862
3328.57,37.3564,0.0187495
3342.86,37.5518,0.0188638
3357.14,37.7342,0.0189629
3371.43,37.9328,0.0191211
3385.71,38.1548,0.0192169
3400.0,38.3301,0.0193823
3414.29,38.4557,0.0192878
3428.57,38.695,0.0194592
3442.86,38.8785,0.0196227
3457.14,39.0773,0.0197989
3471.43,39.2611,0.0198065
3485.71,39.4527,0.02
3500.0,39.6291,0.0199622
3520.41,39.8835,0.0201083
3540.82,40.172,0.0203035
3561.22,40.4194,0.0204363
3581.63,40.7242,0.0207334
3602.04,40.9856,0.0208003
3622.45,41.2181,0.020907
3642.86,41.5419,0.0211942
3663.27,41.8226,0.0213111
3683.67,42.0412,0.0213396
3704.08,42.3485,0.0216667
3724.49,42.6185,0.0217778
3744.9,42.8998,0.0219945
3765.31,43.1823,0.0220164
3785.71,43.4138,0.0221588
3806.12,43.7051,0.0223924
3826.53,43.9651,0.0224281
3846.94,44.2766,0.0227212
3867.35,44.5348,0.0228955
3887.76,44.8379,0.023114
3908.16,45.0872,0.0232353
3928.57,45.3333,0.0234182
3948.98,45.6394,0.0236264
3969.39,45.9188,0.023655
3989.8,46.1862,0.0238772
4010.2,46.44,0.0239982
4030.61,46.745,0.024242
4051.02,47.0086,0.0243461
4071.43,47.273,0.0244238
4091.84,47.575,0.0246961
4112.24,47.8568,0.0248924
4132.65,48.1188,0.0249407
4153.06,48.4245,0.0251243
4173.47,48.7064,0.0252898
4193.88,48.9486,0.0256233
4214.29,49.3059,0.0257927
4234.69,49.5565,0.0257476
4255.1,49.7757,0.0259417
4275.51,50.129,0.0262227
4295.92,50.3771,0.0263006
4316.33,50.7097,0.0265174
4336.73,50.8949,0.0265042
4357.14,51.1687,0.0267456
4377.55,51.4553,0.0270098
4397.96,51.8038,0.0272812
4418.37,52.06,0.0273356
4438.78,52.3218,0.0274046
4459.18,52.6234,0.027629
4479.59,52.8738,0.0277538
4500.0,53.2177,0.0281575
4530.61,53.5819,0.0283524
4561.22,53.9996,0.0285308
4591.84,54.3807,0.0286155
4622.45,54.813,0.0288675
4653.06,55.2584,0.0293092
4683.67,55.6805,0.0296119
4714.29,56.1246,0.0297022
4744.9,56.5311,0.0299112
4775.51,56.926,0.0300284
4806.12,57.3785,0.0303871
4836.73,57.8314,0.0307436
4867.35,58.2417,0.0311033
4897.96,58.7006,0.0312484
4928.57,59.0799,0.031644
4959.18,59.4834,0.0316736
4989.8,59.9695,0.0320492
5020.41,60.4098,0.0323437
5051.02,60.7897,0.0326107
5081.63,61.2422,0.0329364
5112.24,61.7148,0.0331428
5142.86,62.1121,0.0333002
5173.47,62.521,0.0336802
5204.08,62.9888,0.0340178
5234.69,63.3876,0.0342006
5265.31,63.8457,0.0344015
5295.92,64.2603,0.0348733
5326.53,64.5961,0.034787
5357.14,65.1213,0.0352899
5387.76,65.5572,0.0354019
5418.37,66.0002,0.0356935
5448.98,66.4225,0.0359413
5479.59,66.8311,0.0360956
5510.2,67.2879,0.0365758
5540.82,67.7238,0.0368646
5571.43,68.1689,0.037198
5602.04,68.585,0.0372839
5632.65,69.018,0.0376267
5663.27,69.447,0.0380509
5693.88,69.9837,0.0384131
5724.49,70.3269,0.0384535
5755.1,70.7484,0.0388179
5785.71,71.2173,0.0388698
5816.33,71.634,0.0391966
5846.94,72.1224,0.0399387
5877.55,72.5361,0.039858
5908.16,72.8954,0.0400551
5938.78,73.4073,0.0403672
5969.39,73.8261,0.0409061
6000.0,74.1881,0.0406795
6040.82,74.8343,0.0410712
6081.63,75.4618,0.0414179
6122.45,76.0457,0.0420157
6163.27,76.5802,0.0422165
6204.08,77.2113,0.0428257
6244.9,77.7855,0.0430749
6285.71,78.3355,0.0434044
6326.53,78.9768,0.0436095
6367.35,79.5179,0.0438649
6408.16,80.1721,0.0446677
6448.98,80.7181,0.0448112
6489.8,81.257,0.0454056
6530.61,81.8006,0.0452731
6571.43,82.432,0.0461481
6612.24,83.1084,0.0466555
6653.06,83.7313,0.0469304
6693.88,84.2593,0.0468764
6734.69,84.8776,0.0474807
6775.51,85.4929,0.0482204
6816.33,86.0509,0.0479812
6857.14,86.7241,0.0487819
6897.96,87.2535,0.048937
6938.78,87.8262,0.0495
6979.59,88.5822,0.0496296
7020.41,89.1142,0.0504017
7061.22,89.6372,0.0504769
7102.04,90.2392,0.0509679
7142.86,90.8526,0.0512723
7183.67,91.4513,0.0515142
7224.49,92.0328,0.0521531
7265.31,92.6631,0.0522065
7306.12,93.2759,0.0532496
7346.94,93.9249,0.0537786
7387.76,94.4771,0.0538541
7428.57,95.0952,0.0541922
7469.39,95.6591,0.0543867
7510.2,96.2319,0.0547594
7551.02,96.84,0.0547972
7591.84,97.5304,0.0554518
7632.65,98.0982,0.0560575
7673.47,98.7055,0.0565454
7714.29,99.2748,0.0564282
7755.1,99.9418,0.0571835
7795.92,100.522,0.0576318
7836.73,101.092,0.058003
7877.55,101.571,0.0578366
7918.37,102.39,0.0587509
7959.18,102.891,0.0588782
8000.0,103.66,0.0595864
8040.82,104.229,0.0599503
8081.63,104.833,0.0603099
8122.45,105.42,0.0608103
8163.27,105.994,0.0610994
8204.08,106.567,0.0611267
8244.9,107.203,0.0621481
8285.71,107.815,0.0620573
8326.53,108.552,0.0631615
8367.35,109.124,0.0635229
8408.16,109.807,0.0645023
8448.98,110.254,0.0638653
8489.8,110.889,0.0645462
8530.61,111.543,0.065221
8571.43,112.129,0.0652277
8612.24,112.701,0.0655238
8653.06,113.308,0.0660998
8693.88,114.01,0.0669319
8734.69,114.389,0.0661177
8775.51,115.064,0.0673754
8816.33,115.732,0.0674594
8857.14,116.423,0.0681253
8897.96,117.063,0.068102
8938.78,117.724,0.0690266
8979.59,118.24,0.0694418
9020.41,118.919,0.0700635
9061.22,119.456,0.06969
9102.04,120.107,0.0699525
9142.86,120.714,0.0704478
9183.67,121.309,0.0706673
9224.49,122.055,0.0714047
9265.31,122.55,0.0718616
9306.12,123.224,0.0728581
9346.94,123.753,0.0727915
9387.76,124.541,0.0740312
9428.57,125.074,0.0738989
9469.39,125.685,0.0738826
9510.2,126.333,0.0748112
9551.02,126.93,0.0752998
9591.84,127.672,0.0757221
9632.65,128.168,0.0759828
9673.47,128.83,0.0761208
9714.29,129.441,0.0764146
9755.1,130.165,0.0777693
9795.92,130.669,0.0775741
9836.73,131.439,0.0781337
9877.55,131.788,0.0781773
9918.37,132.611,0.0794198
9959.18,133.194,0.0790203
10000.0,133.913,0.0793861
