0.0,0.0,0.0
0.000204082,0.0,0.0
0.000408163,0.0,0.0
0.000612245,0.0,0.0
0.000816327,0.0,0.0
0.00102041,0.0,0.0
0.00122449,0.0,0.0
0.00142857,0.0,0.0
0.00163265,0.0,0.0
0.00183673,0.0,0.0
0.00204082,0.0,0.0
0.0022449,0.0,0.0
0.00244898,0.0,0.0
0.00265306,0.0,0.0
0.00285714,0.0,0.0
0.00306122,0.0,0.0
0.00326531,0.0,0.0
0.00346939,0.0,0.0
0.00367347,0.0,0.0
0.00387755,0.0,0.0
0.00408163,0.0,0.0
0.00428571,0.0,0.0
0.0044898,0.0,0.0
0.00469388,0.0,0.0
0.00489796,0.0,0.0
0.00510204,0.0,0.0
0.00530612,0.0,0.0
0.0055102,0.0,0.0
0.00571429,0.0,0.0
0.00591837,0.0,0.0
0.00612245,0.0,0.0
0.00632653,0.0,0.0
0.00653061,0.0,0.0
0.00673469,0.0,0.0
0.00693878,0.0,0.0
0.00714286,0.0,0.0
0.00734694,0.0,0.0
0.00755102,0.0,0.0
0.0077551,0.0,0.0
0.00795918,0.0,0.0
0.00816327,0.0,0.0
0.00836735,0.0,0.0
0.00857143,0.0,0.0
0.00877551,0.0,0.0
0.00897959,0.0,0.0
0.00918367,0.0,0.0
0.00938776,0.0,0.0
0.00959184,0.0,0.0
0.00979592,0.0,0.0
0.01,0.0,0.0
0.0118367,0.0,0.0
0.0136735,0.0,0.0
0.0155102,0.0,0.0
0.0173469,0.0,0.0
0.0191837,0.0,0.0
0.0210204,0.0,0.0
0.0228571,0.0,0.0
0.0246939,0.0,0.0
0.0265306,0.0,0.0
0.0283673,0.0,0.0
0.0302041,0.0,0.0
0.0320408,0.0,0.0
0.0338776,0.0,0.0
0.0357143,0.0,0.0
0.037551,0.0,0.0
0.0393878,0.0,0.0
0.0412245,0.0,0.0
0.0430612,0.0,0.0
0.044898,0.0,0.0
0.0467347,0.0,0.0
0.0485714,0.0,0.0
0.0504082,0.0,0.0
0.0522449,0.0,0.0
0.0540816,0.0,0.0
0.0559184,0.0,0.0
0.0577551,0.0,0.0
0.0595918,0.0,0.0
0.0614286,0.0,0.0
0.0632653,0.0,0.0
0.065102,0.0,0.0
0.0669388,0.0,0.0
0.0687755,0.0,0.0
0.0706122,0.0,0.0
0.072449,0.0,0.0
0.0742857,0.0,0.0
0.0761224,0.0,0.0
0.0779592,0.0,0.0
0.0797959,0.0,0.0
0.0816327,0.0,0.0
0.0834694,0.0,0.0
0.0853061,0.0,0.0
0.0871429,0.0,0.0
0.0889796,0.0,0.0
0.0908163,0.0,0.0
0.0926531,0.0,0.0
0.0944898,0.0,0.0
0.0963265,0.0,0.0
0.0981633,0.0,0.0
0.1,0.0,0.0
0.102041,0.0,0.0
0.104082,0.0,0.0
0.106122,0.0,0.0
0.108163,0.0,0.0
0.110204,0.0,0.0
0.112245,0.0,0.0
0.114286,0.0,0.0
0.116327,0.0,0.0
0.118367,0.0,0.0
0.120408,0.0,0.0
0.122449,0.0,0.0
0.12449,0.0,0.0
0.126531,0.0,0.0
0.128571,0.0,0.0
0.130612,0.0,0.0
0.132653,0.0,0.0
0.134694,0.0,0.0
0.136735,0.0,0.0
0.138776,0.0,0.0
0.140816,0.0,0.0
0.142857,0.0,0.0
0.144898,0.0,0.0
0.146939,0.0,0.0
0.14898,0.0,0.0
0.15102,0.0,0.0
0.153061,0.0,0.0
0.155102,0.0,0.0
0.157143,0.0,0.0
0.159184,0.0,0.0
0.161224,0.0,0.0
0.163265,0.0,0.0
0.165306,0.0,0.0
0.167347,0.0,0.0
0.169388,0.0,0.0
0.171429,0.0,0.0
0.173469,0.0,0.0
0.17551,0.0,0.0
0.177551,0.0,0.0
0.179592,0.0,0.0
0.181633,0.0,0.0
0.183673,0.0,0.0
0.185714,0.0,0.0
0.187755,0.0,0.0
0.189796,0.0,0.0
0.191837,0.0,0.0
0.193878,0.0,0.0
0.195918,0.0,0.0
0.197959,0.0,0.0
0.2,0.0,0.0
0.202041,0.0,0.0
0.204082,0.0,0.0
0.206122,0.0,0.0
0.208163,0.0,0.0
0.210204,0.0,0.0
0.212245,9.37978e-20,7.58622e-23
0.214286,9.27399e-17,7.81166e-20
0.216327,1.84431e-15,1.48821e-18
0.218367,1.25076e-14,9.61373e-18
0.220408,5.06352e-14,3.70445e-17
0.222449,1.50901e-13,1.05081e-16
0.22449,3.69206e-13,2.45734e-16
0.226531,7.81221e-13,4.9865e-16
0.228571,1.48915e-12,9.11656e-16
0.230612,2.6153e-12,1.54017e-15
0.232653,4.31035e-12,2.4518e-15
0.234694,6.72758e-12,3.70151e-15
0.236735,1.00722e-11,5.37461e-15
0.238776,1.45261e-11,7.52967e-15
0.240816,2.03203e-11,1.02692e-14
0.242857,2.77126e-11,1.36873e-14
0.244898,3.68876e-11,1.78524e-14
0.246939,4.81341e-11,2.29084e-14
0.24898,6.17883e-11,2.9032e-14
0.25102,7.80503e-11,3.63226e-14
0.253061,9.70939e-11,4.5015e-14
0.255102,1.19365e-10,5.52496e-14
0.257143,1.45105e-10,6.7509e-14
0.259184,1.74602e-10,8.17377e-14
0.261224,2.08291e-10,9.85773e-14
0.263265,2.46079e-10,1.18213e-13
0.265306,2.88979e-10,1.4081e-13
0.267347,3.36061e-10,1.67261e-13
0.269388,3.88785e-10,1.9724e-13
0.271429,4.47644e-10,2.32152e-13
0.273469,5.12089e-10,2.71905e-13
0.27551,5.82541e-10,3.15924e-13
0.277551,6.58689e-10,3.66803e-13
0.279592,7.43087e-10,4.2377e-13
0.281633,8.34417e-10,4.85617e-13
0.283673,9.32267e-10,5.5742e-13
0.285714,1.03874e-09,6.35626e-13
0.287755,1.15298e-09,7.21119e-13
0.289796,1.27557e-09,8.1635e-13
0.291837,1.40862e-09,9.21748e-13
0.293878,1.54868e-09,1.03342e-12
0.295918,1.69956e-09,1.15837e-12
0.297959,1.85963e-09,1.29435e-12
0.3,2.03057e-09,1.43975e-12
0.302041,2.21602e-09,1.59711e-12
0.304082,2.40742e-09,1.76723e-12
0.306122,2.61223e-09,1.95163e-12
0.308163,2.83315e-09,2.15223e-12
0.310204,3.06274e-09,2.35679e-12
0.312245,3.30004e-09,2.58065e-12
0.314286,3.55701e-09,2.82042e-12
0.316327,3.82941e-09,3.0768e-12
0.318367,4.12066e-09,3.34828e-12
0.320408,4.41519e-09,3.63393e-12
0.322449,4.73684e-09,3.94261e-12
0.32449,5.06667e-09,4.2606e-12
0.326531,5.42283e-09,4.60463e-12
0.328571,5.78814e-09,4.94925e-12
0.330612,6.17208e-09,5.32845e-12
0.332653,6.57518e-09,5.73299e-12
0.334694,7.00526e-09,6.14885e-12
0.336735,7.45188e-09,6.58491e-12
0.338776,7.90699e-09,7.02485e-12
0.340816,8.39584e-09,7.51448e-12
0.342857,8.90871e-09,8.01348e-12
0.344898,9.43829e-09,8.53498e-12
0.346939,9.99366e-09,9.07494e-12
0.34898,1.05987e-08,9.64966e-12
0.35102,1.11879e-08,1.02271e-11
0.353061,1.18354e-08,1.08496e-11
0.355102,1.25041e-08,1.14938e-11
0.357143,1.31938e-08,1.21594e-11
0.359184,1.38935e-08,1.28325e-11
0.361224,1.4662e-08,1.35482e-11
0.363265,1.54326e-08,1.42908e-11
0.365306,1.62465e-08,1.50576e-11
0.367347,1.71269e-08,1.58728e-11
0.369388,1.79934e-08,1.66821e-11
0.371429,1.89435e-08,1.75584e-11
0.373469,1.99006e-08,1.8417e-11
0.37551,2.08896e-08,1.93289e-11
0.377551,2.19452e-08,2.03e-11
0.379592,2.29788e-08,2.12168e-11
0.381633,2.41261e-08,2.22442e-11
0.383673,2.5241e-08,2.32322e-11
0.385714,2.65331e-08,2.43591e-11
0.387755,2.77535e-08,2.54077e-11
0.389796,2.90851e-08,2.65681e-11
0.391837,3.03851e-08,2.77077e-11
0.393878,3.18083e-08,2.88993e-11
0.395918,3.32619e-08,3.01408e-11
0.397959,3.47431e-08,3.13662e-11
0.4,3.63101e-08,3.26928e-11
0.402041,3.78729e-08,3.39236e-11
0.404082,3.95387e-08,3.53114e-11
0.406122,4.13571e-08,3.67765e-11
0.408163,4.31495e-08,3.82194e-11
0.410204,4.50015e-08,3.96851e-11
0.412245,4.69224e-08,4.1226e-11
0.414286,4.89305e-08,4.27854e-11
0.416327,5.09366e-08,4.43112e-11
0.418367,5.30839e-08,4.59402e-11
0.420408,5.53604e-08,4.76938e-11
0.422449,5.76166e-08,4.9438e-11
0.42449,5.98821e-08,5.11219e-11
0.426531,6.21508e-08,5.27644e-11
0.428571,6.47987e-08,5.47147e-11
0.430612,6.73628e-08,5.66065e-11
0.432653,7.00071e-08,5.84833e-11
0.434694,7.26974e-08,6.03922e-11
0.436735,7.55177e-08,6.23809e-11
0.438776,7.84653e-08,6.45247e-11
0.440816,8.13923e-08,6.65236e-11
0.442857,8.44817e-08,6.87158e-11
0.444898,8.76176e-08,7.08049e-11
0.446939,9.0956e-08,7.31493e-11
0.44898,9.43832e-08,7.542e-11
0.45102,9.79864e-08,7.78961e-11
0.453061,1.01453e-07,8.01767e-11
0.455102,1.0527e-07,8.27217e-11
0.457143,1.08904e-07,8.50146e-11
0.459184,1.12811e-07,8.75498e-11
0.461224,1.16824e-07,9.02504e-11
0.463265,1.2105e-07,9.28981e-11
0.465306,1.25213e-07,9.55254e-11
0.467347,1.29548e-07,9.82739e-11
0.469388,1.33889e-07,1.0079e-10
0.471429,1.38671e-07,1.03952e-10
0.473469,1.43252e-07,1.0678e-10
0.47551,1.48046e-07,1.0972e-10
0.477551,1.52939e-07,1.126e-10
0.479592,1.58314e-07,1.15911e-10
0.481633,1.63646e-07,1.19044e-10
0.483673,1.68771e-07,1.22186e-10
0.485714,1.7452e-07,1.25452e-10
0.487755,1.8005e-07,1.28701e-10
0.489796,1.8568e-07,1.31975e-10
0.491837,1.9205e-07,1.35626e-10
0.493878,1.979e-07,1.38975e-10
0.495918,2.04017e-07,1.4241e-10
0.497959,2.10533e-07,1.46057e-10
0.5,2.17458e-07,1.50164e-10
0.502041,2.23762e-07,1.53562e-10
0.504082,2.30709e-07,1.57419e-10
0.506122,2.37697e-07,1.61112e-10
0.508163,2.44766e-07,1.65065e-10
0.510204,2.524e-07,1.69248e-10
0.512245,2.59866e-07,1.73318e-10
0.514286,2.67678e-07,1.77468e-10
0.516327,2.75718e-07,1.81862e-10
0.518367,2.83684e-07,1.85897e-10
0.520408,2.91987e-07,1.90412e-10
0.522449,3.00311e-07,1.94749e-10
0.52449,3.08671e-07,1.98966e-10
0.526531,3.17863e-07,2.03804e-10
0.528571,3.26945e-07,2.08534e-10
0.530612,3.35873e-07,2.13349e-10
0.532653,3.45434e-07,2.17915e-10
0.534694,3.54831e-07,2.22737e-10
0.536735,3.64583e-07,2.27635e-10
0.538776,3.7523e-07,2.33024e-10
0.540816,3.84887e-07,2.37733e-10
0.542857,3.95584e-07,2.43218e-10
0.544898,4.06206e-07,2.48429e-10
0.546939,4.16616e-07,2.53286e-10
0.54898,4.28427e-07,2.59444e-10
0.55102,4.39407e-07,2.64378e-10
0.553061,4.51079e-07,2.70142e-10
0.555102,4.63018e-07,2.75895e-10
0.557143,4.754e-07,2.81877e-10
0.559184,4.87453e-07,2.87541e-10
0.561224,4.99759e-07,2.93553e-10
0.563265,5.12467e-07,2.99271e-10
0.565306,5.26034e-07,3.05914e-10
0.567347,5.39042e-07,3.11989e-10
0.569388,5.52254e-07,3.17845e-10
0.571429,5.65591e-07,3.24132e-10
0.573469,5.79988e-07,3.30948e-10
0.57551,5.94519e-07,3.37645e-10
0.577551,6.08839e-07,3.43855e-10
0.579592,6.23687e-07,3.50586e-10
0.581633,6.38686e-07,3.57439e-10
0.583673,6.54087e-07,3.64493e-10
0.585714,6.69551e-07,3.71479e-10
0.587755,6.84971e-07,3.78304e-10
0.589796,7.01591e-07,3.855e-10
0.591837,7.17505e-07,3.92919e-10
0.593878,7.34722e-07,4.00564e-10
0.595918,7.51671e-07,4.07717e-10
0.597959,7.68085e-07,4.14726e-10
0.6,7.86702e-07,4.23203e-10
0.602041,8.04776e-07,4.30986e-10
0.604082,8.23003e-07,4.38914e-10
0.606122,8.41709e-07,4.4707e-10
0.608163,8.59564e-07,4.54268e-10
0.610204,8.79146e-07,4.63173e-10
0.612245,8.97802e-07,4.7095e-10
0.614286,9.18716e-07,4.79976e-10
0.616327,9.37799e-07,4.87764e-10
0.618367,9.59025e-07,4.96897e-10
0.620408,9.80159e-07,5.05653e-10
0.622449,1.00019e-06,5.14052e-10
0.62449,1.02222e-06,5.23141e-10
0.626531,1.04396e-06,5.32333e-10
0.628571,1.06505e-06,5.41073e-10
0.630612,1.08879e-06,5.51185e-10
0.632653,1.11142e-06,5.60179e-10
0.634694,1.13339e-06,5.69303e-10
0.636735,1.15776e-06,5.79474e-10
0.638776,1.18202e-06,5.89053e-10
0.640816,1.20579e-06,5.98782e-10
0.642857,1.23051e-06,6.08653e-10
0.644898,1.25568e-06,6.18748e-10
0.646939,1.28073e-06,6.29001e-10
0.64898,1.30521e-06,6.39061e-10
0.65102,1.33225e-06,6.50129e-10
0.653061,1.3592e-06,6.60368e-10
0.655102,1.38589e-06,6.70964e-10
0.657143,1.4129e-06,6.81727e-10
0.659184,1.44018e-06,6.92108e-10
0.661224,1.4678e-06,7.03405e-10
0.663265,1.49523e-06,7.14241e-10
0.665306,1.52483e-06,7.25563e-10
0.667347,1.55281e-06,7.36466e-10
0.669388,1.58568e-06,7.49833e-10
0.671429,1.61302e-06,7.60129e-10
0.673469,1.64377e-06,7.71794e-10
0.67551,1.67322e-06,7.83397e-10
0.677551,1.70589e-06,7.95884e-10
0.679592,1.73816e-06,8.08573e-10
0.681633,1.77053e-06,8.2087e-10
0.683673,1.80322e-06,8.33796e-10
0.685714,1.83455e-06,8.45023e-10
0.687755,1.86984e-06,8.58716e-10
0.689796,1.90286e-06,8.70868e-10
0.691837,1.93707e-06,8.84097e-10
0.693878,1.97119e-06,8.96907e-10
0.695918,2.0058e-06,9.10256e-10
0.697959,2.04218e-06,9.23997e-10
0.7,2.07758e-06,9.36418e-10
0.702041,2.11362e-06,9.50002e-10
0.704082,2.15064e-06,9.63671e-10
0.706122,2.18816e-06,9.77498e-10
0.708163,2.22647e-06,9.92032e-10
0.710204,2.26523e-06,1.00614e-09
0.712245,2.30285e-06,1.02047e-09
0.714286,2.34257e-06,1.03459e-09
0.716327,2.38039e-06,1.04873e-09
0.718367,2.42118e-06,1.06303e-09
0.720408,2.46193e-06,1.07888e-09
0.722449,2.5034e-06,1.09354e-09
0.72449,2.54512e-06,1.10858e-09
0.726531,2.58712e-06,1.12419e-09
0.728571,2.63117e-06,1.13954e-09
0.730612,2.67349e-06,1.15518e-09
0.732653,2.71784e-06,1.17106e-09
0.734694,2.76038e-06,1.18606e-09
0.736735,2.80781e-06,1.20341e-09
0.738776,2.84917e-06,1.21722e-09
0.740816,2.89569e-06,1.23441e-09
0.742857,2.94395e-06,1.25161e-09
0.744898,2.98896e-06,1.26836e-09
0.746939,3.03747e-06,1.28408e-09
0.74898,3.08245e-06,1.30056e-09
0.75102,3.13112e-06,1.3176e-09
0.753061,3.18091e-06,1.33506e-09
0.755102,3.22671e-06,1.3511e-09
0.757143,3.27683e-06,1.3689e-09
0.759184,3.32817e-06,1.38701e-09
0.761224,3.38005e-06,1.40439e-09
0.763265,3.43143e-06,1.4222e-09
0.765306,3.48451e-06,1.44064e-09
0.767347,3.53811e-06,1.4594e-09
0.769388,3.58921e-06,1.47738e-09
0.771429,3.64263e-06,1.49613e-09
0.773469,3.69953e-06,1.51601e-09
0.77551,3.75188e-06,1.53301e-09
0.777551,3.8083e-06,1.55301e-09
0.779592,3.86538e-06,1.57192e-09
0.781633,3.91896e-06,1.59031e-09
0.783673,3.97825e-06,1.61075e-09
0.785714,4.0368e-06,1.63082e-09
0.787755,4.09228e-06,1.64926e-09
0.789796,4.15364e-06,1.67057e-09
0.791837,4.21164e-06,1.68931e-09
0.793878,4.27273e-06,1.70935e-09
0.795918,4.3332e-06,1.73065e-09
0.797959,4.39493e-06,1.75108e-09
0.8,4.45592e-06,1.77164e-09
0.802041,4.51713e-06,1.79288e-09
0.804082,4.58066e-06,1.81319e-09
0.806122,4.6464e-06,1.8347e-09
0.808163,4.7055e-06,1.85482e-09
0.810204,4.77121e-06,1.87676e-09
0.812245,4.83851e-06,1.89911e-09
0.814286,4.90638e-06,1.92188e-09
0.816327,4.97236e-06,1.94292e-09
0.818367,5.03919e-06,1.96494e-09
0.820408,5.1051e-06,1.98681e-09
0.822449,5.17504e-06,2.00964e-09
0.82449,5.24607e-06,2.03359e-09
0.826531,5.31379e-06,2.05478e-09
0.828571,5.3863e-06,2.07788e-09
0.830612,5.45952e-06,2.1021e-09
0.832653,5.52881e-06,2.12545e-09
0.834694,5.60083e-06,2.14894e-09
0.836735,5.67464e-06,2.17275e-09
0.838776,5.74715e-06,2.19605e-09
0.840816,5.82207e-06,2.22078e-09
0.842857,5.89393e-06,2.24306e-09
0.844898,5.96824e-06,2.26807e-09
0.846939,6.05103e-06,2.29507e-09
0.84898,6.12725e-06,2.31926e-09
0.85102,6.20186e-06,2.34264e-09
0.853061,6.28603e-06,2.36946e-09
0.855102,6.36324e-06,2.39432e-09
0.857143,6.4428e-06,2.41966e-09
0.859184,6.51822e-06,2.44351e-09
0.861224,6.5993e-06,2.46961e-09
0.863265,6.68776e-06,2.49775e-09
0.865306,6.76728e-06,2.52195e-09
0.867347,6.8483e-06,2.54789e-09
0.869388,6.93044e-06,2.5732e-09
0.871429,7.01897e-06,2.60204e-09
0.873469,7.10547e-06,2.62964e-09
0.87551,7.19e-06,2.65586e-09
0.877551,7.27229e-06,2.68198e-09
0.879592,7.36513e-06,2.71021e-09
0.881633,7.44577e-06,2.73674e-09
0.883673,7.53298e-06,2.76362e-09
0.885714,7.63235e-06,2.79403e-09
0.887755,7.71597e-06,2.81984e-09
0.889796,7.81903e-06,2.85329e-09
0.891837,7.90299e-06,2.87888e-09
0.893878,7.99378e-06,2.90708e-09
0.895918,8.08714e-06,2.93573e-09
0.897959,8.18416e-06,2.96481e-09
0.9,8.27637e-06,2.99565e-09
0.902041,8.37009e-06,3.02243e-09
0.904082,8.46412e-06,3.05259e-09
0.906122,8.55954e-06,3.08153e-09
0.908163,8.6662e-06,3.11446e-09
0.910204,8.75626e-06,3.14093e-09
0.912245,8.86055e-06,3.17305e-09
0.914286,8.95397e-06,3.20208e-09
0.916327,9.05367e-06,3.23221e-09
0.918367,9.16427e-06,3.26579e-09
0.920408,9.2674e-06,3.29684e-09
0.922449,9.37094e-06,3.32843e-09
0.92449,9.47305e-06,3.36031e-09
0.926531,9.56823e-06,3.38738e-09
0.928571,9.67481e-06,3.41937e-09
0.930612,9.78373e-06,3.45386e-09
0.932653,9.8939e-06,3.48649e-09
0.934694,1.00007e-05,3.51815e-09
0.936735,1.00995e-05,3.54866e-09
0.938776,1.0214e-05,3.58292e-09
0.940816,1.03295e-05,3.61758e-09
0.942857,1.04394e-05,3.64943e-09
0.944898,1.05489e-05,3.68347e-09
0.946939,1.06609e-05,3.71671e-09
0.94898,1.07732e-05,3.74979e-09
0.95102,1.08932e-05,3.78653e-09
0.953061,1.09985e-05,3.81521e-09
0.955102,1.11136e-05,3.85031e-09
0.957143,1.12279e-05,3.88343e-09
0.959184,1.13465e-05,3.9213e-09
0.961224,1.14684e-05,3.9537e-09
0.963265,1.15854e-05,3.99068e-09
0.965306,1.17028e-05,4.02619e-09
0.967347,1.18255e-05,4.06109e-09
0.969388,1.19435e-05,4.09553e-09
0.971429,1.20698e-05,4.13449e-09
0.973469,1.21892e-05,4.16951e-09
0.97551,1.23199e-05,4.20632e-09
0.977551,1.24364e-05,4.24049e-09
0.979592,1.25582e-05,4.27533e-09
0.981633,1.26924e-05,4.31433e-09
0.983673,1.28247e-05,4.35601e-09
0.985714,1.29452e-05,4.38893e-09
0.987755,1.30706e-05,4.4248e-09
0.989796,1.31986e-05,4.46299e-09
0.991837,1.33345e-05,4.50111e-09
0.993878,1.34596e-05,4.53808e-09
0.995918,1.35964e-05,4.57683e-09
0.997959,1.37318e-05,4.61736e-09
1.0,1.38652e-05,4.6562e-09
1.08163,1.99322e-05,6.36302e-09
1.16327,2.74933e-05,8.39824e-09
1.2449,3.66869e-05,1.07815e-08
1.32653,4.75757e-05,1.35044e-08
1.40816,6.02346e-05,1.65796e-08
1.4898,7.47854e-05,2.00182e-08
1.57143,9.12908e-05,2.38272e-08
1.65306,0.000109698,2.79779e-08
1.73469,0.000130105,3.24809e-08
1.81633,0.00015263,3.73682e-08
1.89796,0.000177109,4.2583e-08
1.97959,0.000203806,4.81715e-08
2.06122,0.000232528,5.41104e-08
2.14286,0.000263256,6.03779e-08
2.22449,0.000296178,6.70153e-08
2.30612,0.000331125,7.39594e-08
2.38776,0.000368423,8.12944e-08
2.46939,0.000407398,8.89124e-08
2.55102,0.000448823,9.69154e-08
2.63265,0.000492246,1.0525e-07
2.71429,0.000537566,1.13867e-07
2.79592,0.000585161,1.2289e-07
2.87755,0.000634452,1.32098e-07
2.95918,0.000686426,1.4178e-07
3.04082,0.000739698,1.51718e-07
3.12245,0.000795382,1.61977e-07
3.20408,0.000852713,1.72519e-07
3.28571,0.000912345,1.83439e-07
3.36735,0.000973974,1.94589e-07
3.44898,0.00103736,2.06125e-07
3.53061,0.00110281,2.17908e-07
3.61224,0.0011696,2.30011e-07
3.69388,0.00123877,2.42371e-07
3.77551,0.00131021,2.55165e-07
3.85714,0.00138289,2.68097e-07
3.93878,0.00145798,2.81478e-07
4.02041,0.00153429,2.9513e-07
4.10204,0.00161251,3.08978e-07
4.18367,0.00169279,3.23264e-07
4.26531,0.00177488,3.37847e-07
4.34694,0.00185817,3.52425e-07
4.42857,0.00194463,3.67762e-07
4.5102,0.00203005,3.82802e-07
4.59184,0.00211962,3.98501e-07
4.67347,0.0022098,4.14393e-07
4.7551,0.00230216,4.30586e-07
4.83673,0.00239471,4.46858e-07
4.91837,0.00249078,4.6383e-07
5.0,0.00258739,4.80692e-07
5.10204,0.00271151,5.0256e-07
5.20408,0.00283768,5.24598e-07
5.30612,0.00296627,5.47027e-07
5.40816,0.00309696,5.69971e-07
5.5102,0.00323016,5.93481e-07
5.61224,0.00336477,6.17164e-07
5.71429,0.00350291,6.41376e-07
5.81633,0.00364497,6.66225e-07
5.91837,0.0037858,6.90881e-07
6.02041,0.00393152,7.16535e-07
6.12245,0.00407758,7.42163e-07
6.22449,0.00422655,7.68448e-07
6.32653,0.00437831,7.95169e-07
6.42857,0.00453387,8.22368e-07
6.53061,0.00468877,8.49327e-07
6.63265,0.00484614,8.77368e-07
6.73469,0.00500572,9.05628e-07
6.83673,0.00516896,9.33991e-07
6.93878,0.00533138,9.63267e-07
7.04082,0.00549731,9.92594e-07
7.14286,0.00566579,1.02231e-06
7.2449,0.00583694,1.05273e-06
7.34694,0.00600782,1.08327e-06
7.44898,0.006181,1.11402e-06
7.55102,0.00635917,1.14549e-06
7.65306,0.00653472,1.17734e-06
7.7551,0.00671739,1.20931e-06
7.85714,0.0068973,1.24165e-06
7.95918,0.00707994,1.27443e-06
8.06122,0.00726516,1.30767e-06
8.16327,0.00745359,1.34145e-06
8.26531,0.00764434,1.37552e-06
8.36735,0.00783457,1.40925e-06
8.46939,0.00802553,1.44432e-06
8.57143,0.00822166,1.47977e-06
8.67347,0.00841443,1.51446e-06
8.77551,0.00861451,1.55025e-06
8.87755,0.00881238,1.58633e-06
8.97959,0.00901536,1.6232e-06
9.08163,0.00921583,1.65946e-06
9.18367,0.00941963,1.69669e-06
9.28571,0.00962842,1.73507e-06
9.38776,0.00983272,1.77208e-06
9.4898,0.0100442,1.81032e-06
9.59184,0.0102541,1.84897e-06
9.69388,0.0104685,1.8886e-06
9.79592,0.0106786,1.92695e-06
9.89796,0.010893,1.96623e-06
10.0,0.0111132,2.00673e-06
10.2041,0.0115516,2.08774e-06
10.4082,0.0119969,2.1696e-06
10.6122,0.0124459,2.25313e-06
10.8163,0.0129039,2.33856e-06
11.0204,0.0133674,2.4254e-06
11.2245,0.0138333,2.51209e-06
11.4286,0.0143066,2.60126e-06
11.6327,0.0147898,2.69173e-06
11.8367,0.0152721,2.78255e-06
12.0408,0.0157617,2.87659e-06
12.2449,0.0162548,2.96951e-06
12.449,0.0167561,3.06463e-06
12.6531,0.0172632,3.16245e-06
12.8571,0.0177757,3.25963e-06
13.0612,0.0182865,3.35828e-06
13.2653,0.0188055,3.45807e-06
13.4694,0.0193362,3.559e-06
13.6735,0.0198655,3.66407e-06
13.8776,0.0204017,3.76644e-06
14.0816,0.0209394,3.87183e-06
14.2857,0.0214814,3.97843e-06
14.4898,0.0220304,4.08439e-06
14.6939,0.0225828,4.19463e-06
14.898,0.0231436,4.3036e-06
15.102,0.023703,4.41533e-06
15.3061,0.0242707,4.52714e-06
15.5102,0.0248388,4.64016e-06
15.7143,0.0254156,4.75503e-06
15.9184,0.0260029,4.87079e-06
16.1224,0.0265837,4.98651e-06
16.3265,0.0271667,5.10398e-06
16.5306,0.0277545,5.22499e-06
16.7347,0.028347,5.34507e-06
16.9388,0.028942,5.46208e-06
17.1429,0.0295577,5.58718e-06
17.3469,0.030151,5.70632e-06
17.551,0.0307603,5.83222e-06
17.7551,0.0313859,5.95638e-06
17.9592,0.0319931,6.0848e-06
18.1633,0.032616,6.21152e-06
18.3673,0.0332537,6.34067e-06
18.5714,0.0338788,6.46935e-06
18.7755,0.034509,6.59937e-06
18.9796,0.0351525,6.73353e-06
19.1837,0.0357932,6.86449e-06
19.3878,0.0364321,6.99953e-06
19.5918,0.0370797,7.1339e-06
19.7959,0.0377401,7.27025e-06
20.0,0.0383785,7.40763e-06
20.4082,0.0397041,7.68193e-06
20.8163,0.0410237,7.95989e-06
21.2245,0.0423625,8.24457e-06
21.6327,0.0437328,8.5346e-06
22.0408,0.0451072,8.82932e-06
22.449,0.0464767,9.12255e-06
22.8571,0.0478572,9.41958e-06
23.2653,0.0492605,9.72371e-06
23.6735,0.0506949,1.00301e-05
24.0816,0.0521224,1.03447e-05
24.4898,0.0535574,1.06559e-05
24.898,0.0550021,1.09726e-05
25.3061,0.056486,1.13e-05
25.7143,0.0579358,1.16195e-05
26.1224,0.0594364,1.19494e-05
26.5306,0.0609202,1.22884e-05
26.9388,0.0624485,1.26257e-05
27.3469,0.0639548,1.29565e-05
27.7551,0.0654558,1.32971e-05
28.1633,0.0670122,1.36463e-05
28.5714,0.0685645,1.39988e-05
28.9796,0.0700944,1.43444e-05
29.3878,0.0716609,1.4695e-05
29.7959,0.0732417,1.50608e-05
30.2041,0.0748256,1.54318e-05
30.6122,0.0764222,1.5788e-05
31.0204,0.0779974,1.61479e-05
31.4286,0.0796104,1.65228e-05
31.8367,0.0812177,1.69087e-05
32.2449,0.0828495,1.72779e-05
32.6531,0.0844766,1.76538e-05
33.0612,0.0861233,1.80449e-05
33.4694,0.087774,1.84243e-05
33.8776,0.0894366,1.88097e-05
34.2857,0.0911059,1.92201e-05
34.6939,0.0927806,1.96046e-05
35.102,0.0944942,2.00149e-05
35.5102,0.0961559,2.03962e-05
35.9184,0.0978917,2.08245e-05
36.3265,0.0995572,2.12277e-05
36.7347,0.101301,2.16315e-05
37.1429,0.102978,2.20344e-05
37.551,0.10474,2.2456e-05
37.9592,0.106505,2.28888e-05
38.3673,0.108237,2.32963e-05
38.7755,0.109985,2.37144e-05
39.1837,0.111767,2.41593e-05
39.5918,0.113538,2.45887e-05
40.0,0.115235,2.50134e-05
40.4082,0.117068,2.54467e-05
40.8163,0.118844,2.58936e-05
41.2245,0.12066,2.63388e-05
41.6327,0.122464,2.67755e-05
42.0408,0.124217,2.72084e-05
42.449,0.126123,2.76857e-05
42.8571,0.12787,2.81103e-05
43.2653,0.129712,2.85778e-05
43.6735,0.13158,2.90315e-05
44.0816,0.133428,2.94945e-05
44.4898,0.13528,2.99648e-05
44.898,0.137063,3.04138e-05
45.3061,0.138969,3.08822e-05
45.7143,0.140818,3.13497e-05
46.1224,0.142651,3.18e-05
46.5306,0.144589,3.23197e-05
46.9388,0.146448,3.27557e-05
47.3469,0.148332,3.32591e-05
47.7551,0.150307,3.3747e-05
48.1633,0.152135,3.41968e-05
48.5714,0.154076,3.47142e-05
48.9796,0.15596,3.5192e-05
49.3878,0.157921,3.56903e-05
49.7959,0.159826,3.617e-05
50.2041,0.161736,3.66525e-05
50.6122,0.163699,3.71629e-05
51.0204,0.165684,3.76868e-05
51.4286,0.167556,3.8164e-05
51.8367,0.169514,3.86677e-05
52.2449,0.171492,3.91812e-05
52.6531,0.173466,3.96864e-05
53.0612,0.175439,4.02036e-05
53.4694,0.177419,4.07227e-05
53.8776,0.179418,4.12538e-05
54.2857,0.181362,4.17293e-05
54.6939,0.183377,4.2265e-05
55.102,0.18546,4.28314e-05
55.5102,0.187282,4.33122e-05
55.9184,0.189267,4.38442e-05
56.3265,0.191417,4.43908e-05
56.7347,0.193388,4.49099e-05
57.1429,0.195427,4.54565e-05
57.551,0.197361,4.59588e-05
57.9592,0.199504,4.65506e-05
58.3673,0.20153,4.70691e-05
58.7755,0.203548,4.75991e-05
59.1837,0.205648,4.81755e-05
59.5918,0.207609,4.86892e-05
60.0,0.20973,4.92252e-05
60.4082,0.211789,4.98017e-05
60.8163,0.213829,5.03399e-05
61.2245,0.215909,5.08725e-05
61.6327,0.218052,5.14918e-05
62.0408,0.220003,5.20355e-05
62.449,0.222038,5.25447e-05
62.8571,0.224202,5.31591e-05
63.2653,0.22628,5.37261e-05
63.6735,0.22839,5.43024e-05
64.0816,0.230534,5.48652e-05
64.4898,0.232708,5.54575e-05
64.898,0.23468,5.59646e-05
65.3061,0.236802,5.65635e-05
65.7143,0.238953,5.71818e-05
66.1224,0.240983,5.77031e-05
66.5306,0.243255,5.83429e-05
66.9388,0.245306,5.88968e-05
67.3469,0.247492,5.94826e-05
67.7551,0.249618,6.00877e-05
68.1633,0.251743,6.06279e-05
68.5714,0.253932,6.12473e-05
68.9796,0.256008,6.18443e-05
69.3878,0.258224,6.24554e-05
69.7959,0.260412,6.30591e-05
70.2041,0.262542,6.36178e-05
70.6122,0.264702,6.4232e-05
71.0204,0.266807,6.48423e-05
71.4286,0.269218,6.55111e-05
71.8367,0.271238,6.6079e-05
72.2449,0.273389,6.665e-05
72.6531,0.275634,6.72902e-05
73.0612,0.277781,6.78626e-05
73.4694,0.279957,6.84699e-05
73.8776,0.28232,6.9148e-05
74.2857,0.284454,6.97405e-05
74.6939,0.286697,7.03869e-05
75.102,0.288886,7.09929e-05
75.5102,0.29119,7.15996e-05
75.9184,0.29333,7.22342e-05
76.3265,0.295375,7.27804e-05
76.7347,0.297676,7.34611e-05
77.1429,0.299994,7.41177e-05
77.551,0.302176,7.4706e-05
77.9592,0.30444,7.53746e-05
78.3673,0.306789,7.60489e-05
78.7755,0.308962,7.66344e-05
79.1837,0.311199,7.73017e-05
79.5918,0.313326,7.78907e-05
80.0,0.315735,7.85727e-05
80.4082,0.317802,7.91609e-05
80.8163,0.320157,7.97995e-05
81.2245,0.322441,8.04952e-05
81.6327,0.32464,8.10984e-05
82.0408,0.326912,8.17458e-05
82.449,0.32922,8.24642e-05
82.8571,0.331564,8.30834e-05
83.2653,0.333971,8.37779e-05
83.6735,0.336222,8.44367e-05
84.0816,0.338562,8.51406e-05
84.4898,0.340592,8.56746e-05
84.898,0.343045,8.64138e-05
85.3061,0.345253,8.70601e-05
85.7143,0.347844,8.77925e-05
86.1224,0.350043,8.84653e-05
86.5306,0.352235,8.90719e-05
86.9388,0.354476,8.96812e-05
87.3469,0.357,9.03934e-05
87.7551,0.359324,9.10763e-05
88.1633,0.361539,9.1752e-05
88.5714,0.363916,9.23972e-05
88.9796,0.366241,9.31144e-05
89.3878,0.368671,9.38341e-05
89.7959,0.370909,9.4459e-05
90.2041,0.373154,9.50992e-05
90.6122,0.375562,9.58871e-05
91.0204,0.378175,9.66134e-05
91.4286,0.380289,9.72574e-05
91.8367,0.382525,9.79354e-05
92.2449,0.384978,9.86008e-05
92.6531,0.387395,9.93245e-05
93.0612,0.389833,9.9965e-05
93.4694,0.392121,0.000100744
93.8776,0.394569,0.000101485
94.2857,0.396968,0.000102199
94.6939,0.399381,0.000102885
95.102,0.40165,0.000103546
95.5102,0.403932,0.000104273
95.9184,0.406409,0.000104996
96.3265,0.408724,0.0001056
96.7347,0.411294,0.000106438
97.1429,0.413489,0.000107033
97.551,0.415972,0.000107797
97.9592,0.418329,0.000108491
98.3673,0.42073,0.000109242
98.7755,0.423098,0.000109885
99.1837,0.425604,0.000110703
99.5918,0.427845,0.000111376
100.0,0.430562,0.000112161
100.816,0.435158,0.000113547
101.633,0.440145,0.000115023
102.449,0.44512,0.000116492
103.265,0.450077,0.000118067
104.082,0.454745,0.000119389
104.898,0.459772,0.000120988
105.714,0.464388,0.000122367
106.531,0.469511,0.000123826
107.347,0.474324,0.000125274
108.163,0.479254,0.000126762
108.98,0.484091,0.000128286
109.796,0.489153,0.000129805
110.612,0.494136,0.000131446
111.429,0.498907,0.000132844
112.245,0.504261,0.000134461
113.061,0.509082,0.000135943
113.878,0.514013,0.000137444
114.694,0.519099,0.000139011
115.51,0.5244,0.000140574
116.327,0.529156,0.000142049
117.143,0.534439,0.000143736
117.959,0.539105,0.000145059
118.776,0.544534,0.000146802
119.592,0.549574,0.000148419
120.408,0.554775,0.000150105
121.224,0.559377,0.000151449
122.041,0.565008,0.000153266
122.857,0.569845,0.000154725
123.673,0.575392,0.00015654
124.49,0.580313,0.000158072
125.306,0.585424,0.000159737
126.122,0.590384,0.000161178
126.939,0.59577,0.000162887
127.755,0.600633,0.000164452
128.571,0.60579,0.000165895
129.388,0.611124,0.000167761
130.204,0.616309,0.00016938
131.02,0.621968,0.000171136
131.837,0.626757,0.000172709
132.653,0.63214,0.000174372
133.469,0.637294,0.000176038
134.286,0.642144,0.000177485
135.102,0.647453,0.000179159
135.918,0.653242,0.000181036
136.735,0.658557,0.000182616
137.551,0.663632,0.000184263
138.367,0.668913,0.00018613
139.184,0.674304,0.00018785
140.0,0.679262,0.00018934
140.816,0.684738,0.000191093
141.633,0.690182,0.000192778
142.449,0.695489,0.000194566
143.265,0.701059,0.000196327
144.082,0.706127,0.000198082
144.898,0.711338,0.000199695
145.714,0.71677,0.000201578
146.531,0.722425,0.000203296
147.347,0.727835,0.000204966
148.163,0.733018,0.000206812
148.98,0.738235,0.000208288
149.796,0.743746,0.000210269
150.612,0.749091,0.000212017
151.429,0.754553,0.000213686
152.245,0.760395,0.00021547
153.061,0.765609,0.000217389
153.878,0.770783,0.000219014
154.694,0.776396,0.000220918
155.51,0.782052,0.000222763
156.327,0.78731,0.000224485
157.143,0.792723,0.000226087
157.959,0.79838,0.000228172
158.776,0.803958,0.000229965
159.592,0.809083,0.000231466
160.408,0.814899,0.000233589
161.224,0.820462,0.000235299
162.041,0.825777,0.000237038
162.857,0.831454,0.000239
163.673,0.837084,0.000240753
164.49,0.842382,0.000242454
165.306,0.848055,0.000244384
166.122,0.853428,0.000246155
166.939,0.859103,0.000248326
167.755,0.86473,0.000250103
168.571,0.870445,0.000251868
169.388,0.875844,0.000253872
170.204,0.881334,0.000255654
171.02,0.886867,0.000257426
171.837,0.892136,0.000259261
172.653,0.897985,0.000260938
173.469,0.903922,0.000263046
174.286,0.908988,0.000264565
175.102,0.914803,0.000266621
175.918,0.920404,0.000268562
176.735,0.925915,0.000270513
177.551,0.931666,0.000272362
178.367,0.937313,0.000274278
179.184,0.942935,0.000276245
180.0,0.949022,0.000278628
180.816,0.955184,0.000280217
181.633,0.960702,0.000282342
182.449,0.965953,0.000284094
183.265,0.97151,0.000285966
184.082,0.97676,0.00028766
184.898,0.983041,0.00028984
185.714,0.988313,0.000291389
186.531,0.994552,0.00029363
187.347,1.00042,0.000295905
188.163,1.00582,0.000297463
188.98,1.01177,0.000299699
189.796,1.01721,0.000301349
190.612,1.02325,0.000303669
191.429,1.02892,0.000305412
192.245,1.03457,0.000307385
193.061,1.04016,0.000309178
193.878,1.04596,0.000311236
194.694,1.05132,0.000313142
195.51,1.05823,0.000315351
196.327,1.06357,0.000317319
197.143,1.06907,0.00031912
197.959,1.07543,0.00032142
198.776,1.08084,0.000323101
199.592,1.0865,0.000325355
200.408,1.09274,0.000327336
201.224,1.09853,0.000329436
202.041,1.10441,0.000331411
202.857,1.11005,0.000333153
203.673,1.11536,0.000334965
204.49,1.12219,0.000337452
205.306,1.12758,0.000339204
206.122,1.1337,0.000341737
206.939,1.13951,0.000343708
207.755,1.14512,0.000345844
208.571,1.15099,0.000347377
209.388,1.15656,0.000349604
210.204,1.16277,0.000351661
211.02,1.16806,0.000353683
211.837,1.17555,0.000356175
212.653,1.18099,0.000358316
213.469,1.1858,0.000359966
214.286,1.19179,0.0003618
215.102,1.19857,0.000364542
215.918,1.20422,0.00036621
216.735,1.21008,0.000368074
217.551,1.21652,0.000370336
218.367,1.2225,0.000372809
219.184,1.22727,0.000374101
220.0,1.23414,0.000376703
221.633,1.24561,0.000380336
223.265,1.25826,0.000385545
224.898,1.2702,0.000389587
226.531,1.28159,0.000393369
228.163,1.29341,0.000397828
229.796,1.30634,0.000402176
231.429,1.31823,0.00040646
233.061,1.33023,0.000410288
234.694,1.34196,0.000414916
236.327,1.35382,0.000419064
237.959,1.36822,0.000424431
239.592,1.37755,0.000427375
241.224,1.39089,0.000432701
242.857,1.40346,0.000436896
244.49,1.41475,0.000441
246.122,1.42712,0.000445029
247.755,1.4398,0.000449688
249.388,1.45231,0.000454358
251.02,1.46481,0.000458869
252.653,1.47661,0.000463606
254.286,1.48839,0.00046734
255.918,1.50109,0.000471936
257.551,1.51344,0.000476438
259.184,1.52552,0.000480621
260.816,1.53828,0.000485537
262.449,1.55029,0.000490003
264.082,1.5634,0.000495052
265.714,1.57545,0.000498565
267.347,1.58768,0.000503224
268.98,1.60012,0.000508189
270.612,1.61264,0.000512684
272.245,1.62485,0.000516517
273.878,1.63763,0.000521806
275.51,1.65065,0.000526836
277.143,1.66148,0.000530102
278.776,1.67621,0.000535893
280.408,1.68775,0.00053977
282.041,1.70146,0.000545591
283.673,1.71314,0.000549264
285.306,1.72602,0.000554054
286.939,1.73947,0.000558684
288.571,1.7518,0.000563876
290.204,1.76432,0.000567896
291.837,1.77749,0.000573469
293.469,1.78976,0.000577796
295.102,1.80311,0.000583019
296.735,1.81513,0.000587538
298.367,1.82898,0.000593025
300.0,1.8407,0.000596953
301.633,1.85364,0.00060229
303.265,1.86686,0.000607054
304.898,1.87944,0.000611431
306.531,1.8925,0.000616834
308.163,1.90561,0.000621141
309.796,1.91773,0.000625091
311.429,1.92982,0.000630482
313.061,1.94331,0.00063554
314.694,1.95649,0.000640313
316.327,1.97042,0.000645807
317.959,1.98412,0.000650283
319.592,1.99629,0.000655818
321.224,2.00866,0.000660684
322.857,2.02192,0.000665185
324.49,2.03416,0.000669384
326.122,2.04867,0.000675931
327.755,2.06155,0.00067968
329.388,2.07434,0.000684888
331.02,2.08677,0.000690243
332.653,2.09997,0.00069543
334.286,2.11267,0.000699593
335.918,2.12656,0.000704281
337.551,2.13968,0.000710184
339.184,2.15278,0.000714719
340.816,2.16633,0.000720362
342.449,2.18042,0.000725794
344.082,2.19218,0.000730056
345.714,2.20538,0.000735783
347.347,2.2192,0.000740264
348.98,2.2322,0.000745519
350.612,2.24641,0.000750362
352.245,2.25728,0.000754381
353.878,2.27358,0.000762038
355.51,2.28597,0.000766363
357.143,2.2991,0.000772045
358.776,2.31222,0.000775876
360.408,2.32671,0.000781857
362.041,2.33893,0.000787337
363.673,2.35179,0.000791317
365.306,2.36502,0.000795928
366.939,2.3784,0.000801062
368.571,2.39251,0.000808204
370.204,2.406,0.000812705
371.837,2.4203,0.000818593
373.469,2.4309,0.000822461
375.102,2.44446,0.000827999
376.735,2.45926,0.000832401
378.367,2.47198,0.000837874
380.0,2.4877,0.000845612
382.449,2.50584,0.000851601
384.898,2.52732,0.000860199
387.347,2.54686,0.00086774
389.796,2.56733,0.0008745
392.245,2.58886,0.000883911
394.694,2.60631,0.00089049
397.143,2.62937,0.000899998
399.592,2.64875,0.000908139
402.041,2.67006,0.000916079
404.49,2.69104,0.00092484
406.939,2.71311,0.000933305
409.388,2.73227,0.000939962
411.837,2.75139,0.000947977
414.286,2.77149,0.00095581
416.735,2.79186,0.000962613
419.184,2.81317,0.000973054
421.633,2.83367,0.000980851
424.082,2.85352,0.000988142
426.531,2.87502,0.000996962
428.98,2.89744,0.00100663
431.429,2.9171,0.00101422
433.878,2.93914,0.00102349
436.327,2.95792,0.00103119
438.776,2.97914,0.00103821
441.224,3.00068,0.00104806
443.673,3.02077,0.00105563
446.122,3.04378,0.00106607
448.571,3.06389,0.00107193
451.02,3.08583,0.00108263
453.469,3.10478,0.00108987
455.918,3.12698,0.00109809
458.367,3.14772,0.00110698
460.816,3.16776,0.00111493
463.265,3.18893,0.00112298
465.714,3.21122,0.00113199
468.163,3.23127,0.00114101
470.612,3.25266,0.00114767
473.061,3.27517,0.00115704
475.51,3.29558,0.00116608
477.959,3.31864,0.00117596
480.408,3.33854,0.00118569
482.857,3.35843,0.00119299
485.306,3.38008,0.001203
487.755,3.40182,0.0012091
490.204,3.42605,0.0012199
492.653,3.44532,0.00122816
495.102,3.46541,0.00123766
497.551,3.48776,0.00124552
500.0,3.50814,0.00125147
502.449,3.52914,0.00126231
504.898,3.55196,0.00127154
507.347,3.57551,0.00128358
509.796,3.59461,0.00128889
512.245,3.61722,0.00129839
514.694,3.63774,0.00130505
517.143,3.66129,0.00131869
519.592,3.68426,0.0013276
522.041,3.70253,0.00133495
524.49,3.72295,0.00134095
526.939,3.74557,0.00135038
529.388,3.7683,0.00136178
531.837,3.78713,0.00136994
534.286,3.812,0.00138045
536.735,3.83317,0.00138809
539.184,3.85513,0.00139588
541.633,3.87653,0.00140512
544.082,3.89685,0.00141506
546.531,3.92038,0.00142528
548.98,3.94448,0.00143438
551.429,3.9646,0.00144137
553.878,3.98793,0.00145172
556.327,4.01104,0.00146429
558.776,4.02674,0.00146903
561.224,4.05323,0.00147952
563.673,4.07408,0.00148971
566.122,4.09351,0.00149556
568.571,4.11918,0.00150711
571.02,4.14194,0.00151629
573.469,4.16222,0.00152411
575.918,4.18325,0.00153529
578.367,4.20516,0.00154344
580.816,4.22688,0.00155252
583.265,4.24989,0.00156113
585.714,4.27207,0.00157103
588.163,4.2942,0.00158173
590.612,4.3165,0.00159215
593.061,4.33952,0.0016011
595.51,4.36109,0.0016102
597.959,4.38602,0.0016196
600.408,4.40527,0.00162888
602.857,4.429,0.00163671
605.306,4.45017,0.00164867
607.755,4.4706,0.00165574
610.204,4.49525,0.00166831
612.653,4.51794,0.00167989
615.102,4.54017,0.00168704
617.551,4.56398,0.00169812
620.0,4.58576,0.0017061
622.449,4.6068,0.00171594
624.898,4.63128,0.00172566
627.347,4.65371,0.00173648
629.796,4.67267,0.00174337
632.245,4.69641,0.00175222
634.694,4.71385,0.00175792
637.143,4.74212,0.0017732
639.592,4.7649,0.0017842
642.041,4.78709,0.00179215
644.49,4.80873,0.00180135
646.939,4.83243,0.00181073
649.388,4.85588,0.00182434
651.837,4.8776,0.00182946
654.286,4.89987,0.00184432
656.735,4.92146,0.00184806
659.184,4.94416,0.00186054
661.633,4.96867,0.00187182
664.082,4.98657,0.00187993
666.531,5.01321,0.00188923
668.98,5.03654,0.00189941
671.429,5.06083,0.00190914
673.878,5.08163,0.00191981
676.327,5.10579,0.00193174
678.776,5.12841,0.00193818
681.224,5.14942,0.00195128
683.673,5.17067,0.00195557
686.122,5.19511,0.00196843
688.571,5.21788,0.00197906
691.02,5.24262,0.00199113
693.469,5.26677,0.00199999
695.918,5.28865,0.00201031
698.367,5.31043,0.002021
700.816,5.33427,0.00203144
703.265,5.36014,0.002045
705.714,5.3781,0.00204845
708.163,5.40127,0.00205707
710.612,5.42714,0.00207197
713.061,5.44954,0.00208143
715.51,5.46957,0.00208608
717.959,5.49565,0.00209744
720.408,5.51818,0.00211172
722.857,5.54196,0.00211792
725.306,5.56736,0.00213293
727.755,5.58497,0.00213572
730.204,5.61062,0.00215193
732.653,5.63348,0.00216107
735.102,5.65998,0.00217473
737.551,5.68077,0.00218136
740.0,5.7012,0.00218576
743.265,5.73266,0.00220359
746.531,5.76411,0.00222119
749.796,5.79421,0.0022305
753.061,5.82709,0.0022481
756.327,5.85906,0.0022615
759.592,5.88999,0.00227591
762.857,5.91832,0.00228516
766.122,5.95011,0.00230085
769.388,5.98379,0.00231618
772.653,6.01004,0.00232496
775.918,6.03908,0.00234316
779.184,6.07348,0.00235526
782.449,6.11061,0.00237418
785.714,6.14086,0.0023889
788.98,6.16788,0.00239464
792.245,6.2025,0.00241514
795.51,6.23534,0.00242729
798.776,6.26153,0.0024367
802.041,6.29592,0.0024535
805.306,6.32272,0.00246708
808.571,6.35492,0.00248374
811.837,6.38413,0.00249136
815.102,6.41829,0.00250983
818.367,6.4492,0.00252248
821.633,6.49006,0.00254349
824.898,6.51511,0.00255502
828.163,6.54519,0.00256887
831.429,6.57126,0.00257582
834.694,6.60949,0.0025949
837.959,6.64147,0.00260776
841.224,6.6708,0.00261856
844.49,6.7051,0.00263998
847.755,6.74169,0.00265651
851.02,6.76965,0.00266801
854.286,6.80054,0.00267933
857.551,6.82788,0.00269616
860.816,6.86961,0.00271552
864.082,6.89647,0.00272616
867.347,6.92815,0.00274125
870.612,6.95816,0.00275562
873.878,6.99164,0.00277352
877.143,7.02167,0.00277964
880.408,7.05723,0.00279443
883.673,7.08669,0.00280897
886.939,7.11621,0.0028222
890.204,7.1516,0.00283767
893.469,7.17937,0.00285058
896.735,7.21028,0.00286828
900.0,7.25095,0.00289269
903.265,7.28376,0.00290064
906.531,7.31188,0.00291651
909.796,7.34315,0.00292276
913.061,7.381,0.00294807
916.327,7.40775,0.00295601
919.592,7.44435,0.00297514
922.857,7.46793,0.00298269
926.122,7.50676,0.00300793
929.388,7.53767,0.00301007
932.653,7.56964,0.00302765
935.918,7.59867,0.00304252
939.184,7.63346,0.00306192
942.449,7.66148,0.00306967
945.714,7.69753,0.00309291
948.98,7.73192,0.0031068
952.245,7.76382,0.00312652
955.51,7.79751,0.00314078
958.776,7.83089,0.00315999
962.041,7.86481,0.00317345
965.306,7.89069,0.00317962
968.571,7.92107,0.0031848
971.837,7.95596,0.00320645
975.102,7.98933,0.0032245
978.367,8.02809,0.00324186
981.633,8.0521,0.00325237
984.898,8.08384,0.00326959
988.163,8.12362,0.00329355
991.429,8.15426,0.0033026
994.694,8.18879,0.00331243
997.959,8.21743,0.00333274
1001.22,8.25544,0.00335175
1004.49,8.28792,0.00336805
1007.76,8.3144,0.00337185
1011.02,8.34847,0.00339519
1014.29,8.38144,0.00340506
1017.55,8.41887,0.00342442
1020.82,8.4472,0.0034346
1024.08,8.48543,0.00345777
1027.35,8.51078,0.00346535
1030.61,8.54062,0.00347657
1033.88,8.57756,0.00349405
1037.14,8.60963,0.00351109
1040.41,8.64967,0.00353479
1043.67,8.68836,0.0035508
1046.94,8.71571,0.00356389
1050.2,8.74209,0.00357666
1053.47,8.77848,0.00358889
1056.73,8.8137,0.00360281
1060.0,8.83317,0.00361448
1064.9,8.89327,0.00364025
1069.8,8.94406,0.00367535
1074.69,8.99786,0.0036995
1079.59,9.03852,0.00372083
1084.49,9.0932,0.00373438
1089.39,9.1457,0.00377114
1094.29,9.1868,0.00377511
1099.18,9.23381,0.00379846
1104.08,9.29081,0.0038428
1108.98,9.34026,0.00385632
1113.88,9.3908,0.00388101
1118.78,9.44075,0.0039034
1123.67,9.48823,0.00393066
1128.57,9.54191,0.00395138
1133.47,9.58977,0.00396876
1138.37,9.63943,0.0039929
1143.27,9.6886,0.00402329
1148.16,9.748,0.00405441
1153.06,9.78663,0.00405694
1157.96,9.84247,0.00410434
1162.86,9.89381,0.00411145
1167.76,9.94933,0.00415115
1172.65,9.99696,0.00415949
1177.55,10.0422,0.00418839
1182.45,10.0985,0.00421001
1187.35,10.144,0.00423365
1192.24,10.1959,0.00426118
1197.14,10.2393,0.00428451
1202.04,10.2987,0.00431634
1206.94,10.3483,0.0043321
1211.84,10.3961,0.00436659
1216.73,10.4514,0.00439102
1221.63,10.4954,0.00440824
1226.53,10.5533,0.00443571
1231.43,10.5955,0.00444372
1236.33,10.659,0.00448577
1241.22,10.6958,0.00450497
1246.12,10.7599,0.00453169
1251.02,10.806,0.00456241
1255.92,10.8569,0.00458791
1260.82,10.9106,0.00461732
1265.71,10.9574,0.00462943
1270.61,11.0149,0.00465433
1275.51,11.064,0.00468307
1280.41,11.1113,0.00471162
1285.31,11.1687,0.00473886
1290.2,11.2199,0.00475276
1295.1,11.2714,0.00477889
1300.0,11.3113,0.00479586
1304.9,11.377,0.00483421
1309.8,11.4222,0.00485305
1314.69,11.4726,0.0048872
1319.59,11.5161,0.00488948
1324.49,11.5827,0.00494213
1329.39,11.6298,0.00495466
1334.29,11.6882,0.00500052
1339.18,11.7387,0.00501113
1344.08,11.7802,0.00502492
1348.98,11.8349,0.00504884
1353.88,11.8884,0.0050784
1358.78,11.9454,0.00511075
1363.67,11.9841,0.00512036
1368.57,12.0452,0.00517105
1373.47,12.0873,0.00517178
1378.37,12.1427,0.00519988
1383.27,12.1944,0.00522938
1388.16,12.2537,0.0052598
1393.06,12.2949,0.00527264
1397.96,12.359,0.0053212
1402.86,12.4082,0.00533582
1407.76,12.4553,0.00536595
1412.65,12.5095,0.0053937
1417.55,12.5525,0.0053981
1422.45,12.6191,0.00545192
1427.35,12.6664,0.00546903
1432.24,12.7095,0.00549754
1437.14,12.772,0.00552323
1442.04,12.8215,0.00555342
1446.94,12.8684,0.00557325
1451.84,12.9286,0.00560223
1456.73,12.9717,0.00561024
1461.63,13.031,0.00564237
1466.53,13.0822,0.00566153
1471.43,13.1384,0.00570997
1476.33,13.192,0.0057334
1481.22,13.2416,0.00574618
1486.12,13.2867,0.00575902
1491.02,13.3592,0.00582208
1495.92,13.4039,0.00582177
1500.82,13.4516,0.00586529
1505.71,13.5044,0.00587449
1510.61,13.5448,0.00589907
1515.51,13.6181,0.00593923
1520.41,13.6703,0.00597173
1525.31,13.7184,0.0059992
1530.2,13.767,0.006008
1535.1,13.8197,0.00603712
1540.0,13.8796,0.00606466
1547.35,13.9566,0.00610684
1554.69,14.0352,0.0061609
1562.04,14.1185,0.00619693
1569.39,14.1988,0.00623366
1576.73,14.2594,0.00625955
1584.08,14.357,0.00631516
1591.43,14.4334,0.00633076
1598.78,14.5103,0.00637185
1606.12,14.5966,0.00643011
1613.47,14.6664,0.00646579
1620.82,14.7603,0.00652567
1628.16,14.8392,0.00654393
1635.51,14.9133,0.00659745
1642.86,14.9896,0.00661356
1650.2,15.0709,0.00667191
1657.55,15.1503,0.00669781
1664.9,15.2346,0.00673805
1672.24,15.3122,0.00677022
1679.59,15.3952,0.00683615
1686.94,15.4751,0.00687394
1694.29,15.5619,0.00692584
1701.63,15.6337,0.00694573
1708.98,15.7252,0.00701301
1716.33,15.8056,0.00703582
1723.67,15.8719,0.0070787
1731.02,15.9554,0.00711319
1738.37,16.0344,0.00715404
1745.71,16.1191,0.00719695
1753.06,16.1876,0.0072194
1760.41,16.2978,0.00729157
1767.76,16.3756,0.00735916
1775.1,16.4634,0.00737243
1782.45,16.5286,0.00739181
1789.8,16.6153,0.00746275
1797.14,16.6778,0.00747719
1804.49,16.7687,0.00751206
1811.84,16.8387,0.00756523
1819.18,16.9498,0.00763129
1826.53,17.0211,0.00767184
1833.88,17.0915,0.00769929
1841.22,17.1826,0.00773462
1848.57,17.2751,0.00778989
1855.92,17.3521,0.00784257
1863.27,17.431,0.00789397
1870.61,17.4997,0.00789797
1877.96,17.5891,0.00796858
1885.31,17.6814,0.00801116
1892.65,17.7408,0.00799733
1900.0,17.8394,0.00808305
1907.35,17.9219,0.00812453
1914.69,17.9969,0.00816057
1922.04,18.0825,0.00818506
1929.39,18.1865,0.00828741
1936.73,18.2503,0.00831225
1944.08,18.3342,0.0083359
1951.43,18.4096,0.0083953
1958.78,18.4875,0.00840978
1966.12,18.5861,0.0084885
1973.47,18.6466,0.0084708
1980.82,18.7477,0.00858832
1988.16,18.8192,0.00857167
1995.51,18.8959,0.00862068
2002.86,18.9901,0.00867564
2010.2,19.0907,0.00873305
2017.55,19.1532,0.00877213
2024.9,19.2549,0.00883175
2032.24,19.3338,0.00886353
2039.59,19.4017,0.00890205
2046.94,19.5008,0.00893737
2054.29,19.5924,0.00901239
2061.63,19.6718,0.0090269
2068.98,19.7391,0.00905812
2076.33,19.8277,0.00909336
2083.67,19.9156,0.0091762
2091.02,19.9751,0.00913734
2098.37,20.0856,0.00921335
2105.71,20.1646,0.00928931
2113.06,20.2412,0.00933464
2120.41,20.3209,0.00939503
2127.76,20.4064,0.00943092
2135.1,20.4895,0.00944133
2142.45,20.5808,0.00949219
2149.8,20.6681,0.00957264
2157.14,20.7404,0.00957467
2164.49,20.8304,0.00965161
2171.84,20.9037,0.00968639
2179.18,21.0036,0.0097423
2186.53,21.0658,0.00973406
2193.88,21.1547,0.00978657
2201.22,21.2568,0.00986223
2208.57,21.3224,0.00988576
2215.92,21.431,0.00999864
2223.27,21.4992,0.0099699
2230.61,21.5772,0.0100284
2237.96,21.6881,0.0101092
2245.31,21.7538,0.0101424
2252.65,21.8403,0.0101949
2260.0,21.9231,0.0102431
2271.02,22.064,0.0103174
2282.04,22.1733,0.0103718
2293.06,22.3032,0.0104482
2304.08,22.4465,0.0104951
2315.1,22.5562,0.0105628
2326.12,22.6935,0.0106508
2337.14,22.8211,0.0106991
2348.16,22.9328,0.0107336
2359.18,23.0472,0.0107767
2370.2,23.2015,0.0109511
2381.22,23.3322,0.0109902
2392.24,23.4502,0.0110339
2403.27,23.5978,0.0111551
2414.29,23.7072,0.0111628
2425.31,23.849,0.0112395
2436.33,23.9728,0.0112974
2447.35,24.0981,0.0113794
2458.37,24.2292,0.0114768
2469.39,24.336,0.0114949
2480.41,24.4704,0.011594
2491.43,24.6133,0.0116215
2502.45,24.7334,0.011754
2513.47,24.8718,0.0118153
2524.49,25.0079,0.0118611
2535.51,25.1426,0.0119012
2546.53,25.2608,0.0120024
2557.55,25.3935,0.0121247
2568.57,25.5226,0.0121581
2579.59,25.634,0.012169
2590.61,25.7708,0.0122694
2601.63,25.8985,0.0123148
2612.65,26.0557,0.0124589
2623.67,26.1469,0.0125012
2634.69,26.3083,0.0125797
2645.71,26.4226,0.0126718
2656.73,26.5712,0.0127835
2667.76,26.674,0.0127969
2678.78,26.8355,0.0128944
2689.8,26.9339,0.0128961
2700.82,27.058,0.0130046
2711.84,27.2108,0.0130755
2722.86,27.3388,0.0131268
2733.88,27.4857,0.0131802
2744.9,27.5987,0.0132993
2755.92,27.7145,0.013349
2766.94,27.8749,0.0134535
2777.96,27.9912,0.0135088
2788.98,28.099,0.0135468
2800.0,28.2531,0.01368
2814.29,28.3895,0.0136824
2828.57,28.6101,0.0138705
2842.86,28.7469,0.0139177
2857.14,28.9187,0.0139738
2871.43,29.0916,0.0140832
2885.71,29.2577,0.0141714
2900.0,29.4597,0.0142644
2914.29,29.6065,0.0143583
2928.57,29.7987,0.0144938
2942.86,29.959,0.0145567
2957.14,30.1308,0.0146667
2971.43,30.3152,0.0148827
2985.71,30.4583,0.0148296
3000.0,30.6444,0.0149157
3014.29,30.8287,0.0151023
3028.57,30.9855,0.0151706
3042.86,31.1844,0.0152318
3057.14,31.334,0.0153272
3071.43,31.5122,0.0154474
3085.71,31.7011,0.0155322
3100.0,31.8267,0.0156077
3114.29,32.0209,0.0157505
3128.57,32.1966,0.0158247
3142.86,32.3854,0.0159625
3157.14,32.5371,0.0160064
3171.43,32.7133,0.016098
3185.71,32.8814,0.016193
3200.0,33.0508,0.0163228
3214.29,33.2484,0.0164481
3228.57,33.4042,0.0164591
3242.86,33.5894,0.0166482
3257.14,33.7538,0.0167658
3271.43,33.9675,0.016879
3285.71,34.103,0.0169165
3300.0,34.2679,0.0169617
3314.29,34.4546,0.0170928
3328.57,34.622,0.0171964
3342.86,34.8155,0.0172728
3357.14,34.971,0.0173613
3371.43,35.1647,0.0175269
3385.71,35.3379,0.0176266
3400.0,35.5533,0.01779
3414.29,35.6846,0.0178878
3428.57,35.8456,0.0178031
3442.86,36.0454,0.0180032
3457.14,36.2164,0.0180472
3471.43,36.403,0.0181505
3485.71,36.5886,0.0183563
3500.0,36.7343,0.0183197
3520.41,37.0158,0.0185528
3540.82,37.2391,0.0186543
3561.22,37.4799,0.0187129
3581.63,37.7482,0.0189586
3602.04,38.0035,0.0190892
3622.45,38.2476,0.0192516
3642.86,38.5017,0.0193774
3663.27,38.7451,0.0194443
3683.67,39.0487,0.0197443
3704.08,39.2918,0.0200651
3724.49,39.5441,0.0200649
3744.9,39.7431,0.0200548
3765.31,40.0366,0.0203755
3785.71,40.2442,0.0203834
3806.12,40.515,0.0205474
3826.53,40.7996,0.0206803
3846.94,41.0827,0.0209301
3867.35,41.3228,0.0210471
3887.76,41.5588,0.0211573
3908.16,41.7745,0.0213137
3928.57,42.0908,0.0214988
3948.98,42.3355,0.0216838
3969.39,42.5972,0.0217224
3989.8,42.8295,0.0218676
4010.2,43.0924,0.022053
4030.61,43.3527,0.022202
4051.02,43.6172,0.0223838
4071.43,43.8407,0.0224226
4091.84,44.116,0.0226327
4112.24,44.3852,0.0228731
4132.65,44.6152,0.0228793
4153.06,44.8712,0.022989
4173.47,45.1238,0.023283
4193.88,45.382,0.0234474
4214.29,45.6643,0.0235867
4234.69,45.9234,0.0238492
4255.1,46.1561,0.0237722
4275.51,46.4376,0.0240734
4295.92,46.6944,0.0241282
4316.33,46.9511,0.024248
4336.73,47.2328,0.0246021
4357.14,47.484,0.024768
4377.55,47.7175,0.0247188
4397.96,47.929,0.0248602
4418.37,48.2278,0.0249948
4438.78,48.5172,0.0250453
4459.18,48.7686,0.0253437
4479.59,49.035,0.0255431
4500.0,49.3421,0.0259466
4530.61,49.6689,0.026001
4561.22,50.0801,0.0262391
4591.84,50.5409,0.0265522
4622.45,50.8508,0.0264933
4653.06,51.2525,0.0268794
4683.67,51.661,0.0271441
4714.29,52.0606,0.0272809
4744.9,52.4465,0.0275594
4775.51,52.8651,0.0280057
4806.12,53.2484,0.0281653
4836.73,53.663,0.0282558
4867.35,53.9721,0.0284131
4897.96,54.4384,0.028766
4928.57,54.8897,0.028997
4959.18,55.1893,0.0291649
4989.8,55.6124,0.0296204
5020.41,56.0342,0.0295326
5051.02,56.3771,0.0298864
5081.63,56.7863,0.030215
5112.24,57.1683,0.030286
5142.86,57.5845,0.0304992
5173.47,57.9936,0.0308873
5204.08,58.4351,0.0311434
5234.69,58.8229,0.0314281
5265.31,59.1332,0.0313532
5295.92,59.5893,0.0318576
5326.53,60.0048,0.0320839
5357.14,60.4029,0.0322904
5387.76,60.8319,0.032623
5418.37,61.1995,0.0328159
5448.98,61.6404,0.0331046
5479.59,61.935,0.0330078
5510.2,62.3859,0.0335323
5540.82,62.8039,0.0337972
5571.43,63.2848,0.0342985
5602.04,63.5776,0.0344176
5632.65,64.0621,0.0345329
5663.27,64.4385,0.0348486
5693.88,64.8118,0.0351179
5724.49,65.2224,0.0352765
5755.1,65.559,0.0352495
5785.71,66.0107,0.0358583
5816.33,66.4565,0.0359574
5846.94,66.8588,0.0361785
5877.55,67.2919,0.036461
5908.16,67.6959,0.036805
5938.78,68.0724,0.0370926
5969.39,68.4693,0.0372249
6000.0,68.8638,0.0373755
6040.82,69.4432,0.0379542
6081.63,70.0034,0.0382035
6122.45,70.5867,0.0385018
6163.27,71.0239,0.038644
6204.08,71.598,0.0391048
6244.9,72.2146,0.0395854
6285.71,72.7054,0.0397909
6326.53,73.2236,0.0399968
6367.35,73.8156,0.0405559
6408.16,74.3526,0.0409055
6448.98,74.9688,0.041298
6489.8,75.4921,0.0417424
6530.61,76.0222,0.042035
6571.43,76.5922,0.0423673
6612.24,77.1644,0.0428153
6653.06,77.6153,0.0428027
6693.88,78.1904,0.0435679
6734.69,78.7852,0.0438274
6775.51,79.3104,0.0440117
6816.33,79.8711,0.044647
6857.14,80.4043,0.044685
6897.96,80.9709,0.0452857
6938.78,81.5089,0.0453367
6979.59,82.0648,0.0458013
7020.41,82.671,0.0461633
7061.22,83.2424,0.0464941
7102.04,83.7785,0.046634
7142.86,84.3963,0.0476819
7183.67,84.895,0.0475299
7224.49,85.323,0.0479413
7265.31,86.0258,0.048167
7306.12,86.6161,0.0486105
7346.94,87.0539,0.0487209
7387.76,87.685,0.0493484
7428.57,88.2193,0.0497269
7469.39,88.8094,0.049645
7510.2,89.3609,0.0504914
7551.02,89.918,0.0505264
7591.84,90.4161,0.051078
7632.65,91.0395,0.05136
7673.47,91.5716,0.0517816
7714.29,92.0736,0.0522114
7755.1,92.7931,0.0527651
7795.92,93.2836,0.0528179
7836.73,93.7931,0.0532554
7877.55,94.4483,0.0538754
7918.37,94.9873,0.0541883
7959.18,95.5492,0.0544712
8000.0,96.0712,0.0543176
8040.82,96.6228,0.054604
8081.63,97.1699,0.0552187
8122.45,97.8395,0.0559627
8163.27,98.3924,0.0561946
8204.08,98.9559,0.0565112
8244.9,99.4856,0.0564517
8285.71,100.075,0.0574115
8326.53,100.764,0.0578895
8367.35,101.31,0.0582175
8408.16,101.828,0.0584293
8448.98,102.342,0.058404
8489.8,102.891,0.0589777
8530.61,103.512,0.0593943
8571.43,103.928,0.0595331
8612.24,104.507,0.0596052
8653.06,105.206,0.0609693
8693.88,105.838,0.0614413
8734.69,106.41,0.0612072
8775.51,106.84,0.0620673
8816.33,107.426,0.0618437
8857.14,108.06,0.0624279
8897.96,108.678,0.0629727
8938.78,109.202,0.0637815
8979.59,109.728,0.0634978
9020.41,110.322,0.0636548
9061.22,110.991,0.0642831
9102.04,111.396,0.0648063
9142.86,112.145,0.0656632
9183.67,112.757,0.065727
9224.49,113.183,0.0655596
9265.31,113.813,0.0658878
9306.12,114.401,0.066596
9346.94,114.961,0.0667741
9387.76,115.612,0.0670873
9428.57,116.032,0.0676227
9469.39,116.736,0.0683693
9510.2,117.338,0.0688549
9551.02,117.821,0.0692597
9591.84,118.374,0.0690276
9632.65,118.987,0.0691062
9673.47,119.623,0.0703695
9714.29,120.284,0.0708211
9755.1,120.672,0.0702434
9795.92,121.189,0.0711906
9836.73,121.947,0.0717644
9877.55,122.47,0.0716939
9918.37,123.168,0.0728635
9959.18,123.673,0.0726709
10000.0,124.235,0.0731402
