0.0,0.0,0.0
0.000204082,0.0,0.0
0.000408163,0.0,0.0
0.000612245,0.0,0.0
0.000816327,0.0,0.0
0.00102041,0.0,0.0
0.00122449,0.0,0.0
0.00142857,0.0,0.0
0.00163265,0.0,0.0
0.00183673,0.0,0.0
0.00204082,0.0,0.0
0.0022449,0.0,0.0
0.00244898,0.0,0.0
0.00265306,0.0,0.0
0.00285714,0.0,0.0
0.00306122,0.0,0.0
0.00326531,0.0,0.0
0.00346939,0.0,0.0
0.00367347,0.0,0.0
0.00387755,0.0,0.0
0.00408163,0.0,0.0
0.00428571,0.0,0.0
0.0044898,0.0,0.0
0.00469388,0.0,0.0
0.00489796,0.0,0.0
0.00510204,0.0,0.0
0.00530612,0.0,0.0
0.0055102,0.0,0.0
0.00571429,0.0,0.0
0.00591837,0.0,0.0
0.00612245,0.0,0.0
0.00632653,0.0,0.0
0.00653061,0.0,0.0
0.00673469,0.0,0.0
0.00693878,0.0,0.0
0.00714286,0.0,0.0
0.00734694,0.0,0.0
0.00755102,0.0,0.0
0.0077551,0.0,0.0
0.00795918,0.0,0.0
0.00816327,0.0,0.0
0.00836735,0.0,0.0
0.00857143,0.0,0.0
0.00877551,0.0,0.0
0.00897959,0.0,0.0
0.00918367,0.0,0.0
0.00938776,0.0,0.0
0.00959184,0.0,0.0
0.00979592,0.0,0.0
0.01,0.0,0.0
0.0118367,0.0,0.0
0.0136735,0.0,0.0
0.0155102,0.0,0.0
0.0173469,0.0,0.0
0.0191837,0.0,0.0
0.0210204,0.0,0.0
0.0228571,0.0,0.0
0.0246939,0.0,0.0
0.0265306,0.0,0.0
0.0283673,0.0,0.0
0.0302041,0.0,0.0
0.0320408,0.0,0.0
0.0338776,0.0,0.0
0.0357143,0.0,0.0
0.037551,0.0,0.0
0.0393878,0.0,0.0
0.0412245,0.0,0.0
0.0430612,0.0,0.0
0.044898,0.0,0.0
0.0467347,0.0,0.0
0.0485714,0.0,0.0
0.0504082,0.0,0.0
0.0522449,0.0,0.0
0.0540816,0.0,0.0
0.0559184,0.0,0.0
0.0577551,0.0,0.0
0.0595918,0.0,0.0
0.0614286,0.0,0.0
0.0632653,0.0,0.0
0.065102,0.0,0.0
0.0669388,0.0,0.0
0.0687755,0.0,0.0
0.0706122,0.0,0.0
0.072449,0.0,0.0
0.0742857,0.0,0.0
0.0761224,0.0,0.0
0.0779592,0.0,0.0
0.0797959,0.0,0.0
0.0816327,0.0,0.0
0.0834694,0.0,0.0
0.0853061,0.0,0.0
0.0871429,0.0,0.0
0.0889796,0.0,0.0
0.0908163,0.0,0.0
0.0926531,0.0,0.0
0.0944898,0.0,0.0
0.0963265,0.0,0.0
0.0981633,0.0,0.0
0.1,0.0,0.0
0.102041,0.0,0.0
0.104082,0.0,0.0
0.106122,0.0,0.0
0.108163,0.0,0.0
0.110204,0.0,0.0
0.112245,0.0,0.0
0.114286,0.0,0.0
0.116327,0.0,0.0
0.118367,0.0,0.0
0.120408,0.0,0.0
0.122449,0.0,0.0
0.12449,0.0,0.0
0.126531,0.0,0.0
0.128571,0.0,0.0
0.130612,0.0,0.0
0.132653,0.0,0.0
0.134694,0.0,0.0
0.136735,0.0,0.0
0.138776,0.0,0.0
0.140816,0.0,0.0
0.142857,0.0,0.0
0.144898,0.0,0.0
0.146939,0.0,0.0
0.14898,0.0,0.0
0.15102,0.0,0.0
0.153061,0.0,0.0
0.155102,0.0,0.0
0.157143,0.0,0.0
0.159184,0.0,0.0
0.161224,0.0,0.0
0.163265,0.0,0.0
0.165306,0.0,0.0
0.167347,0.0,0.0
0.169388,0.0,0.0
0.171429,0.0,0.0
0.173469,0.0,0.0
0.17551,0.0,0.0
0.177551,0.0,0.0
0.179592,0.0,0.0
0.181633,0.0,0.0
0.183673,0.0,0.0
0.185714,0.0,0.0
0.187755,0.0,0.0
0.189796,0.0,0.0
0.191837,0.0,0.0
0.193878,0.0,0.0
0.195918,0.0,0.0
0.197959,0.0,0.0
0.2,0.0,0.0
0.202041,0.0,0.0
0.204082,0.0,0.0
0.206122,0.0,0.0
0.208163,0.0,0.0
0.210204,0.0,0.0
0.212245,3.47365e-19,2.32089e-22
0.214286,2.19991e-16,1.61541e-19
0.216327,3.53621e-15,2.60072e-18
0.218367,2.11641e-14,1.51455e-17
0.220408,7.91828e-14,5.44308e-17
0.222449,2.23509e-13,1.46942e-16
0.22449,5.24485e-13,3.29202e-16
0.226531,1.07563e-12,6.44058e-16
0.228571,2.00018e-12,1.14548e-15
0.230612,3.44036e-12,1.88822e-15
0.232653,5.58009e-12,2.94532e-15
0.234694,8.59115e-12,4.37971e-15
0.236735,1.26986e-11,6.27737e-15
0.238776,1.81479e-11,8.7461e-15
0.240816,2.51358e-11,1.18544e-14
0.242857,3.39501e-11,1.57861e-14
0.244898,4.49677e-11,2.06955e-14
0.246939,5.82153e-11,2.66796e-14
0.24898,7.4189e-11,3.40719e-14
0.25102,9.29897e-11,4.29069e-14
0.253061,1.15178e-10,5.38114e-14
0.255102,1.40931e-10,6.67124e-14
0.257143,1.7044e-10,8.23186e-14
0.259184,2.04277e-10,1.00686e-13
0.261224,2.42302e-10,1.22302e-13
0.263265,2.85456e-10,1.47878e-13
0.265306,3.33849e-10,1.77004e-13
0.267347,3.87183e-10,2.11681e-13
0.269388,4.4709e-10,2.50886e-13
0.271429,5.12496e-10,2.95877e-13
0.273469,5.84818e-10,3.47298e-13
0.27551,6.63209e-10,4.03572e-13
0.277551,7.49514e-10,4.69528e-13
0.279592,8.43479e-10,5.42536e-13
0.281633,9.45405e-10,6.21923e-13
0.283673,1.05481e-09,7.12523e-13
0.285714,1.17436e-09,8.11938e-13
0.287755,1.30121e-09,9.18953e-13
0.289796,1.43808e-09,1.03907e-12
0.291837,1.58605e-09,1.17074e-12
0.293878,1.7444e-09,1.31228e-12
0.295918,1.91417e-09,1.46626e-12
0.297959,2.09428e-09,1.6352e-12
0.3,2.28363e-09,1.81228e-12
0.302041,2.49017e-09,2.00507e-12
0.304082,2.71052e-09,2.21594e-12
0.306122,2.94123e-09,2.44206e-12
0.308163,3.18187e-09,2.67508e-12
0.310204,3.45044e-09,2.93368e-12
0.312245,3.72259e-09,3.20422e-12
0.314286,4.01754e-09,3.49876e-12
0.316327,4.33274e-09,3.80982e-12
0.318367,4.64954e-09,4.12262e-12
0.320408,4.99291e-09,4.46955e-12
0.322449,5.3544e-09,4.83802e-12
0.32449,5.74225e-09,5.21612e-12
0.326531,6.1614e-09,5.63492e-12
0.328571,6.57523e-09,6.04553e-12
0.330612,7.02345e-09,6.49505e-12
0.332653,7.47876e-09,6.95807e-12
0.334694,7.98174e-09,7.44938e-12
0.336735,8.51856e-09,7.97312e-12
0.338776,9.05038e-09,8.49756e-12
0.340816,9.63854e-09,9.07991e-12
0.342857,1.02126e-08,9.64275e-12
0.344898,1.08599e-08,1.02789e-11
0.346939,1.15223e-08,1.09189e-11
0.34898,1.21931e-08,1.15477e-11
0.35102,1.2943e-08,1.22691e-11
0.353061,1.36817e-08,1.29667e-11
0.355102,1.4468e-08,1.37031e-11
0.357143,1.53196e-08,1.45047e-11
0.359184,1.61818e-08,1.53102e-11
0.361224,1.70557e-08,1.60976e-11
0.363265,1.80582e-08,1.70082e-11
0.365306,1.90531e-08,1.79223e-11
0.367347,2.00559e-08,1.88238e-11
0.369388,2.11205e-08,1.97735e-11
0.371429,2.22675e-08,2.07794e-11
0.373469,2.34178e-08,2.18002e-11
0.37551,2.46531e-08,2.28559e-11
0.377551,2.58752e-08,2.39101e-11
0.379592,2.72485e-08,2.51048e-11
0.381633,2.85844e-08,2.62276e-11
0.383673,2.99686e-08,2.73564e-11
0.385714,3.15174e-08,2.86744e-11
0.387755,3.30076e-08,2.98367e-11
0.389796,3.46701e-08,3.12173e-11
0.391837,3.63468e-08,3.25845e-11
0.393878,3.80217e-08,3.39044e-11
0.395918,3.98293e-08,3.5352e-11
0.397959,4.171e-08,3.68022e-11
0.4,4.37348e-08,3.83869e-11
0.402041,4.56101e-08,3.98009e-11
0.404082,4.77359e-08,4.13927e-11
0.406122,4.9928e-08,4.31099e-11
0.408163,5.21704e-08,4.4806e-11
0.410204,5.44634e-08,4.64268e-11
0.412245,5.68198e-08,4.81641e-11
0.414286,5.93288e-08,5.00171e-11
0.416327,6.1873e-08,5.18476e-11
0.418367,6.45226e-08,5.37088e-11
0.420408,6.73032e-08,5.56947e-11
0.422449,7.00889e-08,5.76187e-11
0.42449,7.31305e-08,5.97697e-11
0.426531,7.60123e-08,6.17134e-11
0.428571,7.92055e-08,6.3863e-11
0.430612,8.24346e-08,6.61385e-11
0.432653,8.58054e-08,6.82496e-11
0.434694,8.91205e-08,7.04565e-11
0.436735,9.26758e-08,7.28175e-11
0.438776,9.65317e-08,7.53618e-11
0.440816,1.00032e-07,7.75814e-11
0.442857,1.0397e-07,8.01312e-11
0.444898,1.08196e-07,8.28835e-11
0.446939,1.12206e-07,8.53899e-11
0.44898,1.16461e-07,8.80299e-11
0.45102,1.20655e-07,9.05659e-11
0.453061,1.25357e-07,9.35394e-11
0.455102,1.29955e-07,9.62329e-11
0.457143,1.34737e-07,9.92247e-11
0.459184,1.39574e-07,1.02121e-10
0.461224,1.44704e-07,1.05201e-10
0.463265,1.49907e-07,1.08245e-10
0.465306,1.55229e-07,1.11465e-10
0.467347,1.60621e-07,1.1458e-10
0.469388,1.66493e-07,1.17992e-10
0.471429,1.72058e-07,1.21039e-10
0.473469,1.78058e-07,1.24617e-10
0.47551,1.8414e-07,1.28067e-10
0.477551,1.90511e-07,1.31524e-10
0.479592,1.96892e-07,1.35104e-10
0.481633,2.03503e-07,1.38799e-10
0.483673,2.10259e-07,1.42438e-10
0.485714,2.17496e-07,1.46564e-10
0.487755,2.24455e-07,1.50305e-10
0.489796,2.31817e-07,1.54396e-10
0.491837,2.39405e-07,1.585e-10
0.493878,2.47106e-07,1.62624e-10
0.495918,2.54716e-07,1.66377e-10
0.497959,2.6249e-07,1.70403e-10
0.5,2.71131e-07,1.75253e-10
0.502041,2.79559e-07,1.79374e-10
0.504082,2.88101e-07,1.83828e-10
0.506122,2.96622e-07,1.88191e-10
0.508163,3.0615e-07,1.93397e-10
0.510204,3.15227e-07,1.97781e-10
0.512245,3.25026e-07,2.02833e-10
0.514286,3.34046e-07,2.07327e-10
0.516327,3.43937e-07,2.1216e-10
0.518367,3.55123e-07,2.1787e-10
0.520408,3.64891e-07,2.22594e-10
0.522449,3.75727e-07,2.27845e-10
0.52449,3.86512e-07,2.33137e-10
0.526531,3.9764e-07,2.38624e-10
0.528571,4.08604e-07,2.43903e-10
0.530612,4.20499e-07,2.49785e-10
0.532653,4.3146e-07,2.54789e-10
0.534694,4.4415e-07,2.60933e-10
0.536735,4.56438e-07,2.66613e-10
0.538776,4.69465e-07,2.73108e-10
0.540816,4.81782e-07,2.78578e-10
0.542857,4.94946e-07,2.84574e-10
0.544898,5.08194e-07,2.91021e-10
0.546939,5.2237e-07,2.97591e-10
0.54898,5.35809e-07,3.03739e-10
0.55102,5.50477e-07,3.1053e-10
0.553061,5.64338e-07,3.16549e-10
0.555102,5.79143e-07,3.23488e-10
0.557143,5.93698e-07,3.30109e-10
0.559184,6.09423e-07,3.37047e-10
0.561224,6.24924e-07,3.44225e-10
0.563265,6.40932e-07,3.51312e-10
0.565306,6.56571e-07,3.58289e-10
0.567347,6.73717e-07,3.65665e-10
0.569388,6.91018e-07,3.73619e-10
0.571429,7.07567e-07,3.80521e-10
0.573469,7.25211e-07,3.88406e-10
0.57551,7.42642e-07,3.95967e-10
0.577551,7.61803e-07,4.04649e-10
0.579592,7.79398e-07,4.12104e-10
0.581633,7.97594e-07,4.19692e-10
0.583673,8.16247e-07,4.27534e-10
0.585714,8.35601e-07,4.35842e-10
0.587755,8.5521e-07,4.44252e-10
0.589796,8.76187e-07,4.53056e-10
0.591837,8.96149e-07,4.61488e-10
0.593878,9.16952e-07,4.70292e-10
0.595918,9.38083e-07,4.79145e-10
0.597959,9.59969e-07,4.88191e-10
0.6,9.81315e-07,4.97257e-10
0.602041,1.00408e-06,5.06451e-10
0.604082,1.0265e-06,5.15611e-10
0.606122,1.04941e-06,5.25755e-10
0.608163,1.07249e-06,5.34669e-10
0.610204,1.09541e-06,5.44094e-10
0.612245,1.12144e-06,5.55048e-10
0.614286,1.1447e-06,5.64315e-10
0.616327,1.17014e-06,5.74243e-10
0.618367,1.19468e-06,5.84597e-10
0.620408,1.22083e-06,5.94899e-10
0.622449,1.24688e-06,6.05257e-10
0.62449,1.27247e-06,6.15418e-10
0.626531,1.29946e-06,6.2644e-10
0.628571,1.32688e-06,6.37046e-10
0.630612,1.35502e-06,6.48263e-10
0.632653,1.3838e-06,6.59937e-10
0.634694,1.41107e-06,6.7035e-10
0.636735,1.44014e-06,6.81393e-10
0.638776,1.47015e-06,6.93385e-10
0.640816,1.49912e-06,7.04901e-10
0.642857,1.52951e-06,7.17041e-10
0.644898,1.56141e-06,7.29606e-10
0.646939,1.59055e-06,7.40012e-10
0.64898,1.624e-06,7.52768e-10
0.65102,1.65501e-06,7.65036e-10
0.653061,1.68831e-06,7.77704e-10
0.655102,1.71984e-06,7.89709e-10
0.657143,1.7532e-06,8.02484e-10
0.659184,1.788e-06,8.15555e-10
0.661224,1.82151e-06,8.28674e-10
0.663265,1.85501e-06,8.40565e-10
0.665306,1.89139e-06,8.54432e-10
0.667347,1.92766e-06,8.67823e-10
0.669388,1.96423e-06,8.81911e-10
0.671429,1.99958e-06,8.94975e-10
0.673469,2.03645e-06,9.08856e-10
0.67551,2.0752e-06,9.23399e-10
0.677551,2.11379e-06,9.37187e-10
0.679592,2.153e-06,9.52202e-10
0.681633,2.19163e-06,9.66427e-10
0.683673,2.2295e-06,9.79785e-10
0.685714,2.27196e-06,9.96543e-10
0.687755,2.31157e-06,1.00975e-09
0.689796,2.35197e-06,1.02453e-09
0.691837,2.39376e-06,1.03957e-09
0.693878,2.4369e-06,1.05557e-09
0.695918,2.48071e-06,1.07162e-09
0.697959,2.52456e-06,1.08738e-09
0.7,2.56625e-06,1.10222e-09
0.702041,2.60997e-06,1.11825e-09
0.704082,2.65608e-06,1.13531e-09
0.706122,2.70184e-06,1.1509e-09
0.708163,2.7481e-06,1.16767e-09
0.710204,2.79433e-06,1.18295e-09
0.712245,2.84108e-06,1.20021e-09
0.714286,2.89105e-06,1.21832e-09
0.716327,2.93709e-06,1.23463e-09
0.718367,2.98753e-06,1.25225e-09
0.720408,3.03552e-06,1.26855e-09
0.722449,3.08483e-06,1.28585e-09
0.72449,3.13505e-06,1.30366e-09
0.726531,3.18712e-06,1.32255e-09
0.728571,3.2374e-06,1.33975e-09
0.730612,3.28822e-06,1.35736e-09
0.732653,3.34533e-06,1.37735e-09
0.734694,3.39756e-06,1.39558e-09
0.736735,3.45139e-06,1.41428e-09
0.738776,3.50493e-06,1.43185e-09
0.740816,3.56078e-06,1.45158e-09
0.742857,3.61786e-06,1.47126e-09
0.744898,3.67585e-06,1.491e-09
0.746939,3.73173e-06,1.50981e-09
0.74898,3.78992e-06,1.53028e-09
0.75102,3.84569e-06,1.54788e-09
0.753061,3.9063e-06,1.57016e-09
0.755102,3.96579e-06,1.58979e-09
0.757143,4.02713e-06,1.60999e-09
0.759184,4.08627e-06,1.63e-09
0.761224,4.14617e-06,1.65079e-09
0.763265,4.21047e-06,1.67216e-09
0.765306,4.27159e-06,1.69338e-09
0.767347,4.33605e-06,1.71536e-09
0.769388,4.4021e-06,1.73663e-09
0.771429,4.46586e-06,1.75747e-09
0.773469,4.52841e-06,1.77887e-09
0.77551,4.5989e-06,1.80172e-09
0.777551,4.6658e-06,1.82416e-09
0.779592,4.72486e-06,1.84427e-09
0.781633,4.79949e-06,1.86849e-09
0.783673,4.86683e-06,1.89049e-09
0.785714,4.93616e-06,1.91323e-09
0.787755,5.00656e-06,1.93748e-09
0.789796,5.07906e-06,1.96058e-09
0.791837,5.15051e-06,1.98414e-09
0.793878,5.22326e-06,2.00751e-09
0.795918,5.295e-06,2.03095e-09
0.797959,5.36576e-06,2.05391e-09
0.8,5.442e-06,2.07942e-09
0.802041,5.51785e-06,2.10298e-09
0.804082,5.59311e-06,2.12736e-09
0.806122,5.67049e-06,2.15296e-09
0.808163,5.74636e-06,2.17771e-09
0.810204,5.82443e-06,2.20278e-09
0.812245,5.9032e-06,2.22827e-09
0.814286,5.98141e-06,2.25226e-09
0.816327,6.06404e-06,2.27935e-09
0.818367,6.14346e-06,2.30534e-09
0.820408,6.22513e-06,2.33127e-09
0.822449,6.31379e-06,2.3591e-09
0.82449,6.38795e-06,2.38194e-09
0.826531,6.46927e-06,2.40981e-09
0.828571,6.55787e-06,2.43781e-09
0.830612,6.64701e-06,2.46433e-09
0.832653,6.72931e-06,2.49088e-09
0.834694,6.8186e-06,2.51887e-09
0.836735,6.90319e-06,2.54559e-09
0.838776,6.99393e-06,2.57269e-09
0.840816,7.08138e-06,2.60229e-09
0.842857,7.16909e-06,2.62909e-09
0.844898,7.26067e-06,2.65801e-09
0.846939,7.35508e-06,2.68713e-09
0.84898,7.44239e-06,2.71457e-09
0.85102,7.53565e-06,2.74344e-09
0.853061,7.62949e-06,2.77312e-09
0.855102,7.72059e-06,2.802e-09
0.857143,7.821e-06,2.83191e-09
0.859184,7.91691e-06,2.86221e-09
0.861224,8.01058e-06,2.89023e-09
0.863265,8.11268e-06,2.92232e-09
0.865306,8.20709e-06,2.95216e-09
0.867347,8.30459e-06,2.9817e-09
0.869388,8.40456e-06,3.01133e-09
0.871429,8.50882e-06,3.04272e-09
0.873469,8.6045e-06,3.07315e-09
0.87551,8.70912e-06,3.1046e-09
0.877551,8.81382e-06,3.13691e-09
0.879592,8.91855e-06,3.16936e-09
0.881633,9.0223e-06,3.20048e-09
0.883673,9.12907e-06,3.23234e-09
0.885714,9.23631e-06,3.26461e-09
0.887755,9.3383e-06,3.2967e-09
0.889796,9.44335e-06,3.32744e-09
0.891837,9.55946e-06,3.36239e-09
0.893878,9.66676e-06,3.3966e-09
0.895918,9.77891e-06,3.42979e-09
0.897959,9.89494e-06,3.46403e-09
0.9,1.00032e-05,3.49574e-09
0.902041,1.01175e-05,3.53055e-09
0.904082,1.02278e-05,3.56387e-09
0.906122,1.03443e-05,3.59839e-09
0.908163,1.04708e-05,3.63549e-09
0.910204,1.058e-05,3.66939e-09
0.912245,1.07017e-05,3.70403e-09
0.914286,1.08134e-05,3.7388e-09
0.916327,1.09363e-05,3.77524e-09
0.918367,1.10618e-05,3.81079e-09
0.920408,1.11764e-05,3.84564e-09
0.922449,1.12974e-05,3.88238e-09
0.92449,1.14201e-05,3.9174e-09
0.926531,1.15411e-05,3.95337e-09
0.928571,1.16736e-05,3.99264e-09
0.930612,1.17897e-05,4.0279e-09
0.932653,1.19227e-05,4.06557e-09
0.934694,1.20555e-05,4.10425e-09
0.936735,1.21767e-05,4.14046e-09
0.938776,1.23065e-05,4.17817e-09
0.940816,1.24383e-05,4.21402e-09
0.942857,1.2564e-05,4.25226e-09
0.944898,1.26885e-05,4.28892e-09
0.946939,1.28309e-05,4.33042e-09
0.94898,1.2965e-05,4.3689e-09
0.95102,1.3095e-05,4.4062e-09
0.953061,1.32323e-05,4.44776e-09
0.955102,1.33643e-05,4.48459e-09
0.957143,1.35041e-05,4.5259e-09
0.959184,1.36408e-05,4.56378e-09
0.961224,1.37829e-05,4.60577e-09
0.963265,1.39246e-05,4.64468e-09
0.965306,1.40644e-05,4.68617e-09
0.967347,1.42076e-05,4.72741e-09
0.969388,1.43498e-05,4.76824e-09
0.971429,1.44906e-05,4.8062e-09
0.973469,1.46294e-05,4.84736e-09
0.97551,1.47892e-05,4.89372e-09
0.977551,1.49262e-05,4.93252e-09
0.979592,1.50849e-05,4.97871e-09
0.981633,1.52286e-05,5.01823e-09
0.983673,1.53754e-05,5.0601e-09
0.985714,1.55366e-05,5.1063e-09
0.987755,1.56727e-05,5.14367e-09
0.989796,1.58299e-05,5.19189e-09
0.991837,1.59896e-05,5.23501e-09
0.993878,1.6139e-05,5.27631e-09
0.995918,1.62875e-05,5.31966e-09
0.997959,1.64466e-05,5.36421e-09
1.0,1.66053e-05,5.40732e-09
1.08163,2.37243e-05,7.361e-09
1.16327,3.25317e-05,9.67801e-09
1.2449,4.31617e-05,1.23722e-08
1.32653,5.57395e-05,1.54612e-08
1.40816,7.02796e-05,1.89247e-08
1.4898,8.6903e-05,2.2777e-08
1.57143,0.000105763,2.70411e-08
1.65306,0.000126662,3.1681e-08
1.73469,0.000149826,3.66989e-08
1.81633,0.000175357,4.21525e-08
1.89796,0.000202947,4.79449e-08
1.97959,0.000232921,5.4123e-08
2.06122,0.000265136,6.07044e-08
2.14286,0.000299732,6.76441e-08
2.22449,0.00033651,7.49818e-08
2.30612,0.000375825,8.26784e-08
2.38776,0.000417256,9.07553e-08
2.46939,0.000460882,9.91757e-08
2.55102,0.000506753,1.07989e-07
2.63265,0.00055506,1.17128e-07
2.71429,0.000605489,1.26665e-07
2.79592,0.000658281,1.36541e-07
2.87755,0.000713166,1.46722e-07
2.95918,0.000770123,1.57268e-07
3.04082,0.000829227,1.68157e-07
3.12245,0.000890543,1.79397e-07
3.20408,0.000954371,1.90993e-07
3.28571,0.00101995,2.02979e-07
3.36735,0.00108766,2.1525e-07
3.44898,0.00115758,2.27784e-07
3.53061,0.00122963,2.40797e-07
3.61224,0.0013035,2.54016e-07
3.69388,0.00137926,2.67617e-07
3.77551,0.00145764,2.81453e-07
3.85714,0.00153735,2.95698e-07
3.93878,0.0016196,3.10313e-07
4.02041,0.00170327,3.25186e-07
4.10204,0.00178873,3.40334e-07
4.18367,0.00187641,3.55914e-07
4.26531,0.00196631,3.71717e-07
4.34694,0.0020575,3.87794e-07
4.42857,0.00215083,4.0424e-07
4.5102,0.00224649,4.20964e-07
4.59184,0.00234408,4.38195e-07
4.67347,0.00244207,4.55474e-07
4.7551,0.00254223,4.73111e-07
4.83673,0.00264546,4.91131e-07
4.91837,0.0027486,5.09298e-07
5.0,0.00285464,5.27804e-07
5.10204,0.00298896,5.5141e-07
5.20408,0.00312605,5.75415e-07
5.30612,0.00326566,5.99919e-07
5.40816,0.00340825,6.25177e-07
5.5102,0.00355389,6.50402e-07
5.61224,0.00370209,6.76602e-07
5.71429,0.00385135,7.03022e-07
5.81633,0.00400415,7.29623e-07
5.91837,0.00415957,7.5706e-07
6.02041,0.00431613,7.84667e-07
6.12245,0.00447509,8.12634e-07
6.22449,0.00463694,8.40963e-07
6.32653,0.00480081,8.69939e-07
6.42857,0.00496956,8.99783e-07
6.53061,0.00513811,9.29499e-07
6.63265,0.00530887,9.59773e-07
6.73469,0.00548083,9.90024e-07
6.83673,0.00565601,1.02133e-06
6.93878,0.00583603,1.05278e-06
7.04082,0.00601533,1.08517e-06
7.14286,0.00619783,1.11778e-06
7.2449,0.00638003,1.15011e-06
7.34694,0.00656872,1.18326e-06
7.44898,0.00675426,1.21698e-06
7.55102,0.0069456,1.25108e-06
7.65306,0.00713516,1.28521e-06
7.7551,0.00733093,1.3201e-06
7.85714,0.00752933,1.35577e-06
7.95918,0.00772613,1.39119e-06
8.06122,0.00792823,1.42747e-06
8.16327,0.00813045,1.46371e-06
8.26531,0.00833148,1.49994e-06
8.36735,0.00854104,1.53855e-06
8.46939,0.00874539,1.57567e-06
8.57143,0.0089568,1.6132e-06
8.67347,0.00916515,1.65145e-06
8.77551,0.00938141,1.6907e-06
8.87755,0.00959524,1.72977e-06
8.97959,0.00981448,1.76975e-06
9.08163,0.0100349,1.80943e-06
9.18367,0.0102523,1.84978e-06
9.28571,0.0104747,1.89026e-06
9.38776,0.0107002,1.93135e-06
9.4898,0.0109234,1.97307e-06
9.59184,0.0111524,2.01511e-06
9.69388,0.0113775,2.05627e-06
9.79592,0.0116101,2.09921e-06
9.89796,0.0118414,2.14174e-06
10.0,0.012077,2.18537e-06
10.2041,0.0125498,2.27357e-06
10.4082,0.0130267,2.36224e-06
10.6122,0.0135103,2.4528e-06
10.8163,0.0140026,2.54517e-06
11.0204,0.0144981,2.63825e-06
11.2245,0.0150011,2.73371e-06
11.4286,0.0155149,2.83004e-06
11.6327,0.0160325,2.92824e-06
11.8367,0.0165473,3.02631e-06
12.0408,0.0170689,3.12704e-06
12.2449,0.0176077,3.2298e-06
12.449,0.0181501,3.33313e-06
12.6531,0.018688,3.43633e-06
12.8571,0.0192336,3.54272e-06
13.0612,0.0197854,3.64825e-06
13.2653,0.0203415,3.75785e-06
13.4694,0.0209105,3.86808e-06
13.6735,0.0214864,3.97972e-06
13.8776,0.0220536,4.09047e-06
14.0816,0.0226369,4.20489e-06
14.2857,0.0232177,4.31992e-06
14.4898,0.0238089,4.43676e-06
14.6939,0.0244003,4.5549e-06
14.898,0.0249936,4.67115e-06
15.102,0.0255975,4.79247e-06
15.3061,0.0262049,4.91368e-06
15.5102,0.02681,5.03555e-06
15.7143,0.0274295,5.15939e-06
15.9184,0.0280355,5.28286e-06
16.1224,0.0286729,5.40971e-06
16.3265,0.0293024,5.53624e-06
16.5306,0.0299283,5.66106e-06
16.7347,0.0305723,5.79508e-06
16.9388,0.0312201,5.92596e-06
17.1429,0.0318478,6.05491e-06
17.3469,0.0324987,6.1881e-06
17.551,0.0331667,6.32579e-06
17.7551,0.0338201,6.4585e-06
17.9592,0.0344821,6.59727e-06
18.1633,0.0351627,6.73682e-06
18.3673,0.035812,6.87113e-06
18.5714,0.0364905,7.01389e-06
18.7755,0.0371634,7.15193e-06
18.9796,0.0378444,7.29258e-06
19.1837,0.0385387,7.43819e-06
19.3878,0.0392218,7.58228e-06
19.5918,0.0399039,7.72593e-06
19.7959,0.0406119,7.87394e-06
20.0,0.0413013,8.02081e-06
20.4082,0.0427037,8.31702e-06
20.8163,0.0441423,8.62525e-06
21.2245,0.0455578,8.92536e-06
21.6327,0.0470273,9.24118e-06
22.0408,0.0484665,9.55063e-06
22.449,0.0499576,9.87052e-06
22.8571,0.051427,1.01954e-05
23.2653,0.0529461,1.05234e-05
23.6735,0.0544471,1.08526e-05
24.0816,0.0559733,1.11893e-05
24.4898,0.0575197,1.15295e-05
24.898,0.0590376,1.18593e-05
25.3061,0.0606162,1.22161e-05
25.7143,0.0621888,1.25624e-05
26.1224,0.063778,1.29179e-05
26.5306,0.0653582,1.32767e-05
26.9388,0.0669678,1.36378e-05
27.3469,0.0685839,1.40001e-05
27.7551,0.0701878,1.43656e-05
28.1633,0.0718395,1.47426e-05
28.5714,0.0734797,1.51215e-05
28.9796,0.0751361,1.54929e-05
29.3878,0.0767994,1.58769e-05
29.7959,0.078467,1.62565e-05
30.2041,0.0801762,1.66516e-05
30.6122,0.0818734,1.70473e-05
31.0204,0.0835537,1.74278e-05
31.4286,0.0852574,1.7836e-05
31.8367,0.0869998,1.8247e-05
32.2449,0.0887279,1.86491e-05
32.6531,0.0904929,1.90643e-05
33.0612,0.0922196,1.94691e-05
33.4694,0.0939871,1.98902e-05
33.8776,0.0957307,2.02986e-05
34.2857,0.0975397,2.07372e-05
34.6939,0.0992964,2.11481e-05
35.102,0.101079,2.15695e-05
35.5102,0.102943,2.20286e-05
35.9184,0.104755,2.24631e-05
36.3265,0.106529,2.28857e-05
36.7347,0.108341,2.33228e-05
37.1429,0.110222,2.37794e-05
37.551,0.112045,2.42214e-05
37.9592,0.113852,2.46605e-05
38.3673,0.115749,2.51108e-05
38.7755,0.117622,2.55832e-05
39.1837,0.119477,2.60424e-05
39.5918,0.12133,2.64843e-05
40.0,0.123246,2.6954e-05
40.4082,0.125169,2.74306e-05
40.8163,0.127091,2.79143e-05
41.2245,0.128973,2.83824e-05
41.6327,0.130849,2.88422e-05
42.0408,0.132818,2.93404e-05
42.449,0.134708,2.98107e-05
42.8571,0.136625,3.02901e-05
43.2653,0.138613,3.07798e-05
43.6735,0.140554,3.12663e-05
44.0816,0.14254,3.17629e-05
44.4898,0.144486,3.22567e-05
44.898,0.146522,3.2781e-05
45.3061,0.14839,3.32506e-05
45.7143,0.150421,3.37621e-05
46.1224,0.15241,3.42634e-05
46.5306,0.154399,3.47847e-05
46.9388,0.156345,3.52888e-05
47.3469,0.158395,3.57851e-05
47.7551,0.160452,3.63241e-05
48.1633,0.162448,3.68339e-05
48.5714,0.164485,3.73816e-05
48.9796,0.16645,3.78677e-05
49.3878,0.168547,3.83917e-05
49.7959,0.170679,3.8959e-05
50.2041,0.17274,3.95088e-05
50.6122,0.174746,4.00324e-05
51.0204,0.176788,4.05325e-05
51.4286,0.178861,4.10961e-05
51.8367,0.180929,4.16224e-05
52.2449,0.18295,4.21568e-05
52.6531,0.185015,4.26973e-05
53.0612,0.187199,4.32729e-05
53.4694,0.189323,4.38182e-05
53.8776,0.191443,4.44029e-05
54.2857,0.193484,4.49249e-05
54.6939,0.195601,4.54801e-05
55.102,0.197761,4.60521e-05
55.5102,0.199794,4.65972e-05
55.9184,0.201945,4.71583e-05
56.3265,0.204085,4.77299e-05
56.7347,0.206243,4.82984e-05
57.1429,0.208331,4.88553e-05
57.551,0.210619,4.94794e-05
57.9592,0.212761,5.00435e-05
58.3673,0.214828,5.06188e-05
58.7755,0.217026,5.12309e-05
59.1837,0.219134,5.17348e-05
59.5918,0.221395,5.23961e-05
60.0,0.223528,5.29586e-05
60.4082,0.225669,5.35137e-05
60.8163,0.227963,5.41607e-05
61.2245,0.230144,5.4735e-05
61.6327,0.232385,5.53357e-05
62.0408,0.234572,5.59419e-05
62.449,0.236733,5.65144e-05
62.8571,0.238911,5.71419e-05
63.2653,0.241246,5.77229e-05
63.6735,0.243427,5.83563e-05
64.0816,0.245537,5.89293e-05
64.4898,0.247991,5.96211e-05
64.898,0.250268,6.02141e-05
65.3061,0.252221,6.07659e-05
65.7143,0.254629,6.14293e-05
66.1224,0.256937,6.2071e-05
66.5306,0.259188,6.26807e-05
66.9388,0.261346,6.33068e-05
67.3469,0.263636,6.38951e-05
67.7551,0.266005,6.45491e-05
68.1633,0.268031,6.51159e-05
68.5714,0.270534,6.58248e-05
68.9796,0.272785,6.6444e-05
69.3878,0.27512,6.70953e-05
69.7959,0.277337,6.77173e-05
70.2041,0.279683,6.83544e-05
70.6122,0.281898,6.90122e-05
71.0204,0.284228,6.96547e-05
71.4286,0.286727,7.03601e-05
71.8367,0.289016,7.10056e-05
72.2449,0.291342,7.16647e-05
72.6531,0.293567,7.22823e-05
73.0612,0.295663,7.28276e-05
73.4694,0.298283,7.35576e-05
73.8776,0.300582,7.42398e-05
74.2857,0.302957,7.49352e-05
74.6939,0.305259,7.55557e-05
75.102,0.307489,7.61872e-05
75.5102,0.309892,7.68583e-05
75.9184,0.312178,7.751e-05
76.3265,0.314709,7.82216e-05
76.7347,0.316852,7.8861e-05
77.1429,0.319366,7.95667e-05
77.551,0.321762,8.02618e-05
77.9592,0.324129,8.09297e-05
78.3673,0.326562,8.16177e-05
78.7755,0.328879,8.22361e-05
79.1837,0.331246,8.29418e-05
79.5918,0.333767,8.37163e-05
80.0,0.335989,8.43058e-05
80.4082,0.338444,8.50862e-05
80.8163,0.340913,8.56939e-05
81.2245,0.3432,8.64094e-05
81.6327,0.345722,8.71641e-05
82.0408,0.348075,8.78342e-05
82.449,0.350608,8.85938e-05
82.8571,0.352748,8.91749e-05
83.2653,0.355436,8.99516e-05
83.6735,0.357601,9.05512e-05
84.0816,0.360109,9.13013e-05
84.4898,0.362732,9.21302e-05
84.898,0.365041,9.2788e-05
85.3061,0.367313,9.34191e-05
85.7143,0.369884,9.41575e-05
86.1224,0.372279,9.48435e-05
86.5306,0.374914,9.56545e-05
86.9388,0.377353,9.62946e-05
87.3469,0.379675,9.69962e-05
87.7551,0.382165,9.77166e-05
88.1633,0.384613,9.84609e-05
88.5714,0.387236,9.91985e-05
88.9796,0.389574,9.997e-05
89.3878,0.392352,0.000100704
89.7959,0.39453,0.00010134
90.2041,0.397154,0.000102123
90.6122,0.399657,0.000102896
91.0204,0.402066,0.00010361
91.4286,0.404391,0.000104258
91.8367,0.407168,0.000105131
92.2449,0.409538,0.000105814
92.6531,0.412075,0.000106614
93.0612,0.414488,0.000107323
93.4694,0.417003,0.000108102
93.8776,0.419713,0.000108901
94.2857,0.422034,0.000109478
94.6939,0.424548,0.000110303
95.102,0.427303,0.000111125
95.5102,0.429689,0.000111803
95.9184,0.432375,0.000112661
96.3265,0.434834,0.000113407
96.7347,0.437233,0.000114056
97.1429,0.439697,0.000114838
97.551,0.442102,0.000115467
97.9592,0.444889,0.000116433
98.3673,0.447411,0.00011716
98.7755,0.449952,0.000117824
99.1837,0.45246,0.00011859
99.5918,0.455217,0.000119529
100.0,0.457863,0.000120268
100.816,0.462529,0.000121689
101.633,0.467856,0.000123315
102.449,0.473148,0.000124894
103.265,0.478126,0.000126404
104.082,0.483221,0.000127911
104.898,0.48848,0.000129567
105.714,0.493753,0.000131103
106.531,0.49884,0.000132585
107.347,0.50419,0.000134377
108.163,0.509606,0.000136015
108.98,0.514769,0.000137593
109.796,0.519766,0.000139063
110.612,0.525109,0.000140873
111.429,0.530409,0.000142349
112.245,0.535749,0.000144137
113.061,0.54084,0.00014563
113.878,0.546481,0.000147359
114.694,0.551858,0.000149037
115.51,0.556933,0.000150674
116.327,0.562403,0.000152299
117.143,0.567564,0.000153909
117.959,0.573056,0.000155714
118.776,0.578529,0.000157324
119.592,0.583928,0.000158961
120.408,0.589311,0.000160828
121.224,0.594981,0.000162506
122.041,0.600048,0.000164135
122.857,0.605807,0.000165907
123.673,0.610874,0.000167515
124.49,0.616298,0.00016921
125.306,0.621609,0.000170965
126.122,0.627309,0.000172741
126.939,0.632799,0.000174498
127.755,0.63819,0.000176279
128.571,0.643535,0.000177865
129.388,0.649167,0.000179564
130.204,0.654819,0.000181579
131.02,0.660259,0.000183176
131.837,0.665775,0.000185033
132.653,0.671426,0.000186811
133.469,0.676699,0.000188368
134.286,0.682121,0.000190113
135.102,0.688075,0.000192081
135.918,0.693449,0.000193835
136.735,0.699121,0.000195549
137.551,0.705136,0.000197588
138.367,0.710306,0.000199397
139.184,0.715839,0.000201118
140.0,0.721628,0.000202996
140.816,0.727325,0.000204763
141.633,0.732784,0.000206519
142.449,0.738137,0.000208272
143.265,0.744542,0.000210349
144.082,0.74963,0.000212032
144.898,0.755324,0.000213734
145.714,0.7608,0.000215574
146.531,0.766646,0.000217573
147.347,0.772473,0.000219439
148.163,0.778171,0.000221389
148.98,0.783917,0.000223203
149.796,0.789605,0.000225108
150.612,0.795177,0.000226875
151.429,0.800808,0.000228663
152.245,0.807215,0.000230716
153.061,0.812477,0.000232499
153.878,0.817981,0.000234246
154.694,0.824184,0.000236445
155.51,0.829515,0.000238085
156.327,0.835727,0.000240334
157.143,0.841583,0.000242153
157.959,0.847153,0.000244047
158.776,0.852867,0.000245873
159.592,0.858706,0.000247726
160.408,0.864594,0.000249867
161.224,0.870274,0.000251662
162.041,0.876286,0.000253602
162.857,0.881996,0.000255773
163.673,0.887867,0.000257527
164.49,0.894015,0.000259627
165.306,0.899936,0.000261799
166.122,0.905254,0.000263581
166.939,0.911463,0.000265472
167.755,0.917558,0.000267579
168.571,0.923163,0.000269503
169.388,0.929236,0.000271647
170.204,0.934925,0.000273384
171.02,0.940719,0.000275276
171.837,0.946942,0.000277227
172.653,0.952326,0.000279176
173.469,0.958766,0.00028162
174.286,0.964422,0.000283182
175.102,0.970864,0.000285614
175.918,0.977147,0.000287597
176.735,0.982699,0.000289571
177.551,0.988131,0.000291244
178.367,0.994744,0.000293704
179.184,1.00044,0.000295754
180.0,1.00608,0.000297485
180.816,1.0121,0.000299378
181.633,1.01868,0.000301495
182.449,1.02448,0.0003039
183.265,1.03067,0.00030591
184.082,1.03639,0.000307515
184.898,1.04238,0.000309726
185.714,1.04865,0.000312076
186.531,1.05471,0.000314042
187.347,1.06065,0.000316039
188.163,1.06737,0.000318377
188.98,1.07284,0.000320036
189.796,1.07884,0.000322162
190.612,1.0849,0.000324479
191.429,1.09124,0.000326511
192.245,1.09669,0.000328334
193.061,1.10348,0.000330865
193.878,1.10982,0.000332916
194.694,1.11651,0.00033565
195.51,1.12148,0.000337356
196.327,1.12795,0.000339669
197.143,1.13368,0.00034139
197.959,1.1405,0.000343938
198.776,1.14603,0.000345569
199.592,1.15237,0.000347853
200.408,1.15853,0.000350114
201.224,1.16444,0.000351828
202.041,1.17089,0.000353858
202.857,1.17675,0.000356297
203.673,1.18363,0.000358625
204.49,1.1895,0.000361135
205.306,1.19542,0.000362569
206.122,1.20257,0.000365432
206.939,1.20779,0.00036702
207.755,1.21325,0.000368933
208.571,1.22091,0.000372033
209.388,1.22649,0.000373696
210.204,1.23294,0.000376011
211.02,1.23914,0.000378189
211.837,1.24568,0.00038057
212.653,1.25149,0.000382398
213.469,1.25699,0.000384431
214.286,1.2641,0.000386841
215.102,1.26966,0.000388806
215.918,1.27663,0.000391316
216.735,1.28284,0.000393321
217.551,1.28976,0.000395835
218.367,1.29514,0.000398064
219.184,1.30265,0.000400525
220.0,1.30836,0.000402319
221.633,1.32045,0.000406924
223.265,1.33367,0.000411916
224.898,1.34555,0.000415701
226.531,1.35919,0.000420842
228.163,1.37188,0.000425215
229.796,1.38447,0.000429883
231.429,1.39671,0.000434563
233.061,1.40939,0.000438994
234.694,1.42272,0.000444101
236.327,1.43459,0.000447497
237.959,1.44778,0.000452062
239.592,1.46071,0.000456831
241.224,1.47353,0.000461669
242.857,1.48608,0.000465545
244.49,1.49931,0.000471386
246.122,1.51272,0.000475993
247.755,1.52599,0.00048059
249.388,1.53886,0.000485772
251.02,1.55062,0.00048934
252.653,1.56441,0.000494734
254.286,1.57711,0.00049908
255.918,1.5903,0.000504
257.551,1.60376,0.000509127
259.184,1.61745,0.000513757
260.816,1.62963,0.000517886
262.449,1.64253,0.000523157
264.082,1.65708,0.000528996
265.714,1.66925,0.00053297
267.347,1.68214,0.000537301
268.98,1.69547,0.000542824
270.612,1.70851,0.000547731
272.245,1.72056,0.000551961
273.878,1.73476,0.00055718
275.51,1.74795,0.000561879
277.143,1.76168,0.000567505
278.776,1.77443,0.000571422
280.408,1.78854,0.000576454
282.041,1.80339,0.000582656
283.673,1.81518,0.000586923
285.306,1.82865,0.000591906
286.939,1.84195,0.00059687
288.571,1.85529,0.000601906
290.204,1.869,0.000607328
291.837,1.88284,0.000612499
293.469,1.89494,0.000617427
295.102,1.90997,0.000622624
296.735,1.92186,0.000626818
298.367,1.93616,0.000632577
300.0,1.94857,0.000636991
301.633,1.96337,0.000642959
303.265,1.97682,0.000647622
304.898,1.9913,0.00065277
306.531,2.00373,0.000657563
308.163,2.01787,0.000663518
309.796,2.03148,0.000668051
311.429,2.04404,0.000672821
313.061,2.05919,0.000678814
314.694,2.0715,0.000683523
316.327,2.08642,0.000689345
317.959,2.09817,0.000693396
319.592,2.11421,0.000699669
321.224,2.12911,0.00070564
322.857,2.14087,0.000710728
324.49,2.15389,0.000714432
326.122,2.16849,0.000720884
327.755,2.18272,0.000725755
329.388,2.19508,0.000730212
331.02,2.21027,0.000736021
332.653,2.22497,0.000742381
334.286,2.2385,0.000746877
335.918,2.25171,0.000752721
337.551,2.26604,0.000758061
339.184,2.27937,0.000763231
340.816,2.29328,0.000769162
342.449,2.30829,0.000774347
344.082,2.3207,0.000779146
345.714,2.3365,0.000785131
347.347,2.34802,0.000789348
348.98,2.36313,0.000795453
350.612,2.37877,0.000801441
352.245,2.39025,0.000805021
353.878,2.40459,0.000811185
355.51,2.41934,0.00081706
357.143,2.43342,0.000822335
358.776,2.44686,0.000827323
360.408,2.46196,0.00083392
362.041,2.47455,0.000837939
363.673,2.49016,0.000844932
365.306,2.50351,0.000850122
366.939,2.51784,0.000856804
368.571,2.53213,0.000861334
370.204,2.547,0.00086677
371.837,2.56191,0.000872854
373.469,2.57322,0.000877021
375.102,2.59043,0.00088372
376.735,2.603,0.000888839
378.367,2.61809,0.000896188
380.0,2.6313,0.000899489
382.449,2.65428,0.000908513
384.898,2.67445,0.000917331
387.347,2.69506,0.000925767
389.796,2.71736,0.000933516
392.245,2.74071,0.000944488
394.694,2.75921,0.000950677
397.143,2.78257,0.000960284
399.592,2.80377,0.000968531
402.041,2.82616,0.000978047
404.49,2.8482,0.000986836
406.939,2.86826,0.000992873
409.388,2.88983,0.00100214
411.837,2.9112,0.00101039
414.286,2.93433,0.00102032
416.735,2.9553,0.00102931
419.184,2.97761,0.00103791
421.633,2.99839,0.00104653
424.082,3.02178,0.00105694
426.531,3.04265,0.00106371
428.98,3.06538,0.00107335
431.429,3.08775,0.00108216
433.878,3.1088,0.00109059
436.327,3.13117,0.0010987
438.776,3.15477,0.0011094
441.224,3.17551,0.00111609
443.673,3.1967,0.00112564
446.122,3.22065,0.0011365
448.571,3.24297,0.00114345
451.02,3.26333,0.00115141
453.469,3.28749,0.00116384
455.918,3.30885,0.00117124
458.367,3.33123,0.00118235
460.816,3.35308,0.00119032
463.265,3.37581,0.00119761
465.714,3.39709,0.00120776
468.163,3.4169,0.00121476
470.612,3.44101,0.00122405
473.061,3.46226,0.00123193
475.51,3.48773,0.0012456
477.959,3.51018,0.00125452
480.408,3.53406,0.00126407
482.857,3.5549,0.00127163
485.306,3.57505,0.00128052
487.755,3.59676,0.0012897
490.204,3.62267,0.00130107
492.653,3.64433,0.00130972
495.102,3.66762,0.00131892
497.551,3.68888,0.00132689
500.0,3.70952,0.00133317
502.449,3.73618,0.00134893
504.898,3.75621,0.00135579
507.347,3.77952,0.00136398
509.796,3.80242,0.00137646
512.245,3.8262,0.00138559
514.694,3.84729,0.00139274
517.143,3.87029,0.00140585
519.592,3.89426,0.00141297
522.041,3.91772,0.00142199
524.49,3.94129,0.00143371
526.939,3.96471,0.00144087
529.388,3.98558,0.00145045
531.837,4.01049,0.00145953
534.286,4.03036,0.00146873
536.735,4.05594,0.00148146
539.184,4.07826,0.00149172
541.633,4.10157,0.00150077
544.082,4.12557,0.00150978
546.531,4.1467,0.00151975
548.98,4.17012,0.00152885
551.429,4.19343,0.00154209
553.878,4.21732,0.00154639
556.327,4.24001,0.0015573
558.776,4.26136,0.00156982
561.224,4.288,0.00157758
563.673,4.30855,0.00158565
566.122,4.33261,0.00159632
568.571,4.35232,0.00160435
571.02,4.37792,0.00161619
573.469,4.40362,0.00162937
575.918,4.42618,0.00163743
578.367,4.4483,0.00164529
580.816,4.47457,0.00166123
583.265,4.49293,0.00166273
585.714,4.51582,0.00167415
588.163,4.54146,0.00168546
590.612,4.56585,0.0016963
593.061,4.59021,0.00170678
595.51,4.6107,0.00171278
597.959,4.63428,0.00172484
600.408,4.65962,0.00173692
602.857,4.67894,0.00174262
605.306,4.70435,0.00175348
607.755,4.73029,0.00176729
610.204,4.75117,0.00177514
612.653,4.77828,0.00179053
615.102,4.79955,0.00179834
617.551,4.82219,0.00180503
620.0,4.84608,0.00181526
622.449,4.87088,0.00182905
624.898,4.89671,0.0018387
627.347,4.91897,0.00184594
629.796,4.94062,0.0018561
632.245,4.96694,0.00186889
634.694,4.98483,0.00187261
637.143,5.01458,0.00189028
639.592,5.03663,0.00190044
642.041,5.05896,0.00190696
644.49,5.08439,0.00191991
646.939,5.11223,0.00193173
649.388,5.13518,0.00194287
651.837,5.15251,0.00194999
654.286,5.17972,0.0019591
656.735,5.20675,0.00197268
659.184,5.22896,0.00198246
661.633,5.24655,0.0019884
664.082,5.2781,0.00200559
666.531,5.29768,0.00201012
668.98,5.32121,0.00202032
671.429,5.34874,0.0020352
673.878,5.37301,0.00204482
676.327,5.39907,0.00205837
678.776,5.4216,0.00206914
681.224,5.4463,0.0020744
683.673,5.46577,0.00208406
686.122,5.48966,0.00209316
688.571,5.51731,0.00210973
691.02,5.54072,0.00211648
693.469,5.5651,0.00212839
695.918,5.58812,0.00213947
698.367,5.61605,0.00215637
700.816,5.63725,0.00216122
703.265,5.65929,0.00217081
705.714,5.68198,0.0021759
708.163,5.7127,0.00219533
710.612,5.738,0.00220637
713.061,5.76091,0.00221518
715.51,5.78263,0.00222567
717.959,5.80501,0.00223279
720.408,5.83357,0.00224938
722.857,5.85377,0.00225785
725.306,5.88347,0.00227228
727.755,5.90777,0.00228216
730.204,5.93143,0.00229043
732.653,5.95519,0.00230362
735.102,5.97815,0.00231012
737.551,6.00146,0.00231893
740.0,6.03057,0.00233453
743.265,6.06017,0.00234613
746.531,6.09566,0.00236292
749.796,6.12763,0.00238142
753.061,6.15968,0.00239656
756.327,6.18375,0.00240209
759.592,6.22545,0.00241767
762.857,6.2546,0.002436
766.122,6.29093,0.00244721
769.388,6.31973,0.00246184
772.653,6.35603,0.00248371
775.918,6.38585,0.00248774
779.184,6.42032,0.00250849
782.449,6.45681,0.0025231
785.714,6.48105,0.00252858
788.98,6.52195,0.00254974
792.245,6.54885,0.00255925
795.51,6.58759,0.00258405
798.776,6.61983,0.00260202
802.041,6.65219,0.00261332
805.306,6.68689,0.00263051
808.571,6.71468,0.00263862
811.837,6.7509,0.00265763
815.102,6.78438,0.00266876
818.367,6.81594,0.00268873
821.633,6.85279,0.00270355
824.898,6.88393,0.00271914
828.163,6.92012,0.00273167
831.429,6.95136,0.00274534
834.694,6.98607,0.00276722
837.959,7.01613,0.00277944
841.224,7.05008,0.00279311
844.49,7.08296,0.00281056
847.755,7.11901,0.00282296
851.02,7.14657,0.00282569
854.286,7.1879,0.00285414
857.551,7.2143,0.00286286
860.816,7.25136,0.00288463
864.082,7.28861,0.00289657
867.347,7.31883,0.00291093
870.612,7.35296,0.00293148
873.878,7.38181,0.00294012
877.143,7.42073,0.00296133
880.408,7.45579,0.00297643
883.673,7.48478,0.0029893
886.939,7.52263,0.00301366
890.204,7.55442,0.0030178
893.469,7.58963,0.00303556
896.735,7.62135,0.00305577
900.0,7.65634,0.00306274
903.265,7.69052,0.00308336
906.531,7.72429,0.00309851
909.796,7.75703,0.00311454
913.061,7.7917,0.00313286
916.327,7.8272,0.00315675
919.592,7.85765,0.00316582
922.857,7.89538,0.00318116
926.122,7.92692,0.00319152
929.388,7.96191,0.0032028
932.653,7.99846,0.00322281
935.918,8.02928,0.00324146
939.184,8.06378,0.00325781
942.449,8.1038,0.0032848
945.714,8.13751,0.00329019
948.98,8.16661,0.0033043
952.245,8.19774,0.00331554
955.51,8.23617,0.00333655
958.776,8.27197,0.00335496
962.041,8.2993,0.00335827
965.306,8.33597,0.00338158
968.571,8.37115,0.00340004
971.837,8.40427,0.00341834
975.102,8.44454,0.00343817
978.367,8.46753,0.0034435
981.633,8.51024,0.00347153
984.898,8.5405,0.00347855
988.163,8.57695,0.00349522
991.429,8.61689,0.00351148
994.694,8.64585,0.0035247
997.959,8.67987,0.00353919
1001.22,8.71608,0.00355429
1004.49,8.75341,0.00357148
1007.76,8.78425,0.00358802
1011.02,8.81807,0.00360915
1014.29,8.85059,0.00362173
1017.55,8.88734,0.00364249
1020.82,8.91663,0.00364986
1024.08,8.95876,0.00366835
1027.35,8.98758,0.00368284
1030.61,9.02748,0.00370797
1033.88,9.05708,0.00371673
1037.14,9.09021,0.00373834
1040.41,9.13314,0.00375919
1043.67,9.16502,0.00376837
1046.94,9.19243,0.0037822
1050.2,9.23732,0.00380293
1053.47,9.2641,0.00381257
1056.73,9.30225,0.00382931
1060.0,9.34558,0.00385338
1064.9,9.38658,0.0038758
1069.8,9.44755,0.00390679
1074.69,9.50174,0.00393097
1079.59,9.55354,0.00395911
1084.49,9.60678,0.00398156
1089.39,9.65796,0.00400934
1094.29,9.71086,0.00403005
1099.18,9.75514,0.00403841
1104.08,9.80719,0.00407437
1108.98,9.85874,0.00409953
1113.88,9.92276,0.0041358
1118.78,9.96351,0.00416553
1123.67,10.0223,0.0041787
1128.57,10.0749,0.00420239
1133.47,10.1304,0.00422559
1138.37,10.1827,0.0042558
1143.27,10.2301,0.00427185
1148.16,10.2885,0.00431344
1153.06,10.3407,0.00433294
1157.96,10.3925,0.00435338
1162.86,10.4471,0.00438115
1167.76,10.4943,0.00439488
1172.65,10.5568,0.00443101
1177.55,10.6038,0.00444369
1182.45,10.6602,0.00447622
1187.35,10.71,0.00450442
1192.24,10.7667,0.00453801
1197.14,10.8209,0.0045642
1202.04,10.8787,0.00458462
1206.94,10.9343,0.00461896
1211.84,10.9773,0.00463262
1216.73,11.0425,0.00466619
1221.63,11.0873,0.00468692
1226.53,11.1367,0.00470795
1231.43,11.1919,0.0047369
1236.33,11.2463,0.00476531
1241.22,11.3061,0.00479494
1246.12,11.3544,0.00481818
1251.02,11.4115,0.00484522
1255.92,11.4715,0.0048769
1260.82,11.5232,0.00490718
1265.71,11.5692,0.00491324
1270.61,11.6235,0.00495312
1275.51,11.688,0.00499281
1280.41,11.7296,0.0050091
1285.31,11.7872,0.00502481
1290.2,11.8429,0.0050591
1295.1,11.9039,0.0050913
1300.0,11.9549,0.00511618
1304.9,12.0034,0.00512971
1309.8,12.0582,0.00516148
1314.69,12.122,0.00519448
1319.59,12.1651,0.00522097
1324.49,12.2148,0.00523594
1329.39,12.2779,0.00528793
1334.29,12.3329,0.00530067
1339.18,12.3911,0.00532922
1344.08,12.4403,0.00535461
1348.98,12.502,0.00537105
1353.88,12.5478,0.00540651
1358.78,12.5993,0.00541787
1363.67,12.6644,0.00546749
1368.57,12.7193,0.00548979
1373.47,12.7636,0.00550262
1378.37,12.825,0.00553815
1383.27,12.8874,0.00557866
1388.16,12.9266,0.00558409
1393.06,12.999,0.0056182
1397.96,13.0467,0.00564569
1402.86,13.0986,0.00567684
1407.76,13.153,0.00569996
1412.65,13.2126,0.00574718
1417.55,13.266,0.00575275
1422.45,13.3184,0.00579001
1427.35,13.3851,0.00583016
1432.24,13.4264,0.00584449
1437.14,13.4868,0.00586296
1442.04,13.5368,0.00588705
1446.94,13.5981,0.00592778
1451.84,13.6514,0.00594202
1456.73,13.7084,0.00596924
1461.63,13.7593,0.00598874
1466.53,13.8221,0.00604175
1471.43,13.8794,0.00606079
1476.33,13.9282,0.00609584
1481.22,13.9818,0.00610926
1486.12,14.0344,0.00614755
1491.02,14.1012,0.00617432
1495.92,14.1549,0.00620172
1500.82,14.1939,0.00620893
1505.71,14.2519,0.00625046
1510.61,14.3095,0.00626942
1515.51,14.3676,0.0063157
1520.41,14.4176,0.00632954
1525.31,14.4864,0.00636704
1530.2,14.5319,0.00639202
1535.1,14.5969,0.00642743
1540.0,14.6447,0.00643096
1547.35,14.7332,0.00650127
1554.69,14.8221,0.00652719
1562.04,14.8923,0.00656433
1569.39,14.9943,0.00663647
1576.73,15.0578,0.00664385
1584.08,15.1506,0.00671956
1591.43,15.2323,0.00674075
1598.78,15.3116,0.00678411
1606.12,15.4134,0.00687546
1613.47,15.4824,0.00686837
1620.82,15.5761,0.006923
1628.16,15.6633,0.00696044
1635.51,15.7359,0.00698747
1642.86,15.8315,0.00703252
1650.2,15.8999,0.0070705
1657.55,15.9904,0.00712876
1664.9,16.0832,0.00719077
1672.24,16.158,0.00720415
1679.59,16.2494,0.00723126
1686.94,16.3273,0.00730168
1694.29,16.4271,0.00734363
1701.63,16.5151,0.00739938
1708.98,16.5819,0.00743142
1716.33,16.6656,0.00745775
1723.67,16.7541,0.00751024
1731.02,16.8431,0.00757702
1738.37,16.9361,0.0076136
1745.71,17.022,0.00766647
1753.06,17.0952,0.00768119
1760.41,17.1972,0.00773668
1767.76,17.2682,0.00776438
1775.1,17.363,0.00784255
1782.45,17.4398,0.00785791
1789.8,17.5263,0.00791934
1797.14,17.6315,0.00800183
1804.49,17.7027,0.00802796
1811.84,17.7743,0.00802259
1819.18,17.8788,0.00809985
1826.53,17.9685,0.00813088
1833.88,18.0495,0.00819096
1841.22,18.1453,0.0082357
1848.57,18.2139,0.00829702
1855.92,18.3024,0.00831022
1863.27,18.4041,0.00838482
1870.61,18.4882,0.0084123
1877.96,18.556,0.00842622
1885.31,18.6528,0.00848637
1892.65,18.7396,0.00856488
1900.0,18.8434,0.00859077
1907.35,18.9166,0.0086292
1914.69,18.9917,0.00868518
1922.04,19.0776,0.0087351
1929.39,19.1635,0.00876469
1936.73,19.2529,0.00879449
1944.08,19.3361,0.00885571
1951.43,19.4313,0.00888147
1958.78,19.5281,0.00894205
1966.12,19.6079,0.00897959
1973.47,19.6887,0.00900541
1980.82,19.7748,0.00908751
1988.16,19.8772,0.00915248
1995.51,19.959,0.00916045
2002.86,20.0584,0.00924497
2010.2,20.1276,0.00926613
2017.55,20.2032,0.0093052
2024.9,20.3106,0.00939472
2032.24,20.3751,0.00937339
2039.59,20.4861,0.00945209
2046.94,20.5747,0.0094809
2054.29,20.6351,0.00950757
2061.63,20.7483,0.00961812
2068.98,20.8295,0.00964356
2076.33,20.9296,0.0097086
2083.67,20.9927,0.00969919
2091.02,21.1107,0.00979886
2098.37,21.1735,0.00982464
2105.71,21.2764,0.00989217
2113.06,21.3735,0.00995509
2120.41,21.4291,0.00994978
2127.76,21.5386,0.010029
2135.1,21.6223,0.0100436
2142.45,21.7201,0.0100935
2149.8,21.7912,0.0101029
2157.14,21.8941,0.0102082
2164.49,21.9863,0.0102626
2171.84,22.0635,0.0102748
2179.18,22.1454,0.0103616
2186.53,22.2559,0.0104276
2193.88,22.3262,0.0104786
2201.22,22.4238,0.0104776
2208.57,22.4936,0.0104755
2215.92,22.5958,0.0105414
2223.27,22.6796,0.0106214
2230.61,22.7789,0.0106661
2237.96,22.8815,0.0107429
2245.31,22.9431,0.010754
2252.65,23.0412,0.0108147
2260.0,23.138,0.010834
2271.02,23.2934,0.0109373
2282.04,23.3973,0.0109924
2293.06,23.5364,0.0110837
2304.08,23.6421,0.0111078
2315.1,23.7966,0.0111877
2326.12,23.9287,0.0113229
2337.14,24.0669,0.0113621
2348.16,24.1922,0.0114198
2359.18,24.3406,0.0115283
2370.2,24.4746,0.011596
2381.22,24.6121,0.0116404
2392.24,24.7376,0.0117129
2403.27,24.8794,0.0118035
2414.29,25.0243,0.0118768
2425.31,25.1225,0.0119454
2436.33,25.2979,0.0119877
2447.35,25.4346,0.0121227
2458.37,25.5538,0.0121494
2469.39,25.6814,0.0121942
2480.41,25.8192,0.0123264
2491.43,25.9799,0.0124081
2502.45,26.1073,0.0124594
2513.47,26.2349,0.0125377
2524.49,26.3674,0.0125875
2535.51,26.4824,0.0126734
2546.53,26.6403,0.0127326
2557.55,26.782,0.0128267
2568.57,26.9441,0.0129243
2579.59,27.0497,0.0129636
2590.61,27.1855,0.0130871
2601.63,27.3365,0.0131289
2612.65,27.4599,0.0132136
2623.67,27.6166,0.0133129
2634.69,27.7429,0.0133699
2645.71,27.8806,0.0134186
2656.73,28.0271,0.0135645
2667.76,28.1251,0.0135096
2678.78,28.2968,0.0136924
2689.8,28.4328,0.0137416
2700.82,28.5434,0.0137985
2711.84,28.6646,0.0138194
2722.86,28.8473,0.0139577
2733.88,28.9738,0.0140836
2744.9,29.0857,0.0140467
2755.92,29.2413,0.0141446
2766.94,29.3895,0.0142957
2777.96,29.5284,0.0143389
2788.98,29.66,0.0144259
2800.0,29.7884,0.0144545
2814.29,29.9937,0.0146781
2828.57,30.1527,0.0146456
2842.86,30.3248,0.0147581
2857.14,30.5153,0.0148788
2871.43,30.6901,0.0149905
2885.71,30.8917,0.0151104
2900.0,31.073,0.0151588
2914.29,31.2384,0.0153026
2928.57,31.4099,0.015403
2942.86,31.6271,0.0154958
2957.14,31.788,0.0156254
2971.43,31.9694,0.0157022
2985.71,32.1497,0.0158163
3000.0,32.3241,0.0159295
3014.29,32.4691,0.0159519
3028.57,32.6903,0.0161265
3042.86,32.8773,0.016208
3057.14,33.0625,0.0163015
3071.43,33.2371,0.0164298
3085.71,33.4134,0.0164809
3100.0,33.6119,0.0166836
3114.29,33.754,0.0166562
3128.57,33.941,0.0167394
3142.86,34.1307,0.0169236
3157.14,34.3298,0.0170028
3171.43,34.504,0.0171602
3185.71,34.6967,0.0172463
3200.0,34.8685,0.0172754
3214.29,35.0329,0.0173922
3228.57,35.2086,0.017425
3242.86,35.4309,0.0176844
3257.14,35.5979,0.0177544
3271.43,35.7694,0.0177981
3285.71,35.9879,0.0179641
3300.0,36.1743,0.0180849
3314.29,36.3343,0.0181262
3328.57,36.539,0.0182095
3342.86,36.7082,0.0183635
3357.14,36.8759,0.018491
3371.43,37.0732,0.0186249
3385.71,37.2517,0.0186976
3400.0,37.4468,0.0188375
3414.29,37.6165,0.0187807
3428.57,37.8283,0.0190695
3442.86,37.9997,0.0191373
3457.14,38.1712,0.0191648
3471.43,38.3612,0.0194382
3485.71,38.5563,0.0194872
3500.0,38.744,0.0195294
3520.41,39.0344,0.019693
3540.82,39.2648,0.019861
3561.22,39.5023,0.0199888
3581.63,39.8219,0.0201352
3602.04,40.0625,0.0203209
3622.45,40.3105,0.0204945
3642.86,40.5643,0.0205854
3663.27,40.8512,0.0207517
3683.67,41.1476,0.0208996
3704.08,41.3776,0.0209597
3724.49,41.6568,0.0211758
3744.9,41.9444,0.0214316
3765.31,42.1767,0.021559
3785.71,42.4263,0.0217461
3806.12,42.7266,0.0217578
3826.53,42.9658,0.0218352
3846.94,43.2552,0.0220744
3867.35,43.52,0.0222094
3887.76,43.7931,0.022484
3908.16,44.0527,0.0225605
3928.57,44.3741,0.0227314
3948.98,44.5849,0.0228586
3969.39,44.8719,0.0230663
3989.8,45.1882,0.0232958
4010.2,45.4358,0.0233654
4030.61,45.7471,0.0236076
4051.02,45.9536,0.0235986
4071.43,46.2082,0.0238152
4091.84,46.5177,0.024026
4112.24,46.7787,0.0241472
4132.65,47.0662,0.0244594
4153.06,47.309,0.0244291
4173.47,47.5915,0.0246758
4193.88,47.8198,0.0247531
4214.29,48.1387,0.0249798
4234.69,48.4032,0.025184
4255.1,48.6947,0.0253143
4275.51,48.9545,0.0254217
4295.92,49.2627,0.0256993
4316.33,49.5272,0.0257026
4336.73,49.7753,0.025955
4357.14,50.081,0.0262881
4377.55,50.3297,0.0263828
4397.96,50.6212,0.0265745
4418.37,50.8969,0.0267151
4438.78,51.1282,0.0268798
4459.18,51.4691,0.0271047
4479.59,51.6656,0.0269767
4500.0,52.0189,0.0273866
4530.61,52.3387,0.027288
4561.22,52.8114,0.0278195
4591.84,53.1607,0.0280344
4622.45,53.6068,0.0282076
4653.06,54.0793,0.0284653
4683.67,54.4823,0.0288215
4714.29,54.8843,0.0290734
4744.9,55.2285,0.0291189
4775.51,55.7292,0.029514
4806.12,56.1096,0.0299036
4836.73,56.4983,0.0299393
4867.35,56.9427,0.0302009
4897.96,57.4017,0.0303835
4928.57,57.7589,0.0306412
4959.18,58.2223,0.0311928
4989.8,58.6054,0.0313102
5020.41,59.0116,0.0314644
5051.02,59.4496,0.0318168
5081.63,59.9009,0.0323109
5112.24,60.3436,0.0322915
5142.86,60.6682,0.0325642
5173.47,61.0921,0.0328019
5204.08,61.5114,0.0329714
5234.69,61.9121,0.0330534
5265.31,62.3509,0.0334913
5295.92,62.8278,0.033893
5326.53,63.2565,0.034123
5357.14,63.6904,0.0342948
5387.76,64.122,0.0347385
5418.37,64.5145,0.0348266
5448.98,64.9155,0.0351547
5479.59,65.365,0.0356125
5510.2,65.8312,0.0357124
5540.82,66.2238,0.0360108
5571.43,66.6467,0.0361035
5602.04,67.0855,0.0365858
5632.65,67.5475,0.0365856
5663.27,67.9781,0.0369356
5693.88,68.3204,0.037441
5724.49,68.7137,0.037462
5755.1,69.1923,0.0378316
5785.71,69.6574,0.0381617
5816.33,70.0622,0.0381003
5846.94,70.4884,0.0382652
5877.55,70.9172,0.0386213
5908.16,71.2917,0.0389023
5938.78,71.7738,0.0396707
5969.39,72.1675,0.0395989
6000.0,72.5639,0.0397626
6040.82,73.1631,0.0399961
6081.63,73.721,0.0404815
6122.45,74.3004,0.0408252
6163.27,74.919,0.0413598
6204.08,75.4435,0.0415872
6244.9,76.0714,0.0422047
6285.71,76.6662,0.0422581
6326.53,77.2042,0.0429055
6367.35,77.7964,0.0429005
6408.16,78.3229,0.0433671
6448.98,78.924,0.0437239
6489.8,79.4738,0.0438635
6530.61,80.0966,0.0445269
6571.43,80.6935,0.0450917
6612.24,81.3032,0.0454071
6653.06,81.8427,0.0455326
6693.88,82.4,0.0461016
6734.69,82.9887,0.0458868
6775.51,83.5713,0.0465559
6816.33,84.0891,0.0466328
6857.14,84.7917,0.0480064
6897.96,85.3427,0.0477102
6938.78,85.9259,0.0482926
6979.59,86.4992,0.0485723
7020.41,87.0124,0.0486939
7061.22,87.6415,0.0491989
7102.04,88.2603,0.0495364
7142.86,88.9246,0.0505225
7183.67,89.4716,0.0509779
7224.49,90.0416,0.0511648
7265.31,90.5841,0.0513245
7306.12,91.1369,0.0513445
7346.94,91.773,0.0519498
7387.76,92.4631,0.0523819
7428.57,92.9466,0.0529176
7469.39,93.5568,0.0524892
7510.2,94.1481,0.0537996
7551.02,94.7817,0.053821
7591.84,95.3944,0.054323
7632.65,95.9412,0.0547443
7673.47,96.4975,0.0553075
7714.29,97.1526,0.0558453
7755.1,97.6676,0.0558039
7795.92,98.2498,0.0555325
7836.73,98.8898,0.0564751
7877.55,99.5022,0.0570663
7918.37,100.099,0.0570627
7959.18,100.686,0.0579855
8000.0,101.212,0.0577351
8040.82,101.834,0.0585827
8081.63,102.541,0.0590701
8122.45,102.959,0.0589287
8163.27,103.602,0.0596581
8204.08,104.222,0.0599913
8244.9,104.84,0.060202
8285.71,105.477,0.0609199
8326.53,106.054,0.0613533
8367.35,106.709,0.0619177
8408.16,107.155,0.0617627
8448.98,107.932,0.0623859
8489.8,108.535,0.0632954
8530.61,109.027,0.0634845
8571.43,109.59,0.0633789
8612.24,110.251,0.0635679
8653.06,110.819,0.0642273
8693.88,111.378,0.0641502
8734.69,112.125,0.0652428
8775.51,112.68,0.065001
8816.33,113.209,0.0654001
8857.14,113.698,0.066214
8897.96,114.365,0.066778
8938.78,115.055,0.0674338
8979.59,115.678,0.0679702
9020.41,116.25,0.0680029
9061.22,116.893,0.0680805
9102.04,117.4,0.0682333
9142.86,118.039,0.0692475
9183.67,118.739,0.0692256
9224.49,119.304,0.0701697
9265.31,119.865,0.0698964
9306.12,120.392,0.0702827
9346.94,121.056,0.0708515
9387.76,121.704,0.0715756
9428.57,122.373,0.0714681
9469.39,122.963,0.0725214
9510.2,123.385,0.07251
9551.02,124.104,0.0730338
9591.84,124.734,0.0734654
9632.65,125.493,0.0747521
9673.47,125.954,0.0743527
9714.29,126.45,0.0746347
9755.1,127.219,0.074698
9795.92,127.803,0.0753969
9836.73,128.404,0.0755226
9877.55,128.987,0.0760277
9918.37,129.645,0.0763658
9959.18,130.299,0.0773155
10000.0,131.019,0.0777812
