0.0,0.0,0.0
0.000204082,0.0,0.0
0.000408163,0.0,0.0
0.000612245,0.0,0.0
0.000816327,0.0,0.0
0.00102041,0.0,0.0
0.00122449,0.0,0.0
0.00142857,0.0,0.0
0.00163265,0.0,0.0
0.00183673,0.0,0.0
0.00204082,0.0,0.0
0.0022449,0.0,0.0
0.00244898,0.0,0.0
0.00265306,0.0,0.0
0.00285714,0.0,0.0
0.00306122,0.0,0.0
0.00326531,0.0,0.0
0.00346939,0.0,0.0
0.00367347,0.0,0.0
0.00387755,0.0,0.0
0.00408163,0.0,0.0
0.00428571,0.0,0.0
0.0044898,0.0,0.0
0.00469388,0.0,0.0
0.00489796,0.0,0.0
0.00510204,0.0,0.0
0.00530612,0.0,0.0
0.0055102,0.0,0.0
0.00571429,0.0,0.0
0.00591837,0.0,0.0
0.00612245,0.0,0.0
0.00632653,0.0,0.0
0.00653061,0.0,0.0
0.00673469,0.0,0.0
0.00693878,0.0,0.0
0.00714286,0.0,0.0
0.00734694,0.0,0.0
0.00755102,0.0,0.0
0.0077551,0.0,0.0
0.00795918,0.0,0.0
0.00816327,0.0,0.0
0.00836735,0.0,0.0
0.00857143,0.0,0.0
0.00877551,0.0,0.0
0.00897959,0.0,0.0
0.00918367,0.0,0.0
0.00938776,0.0,0.0
0.00959184,0.0,0.0
0.00979592,0.0,0.0
0.01,0.0,0.0
0.0118367,0.0,0.0
0.0136735,0.0,0.0
0.0155102,0.0,0.0
0.0173469,0.0,0.0
0.0191837,0.0,0.0
0.0210204,0.0,0.0
0.0228571,0.0,0.0
0.0246939,0.0,0.0
0.0265306,0.0,0.0
0.0283673,0.0,0.0
0.0302041,0.0,0.0
0.0320408,0.0,0.0
0.0338776,0.0,0.0
0.0357143,0.0,0.0
0.037551,0.0,0.0
0.0393878,0.0,0.0
0.0412245,0.0,0.0
0.0430612,0.0,0.0
0.044898,0.0,0.0
0.0467347,0.0,0.0
0.0485714,0.0,0.0
0.0504082,0.0,0.0
0.0522449,0.0,0.0
0.0540816,0.0,0.0
0.0559184,0.0,0.0
0.0577551,0.0,0.0
0.0595918,0.0,0.0
0.0614286,0.0,0.0
0.0632653,0.0,0.0
0.065102,0.0,0.0
0.0669388,0.0,0.0
0.0687755,0.0,0.0
0.0706122,0.0,0.0
0.072449,0.0,0.0
0.0742857,0.0,0.0
0.0761224,0.0,0.0
0.0779592,0.0,0.0
0.0797959,0.0,0.0
0.0816327,0.0,0.0
0.0834694,0.0,0.0
0.0853061,0.0,0.0
0.0871429,0.0,0.0
0.0889796,0.0,0.0
0.0908163,0.0,0.0
0.0926531,0.0,0.0
0.0944898,0.0,0.0
0.0963265,0.0,0.0
0.0981633,0.0,0.0
0.1,0.0,0.0
0.102041,0.0,0.0
0.104082,0.0,0.0
0.106122,0.0,0.0
0.108163,7.35636e-16,4.61494e-19
0.110204,4.79706e-14,3.10762e-17
0.112245,5.26931e-13,3.42156e-16
0.114286,2.8126e-12,1.80942e-15
0.116327,1.00811e-11,6.40569e-15
0.118367,2.81982e-11,1.76665e-14
0.120408,6.6233e-11,4.09175e-14
0.122449,1.37619e-10,8.37601e-14
0.12449,2.59654e-10,1.55784e-13
0.126531,4.54627e-10,2.6891e-13
0.128571,7.47455e-10,4.36745e-13
0.130612,1.17042e-09,6.75324e-13
0.132653,1.75867e-09,1.00276e-12
0.134694,2.55641e-09,1.44163e-12
0.136735,3.59983e-09,2.00968e-12
0.138776,4.94582e-09,2.73184e-12
0.140816,6.63506e-09,3.63034e-12
0.142857,8.7306e-09,4.72981e-12
0.144898,1.12918e-08,6.06342e-12
0.146939,1.43718e-08,7.65522e-12
0.14898,1.80379e-08,9.52502e-12
0.15102,2.23582e-08,1.17113e-11
0.153061,2.73932e-08,1.4247e-11
0.155102,3.32132e-08,1.71334e-11
0.157143,3.98819e-08,2.04256e-11
0.159184,4.7514e-08,2.41467e-11
0.161224,5.62049e-08,2.83763e-11
0.163265,6.59295e-08,3.30329e-11
0.165306,7.6711e-08,3.82044e-11
0.167347,8.89271e-08,4.39726e-11
0.169388,1.02401e-07,5.02961e-11
0.171429,1.1719e-07,5.72029e-11
0.173469,1.33464e-07,6.47471e-11
0.17551,1.51395e-07,7.29214e-11
0.177551,1.70904e-07,8.18695e-11
0.179592,1.92044e-07,9.13488e-11
0.181633,2.15349e-07,1.01837e-10
0.183673,2.40238e-07,1.12944e-10
0.185714,2.66826e-07,1.24643e-10
0.187755,2.9553e-07,1.37335e-10
0.189796,3.2666e-07,1.50917e-10
0.191837,3.59464e-07,1.65211e-10
0.193878,3.9533e-07,1.80591e-10
0.195918,4.32782e-07,1.96687e-10
0.197959,4.73322e-07,2.13868e-10
0.2,5.16397e-07,2.32036e-10
0.202041,5.61538e-07,2.51108e-10
0.204082,6.09016e-07,2.70977e-10
0.206122,6.60233e-07,2.92153e-10
0.208163,7.12978e-07,3.14183e-10
0.210204,7.69067e-07,3.37292e-10
0.212245,8.28946e-07,3.61682e-10
0.214286,8.91467e-07,3.86983e-10
0.216327,9.56314e-07,4.13495e-10
0.218367,1.02451e-06,4.41121e-10
0.220408,1.09557e-06,4.69344e-10
0.222449,1.17053e-06,4.99371e-10
0.22449,1.25016e-06,5.31306e-10
0.226531,1.33083e-06,5.63113e-10
0.228571,1.41634e-06,5.96785e-10
0.230612,1.50475e-06,6.31413e-10
0.232653,1.59866e-06,6.68212e-10
0.234694,1.6924e-06,7.04733e-10
0.236735,1.79483e-06,7.43922e-10
0.238776,1.89612e-06,7.83499e-10
0.240816,2.00214e-06,8.23787e-10
0.242857,2.1156e-06,8.67487e-10
0.244898,2.23061e-06,9.11406e-10
0.246939,2.34999e-06,9.56494e-10
0.24898,2.47471e-06,1.00396e-09
0.25102,2.60035e-06,1.05154e-09
0.253061,2.73206e-06,1.1003e-09
0.255102,2.86572e-06,1.15048e-09
0.257143,3.00911e-06,1.20421e-09
0.259184,3.15469e-06,1.25785e-09
0.261224,3.3018e-06,1.31218e-09
0.263265,3.45421e-06,1.36866e-09
0.265306,3.61266e-06,1.42713e-09
0.267347,3.77461e-06,1.48681e-09
0.269388,3.94217e-06,1.54734e-09
0.271429,4.11279e-06,1.61062e-09
0.273469,4.29192e-06,1.67503e-09
0.27551,4.46967e-06,1.73931e-09
0.277551,4.65659e-06,1.80636e-09
0.279592,4.8481e-06,1.87608e-09
0.281633,5.04577e-06,1.94616e-09
0.283673,5.2415e-06,2.01584e-09
0.285714,5.44683e-06,2.09059e-09
0.287755,5.6579e-06,2.16507e-09
0.289796,5.86994e-06,2.24016e-09
0.291837,6.09317e-06,2.31999e-09
0.293878,6.31455e-06,2.39757e-09
0.295918,6.54882e-06,2.48014e-09
0.297959,6.78477e-06,2.56186e-09
0.3,7.02108e-06,2.64543e-09
0.302041,7.26897e-06,2.73229e-09
0.304082,7.52049e-06,2.82042e-09
0.306122,7.77854e-06,2.91079e-09
0.308163,8.04428e-06,3.00302e-09
0.310204,8.30987e-06,3.09455e-09
0.312245,8.58211e-06,3.18719e-09
0.314286,8.8517e-06,3.28105e-09
0.316327,9.14163e-06,3.38083e-09
0.318367,9.42454e-06,3.47794e-09
0.320408,9.72335e-06,3.58088e-09
0.322449,1.00225e-05,3.6825e-09
0.32449,1.03267e-05,3.78652e-09
0.326531,1.06362e-05,3.89244e-09
0.328571,1.09614e-05,4.00288e-09
0.330612,1.12749e-05,4.10823e-09
0.332653,1.16121e-05,4.22161e-09
0.334694,1.19441e-05,4.33423e-09
0.336735,1.22807e-05,4.44827e-09
0.338776,1.26277e-05,4.56511e-09
0.340816,1.2984e-05,4.68572e-09
0.342857,1.33289e-05,4.80066e-09
0.344898,1.36976e-05,4.92383e-09
0.346939,1.40666e-05,5.04486e-09
0.34898,1.44487e-05,5.1741e-09
0.35102,1.48264e-05,5.29882e-09
0.353061,1.52133e-05,5.42836e-09
0.355102,1.56036e-05,5.55871e-09
0.357143,1.59955e-05,5.68501e-09
0.359184,1.63955e-05,5.81844e-09
0.361224,1.68131e-05,5.95586e-09
0.363265,1.72174e-05,6.0896e-09
0.365306,1.76626e-05,6.23799e-09
0.367347,1.80848e-05,6.37813e-09
0.369388,1.85136e-05,6.51396e-09
0.371429,1.89588e-05,6.66147e-09
0.373469,1.9396e-05,6.80417e-09
0.37551,1.98624e-05,6.95915e-09
0.377551,2.03077e-05,7.1008e-09
0.379592,2.07859e-05,7.25827e-09
0.381633,2.12412e-05,7.40591e-09
0.383673,2.17408e-05,7.56702e-09
0.385714,2.22041e-05,7.71728e-09
0.387755,2.26908e-05,7.87828e-09
0.389796,2.32087e-05,8.04296e-09
0.391837,2.36948e-05,8.20305e-09
0.393878,2.42153e-05,8.36744e-09
0.395918,2.4708e-05,8.52864e-09
0.397959,2.52297e-05,8.69827e-09
0.4,2.57478e-05,8.86629e-09
0.402041,2.63138e-05,9.04221e-09
0.404082,2.6851e-05,9.21489e-09
0.406122,2.73715e-05,9.38288e-09
0.408163,2.79309e-05,9.56441e-09
0.410204,2.84901e-05,9.74129e-09
0.412245,2.90654e-05,9.92667e-09
0.414286,2.96449e-05,1.0106e-08
0.416327,3.02031e-05,1.02913e-08
0.418367,3.07986e-05,1.04751e-08
0.420408,3.13836e-05,1.06636e-08
0.422449,3.19852e-05,1.08559e-08
0.42449,3.2608e-05,1.10487e-08
0.426531,3.32064e-05,1.12436e-08
0.428571,3.38007e-05,1.14293e-08
0.430612,3.44459e-05,1.16361e-08
0.432653,3.50528e-05,1.18228e-08
0.434694,3.57121e-05,1.20327e-08
0.436735,3.63518e-05,1.22319e-08
0.438776,3.69845e-05,1.2434e-08
0.440816,3.76461e-05,1.26418e-08
0.442857,3.83243e-05,1.28619e-08
0.444898,3.89608e-05,1.30614e-08
0.446939,3.96458e-05,1.32698e-08
0.44898,4.03423e-05,1.34887e-08
0.45102,4.1029e-05,1.37025e-08
0.453061,4.17132e-05,1.39184e-08
0.455102,4.24204e-05,1.41321e-08
0.457143,4.31538e-05,1.4369e-08
0.459184,4.38638e-05,1.45918e-08
0.461224,4.45773e-05,1.48097e-08
0.463265,4.52902e-05,1.50344e-08
0.465306,4.60326e-05,1.5269e-08
0.467347,4.67619e-05,1.54979e-08
0.469388,4.74944e-05,1.57253e-08
0.471429,4.82458e-05,1.59508e-08
0.473469,4.90152e-05,1.61853e-08
0.47551,4.97871e-05,1.64313e-08
0.477551,5.05681e-05,1.66736e-08
0.479592,5.13634e-05,1.69213e-08
0.481633,5.21235e-05,1.71605e-08
0.483673,5.29048e-05,1.74014e-08
0.485714,5.37212e-05,1.76518e-08
0.487755,5.45337e-05,1.79028e-08
0.489796,5.53251e-05,1.81417e-08
0.491837,5.61519e-05,1.84043e-08
0.493878,5.6983e-05,1.86585e-08
0.495918,5.7841e-05,1.8924e-08
0.497959,5.86505e-05,1.91693e-08
0.5,5.95419e-05,1.94397e-08
0.502041,6.03194e-05,1.96842e-08
0.504082,6.12349e-05,1.99618e-08
0.506122,6.20932e-05,2.02272e-08
0.508163,6.29254e-05,2.0497e-08
0.510204,6.38596e-05,2.07746e-08
0.512245,6.47124e-05,2.10283e-08
0.514286,6.56234e-05,2.1311e-08
0.516327,6.65082e-05,2.15798e-08
0.518367,6.74113e-05,2.18574e-08
0.520408,6.83246e-05,2.21332e-08
0.522449,6.9237e-05,2.24148e-08
0.52449,7.02062e-05,2.27176e-08
0.526531,7.10747e-05,2.2979e-08
0.528571,7.20114e-05,2.32579e-08
0.530612,7.29539e-05,2.35497e-08
0.532653,7.39359e-05,2.38455e-08
0.534694,7.49193e-05,2.41509e-08
0.536735,7.588e-05,2.44375e-08
0.538776,7.68317e-05,2.47362e-08
0.540816,7.78178e-05,2.50286e-08
0.542857,7.88399e-05,2.5343e-08
0.544898,7.97834e-05,2.56282e-08
0.546939,8.07767e-05,2.59344e-08
0.54898,8.18303e-05,2.62474e-08
0.55102,8.28749e-05,2.65563e-08
0.553061,8.38149e-05,2.68534e-08
0.555102,8.48377e-05,2.71614e-08
0.557143,8.58805e-05,2.74833e-08
0.559184,8.69403e-05,2.78012e-08
0.561224,8.79378e-05,2.81027e-08
0.563265,8.90301e-05,2.84343e-08
0.565306,9.00446e-05,2.87407e-08
0.567347,9.11107e-05,2.90647e-08
0.569388,9.22169e-05,2.94e-08
0.571429,9.32727e-05,2.97116e-08
0.573469,9.43889e-05,3.00499e-08
0.57551,9.5463e-05,3.03695e-08
0.577551,9.66106e-05,3.0733e-08
0.579592,9.77259e-05,3.10542e-08
0.581633,9.88064e-05,3.13868e-08
0.583673,9.99447e-05,3.17187e-08
0.585714,0.000101002,3.20507e-08
0.587755,0.000102119,3.2377e-08
0.589796,0.000103316,3.27318e-08
0.591837,0.000104475,3.3082e-08
0.593878,0.000105575,3.34183e-08
0.595918,0.000106692,3.37532e-08
0.597959,0.000107857,3.41026e-08
0.6,0.000109022,3.44704e-08
0.602041,0.000110241,3.48301e-08
0.604082,0.000111507,3.52071e-08
0.606122,0.000112584,3.55421e-08
0.608163,0.000113848,3.59112e-08
0.610204,0.000115085,3.62962e-08
0.612245,0.000116213,3.66321e-08
0.614286,0.000117507,3.70136e-08
0.616327,0.000118667,3.73605e-08
0.618367,0.000119933,3.77314e-08
0.620408,0.000121155,3.8114e-08
0.622449,0.000122378,3.84786e-08
0.62449,0.000123668,3.88379e-08
0.626531,0.000124889,3.92237e-08
0.628571,0.000126187,3.96105e-08
0.630612,0.000127439,3.99839e-08
0.632653,0.000128697,4.03379e-08
0.634694,0.000129992,4.07326e-08
0.636735,0.000131344,4.11423e-08
0.638776,0.000132558,4.15163e-08
0.640816,0.000133916,4.19333e-08
0.642857,0.000135259,4.22976e-08
0.644898,0.000136488,4.27032e-08
0.646939,0.000137829,4.30685e-08
0.64898,0.000139089,4.34592e-08
0.65102,0.000140488,4.38761e-08
0.653061,0.000141815,4.42708e-08
0.655102,0.000143176,4.47024e-08
0.657143,0.000144532,4.50788e-08
0.659184,0.000145872,4.54902e-08
0.661224,0.000147223,4.58906e-08
0.663265,0.000148655,4.63115e-08
0.665306,0.000150006,4.6742e-08
0.667347,0.000151411,4.715e-08
0.669388,0.000152802,4.75531e-08
0.671429,0.000154216,4.79676e-08
0.673469,0.000155633,4.8409e-08
0.67551,0.000157021,4.88102e-08
0.677551,0.000158455,4.92149e-08
0.679592,0.000159823,4.96368e-08
0.681633,0.000161397,5.00906e-08
0.683673,0.000162701,5.04961e-08
0.685714,0.000164066,5.09009e-08
0.687755,0.000165556,5.13593e-08
0.689796,0.000167137,5.17993e-08
0.691837,0.00016854,5.22386e-08
0.693878,0.000170127,5.26924e-08
0.695918,0.000171487,5.31225e-08
0.697959,0.000173028,5.35662e-08
0.7,0.000174539,5.4026e-08
0.702041,0.000176005,5.44451e-08
0.704082,0.000177473,5.48992e-08
0.706122,0.000178974,5.53496e-08
0.708163,0.000180429,5.5782e-08
0.710204,0.000181986,5.62462e-08
0.712245,0.000183479,5.66568e-08
0.714286,0.000185096,5.71642e-08
0.716327,0.000186554,5.75717e-08
0.718367,0.000188098,5.80484e-08
0.720408,0.000189862,5.85591e-08
0.722449,0.000191335,5.89999e-08
0.72449,0.000192798,5.9431e-08
0.726531,0.000194517,5.99372e-08
0.728571,0.000195917,6.0359e-08
0.730612,0.000197575,6.08359e-08
0.732653,0.000199165,6.13215e-08
0.734694,0.000200717,6.17853e-08
0.736735,0.000202513,6.2295e-08
0.738776,0.000203917,6.27366e-08
0.740816,0.000205658,6.32509e-08
0.742857,0.000207239,6.37019e-08
0.744898,0.000208934,6.42065e-08
0.746939,0.000210359,6.46159e-08
0.74898,0.000212085,6.5153e-08
0.75102,0.000213719,6.5642e-08
0.753061,0.000215495,6.61692e-08
0.755102,0.000217112,6.66305e-08
0.757143,0.000218722,6.71176e-08
0.759184,0.000220446,6.76164e-08
0.761224,0.000222088,6.81158e-08
0.763265,0.000223821,6.86136e-08
0.765306,0.000225508,6.91188e-08
0.767347,0.000227143,6.96204e-08
0.769388,0.000228815,7.01028e-08
0.771429,0.000230652,7.06235e-08
0.773469,0.00023238,7.11514e-08
0.77551,0.000234075,7.1665e-08
0.777551,0.000235748,7.21441e-08
0.779592,0.000237555,7.27066e-08
0.781633,0.000239128,7.31586e-08
0.783673,0.000240985,7.37071e-08
0.785714,0.000242823,7.42217e-08
0.787755,0.000244436,7.47409e-08
0.789796,0.000246294,7.52795e-08
0.791837,0.000248162,7.58108e-08
0.793878,0.000249764,7.6308e-08
0.795918,0.000251665,7.68639e-08
0.797959,0.000253337,7.73282e-08
0.8,0.000255304,7.79281e-08
0.802041,0.000256939,7.84725e-08
0.804082,0.000258853,7.90021e-08
0.806122,0.000260673,7.95165e-08
0.808163,0.000262446,8.00431e-08
0.810204,0.000264432,8.06101e-08
0.812245,0.00026614,8.11268e-08
0.814286,0.000267888,8.16464e-08
0.816327,0.000269918,8.22449e-08
0.818367,0.000271785,8.28141e-08
0.820408,0.000273623,8.33326e-08
0.822449,0.000275418,8.39038e-08
0.82449,0.000277262,8.44264e-08
0.826531,0.000279225,8.49719e-08
0.828571,0.000281143,8.55632e-08
0.830612,0.000282946,8.60743e-08
0.832653,0.00028491,8.66807e-08
0.834694,0.000286808,8.72805e-08
0.836735,0.000288751,8.78107e-08
0.838776,0.000290545,8.83299e-08
0.840816,0.000292536,8.89125e-08
0.842857,0.000294466,8.95147e-08
0.844898,0.000296327,9.00398e-08
0.846939,0.000298357,9.06442e-08
0.84898,0.000300128,9.11744e-08
0.85102,0.000302249,9.18181e-08
0.853061,0.000304242,9.23793e-08
0.855102,0.000306081,9.29161e-08
0.857143,0.000308067,9.35313e-08
0.859184,0.000310026,9.40748e-08
0.861224,0.000312219,9.47549e-08
0.863265,0.000314056,9.52844e-08
0.865306,0.000315804,9.57806e-08
0.867347,0.00031802,9.64707e-08
0.869388,0.000320027,9.70287e-08
0.871429,0.000322056,9.76126e-08
0.873469,0.000323972,9.82162e-08
0.87551,0.000326223,9.88811e-08
0.877551,0.000328081,9.94211e-08
0.879592,0.00033018,1.00056e-07
0.881633,0.000332228,1.00641e-07
0.883673,0.000334237,1.01269e-07
0.885714,0.000336491,1.01895e-07
0.887755,0.000338381,1.02453e-07
0.889796,0.000340391,1.03029e-07
0.891837,0.000342286,1.03635e-07
0.893878,0.000344614,1.04315e-07
0.895918,0.000346795,1.04977e-07
0.897959,0.000348759,1.05543e-07
0.9,0.000350907,1.06136e-07
0.902041,0.000352906,1.06763e-07
0.904082,0.000355032,1.07355e-07
0.906122,0.000357271,1.08039e-07
0.908163,0.000359288,1.08622e-07
0.910204,0.000361309,1.09213e-07
0.912245,0.000363462,1.09866e-07
0.914286,0.000365488,1.10426e-07
0.916327,0.000367772,1.11151e-07
0.918367,0.000369813,1.11746e-07
0.920408,0.000372135,1.12372e-07
0.922449,0.000374183,1.13001e-07
0.92449,0.000376463,1.13707e-07
0.926531,0.000378488,1.1429e-07
0.928571,0.000380792,1.14951e-07
0.930612,0.000382811,1.15613e-07
0.932653,0.000385174,1.16269e-07
0.934694,0.000387349,1.16921e-07
0.936735,0.000389527,1.17509e-07
0.938776,0.000391849,1.18272e-07
0.940816,0.000393763,1.18791e-07
0.942857,0.000396213,1.19586e-07
0.944898,0.00039841,1.20164e-07
0.946939,0.000400621,1.20863e-07
0.94898,0.000402893,1.21515e-07
0.95102,0.000405014,1.22096e-07
0.953061,0.000407518,1.22807e-07
0.955102,0.00040944,1.23463e-07
0.957143,0.000411732,1.24148e-07
0.959184,0.000414242,1.24854e-07
0.961224,0.000416289,1.25455e-07
0.963265,0.000418506,1.26181e-07
0.965306,0.000420953,1.26847e-07
0.967347,0.000423287,1.27548e-07
0.969388,0.000425421,1.28175e-07
0.971429,0.000427904,1.28906e-07
0.973469,0.00043014,1.29532e-07
0.97551,0.000432404,1.30246e-07
0.977551,0.000434891,1.30983e-07
0.979592,0.000437038,1.31583e-07
0.981633,0.000439202,1.32206e-07
0.983673,0.00044195,1.3305e-07
0.985714,0.000444168,1.33653e-07
0.987755,0.000446111,1.34303e-07
0.989796,0.000448698,1.35077e-07
0.991837,0.000451036,1.35758e-07
0.993878,0.000453388,1.36436e-07
0.995918,0.000455428,1.37066e-07
0.997959,0.000458035,1.37769e-07
1.0,0.000460414,1.38488e-07
1.08163,0.000560206,1.68073e-07
1.16327,0.000668174,2.00146e-07
1.2449,0.000784556,2.34838e-07
1.32653,0.000909182,2.72189e-07
1.40816,0.00104134,3.11995e-07
1.4898,0.00118134,3.54349e-07
1.57143,0.00132772,3.98785e-07
1.65306,0.00148168,4.45825e-07
1.73469,0.00164043,4.94755e-07
1.81633,0.00180776,5.46274e-07
1.89796,0.00197884,5.99388e-07
1.97959,0.00215841,6.55604e-07
2.06122,0.0023426,7.13245e-07
2.14286,0.00253412,7.73855e-07
2.22449,0.00272732,8.35416e-07
2.30612,0.00293048,8.9958e-07
2.38776,0.00313508,9.6552e-07
2.46939,0.0033426,1.0329e-06
2.55102,0.0035616,1.10279e-06
2.63265,0.00378038,1.17482e-06
2.71429,0.00400516,1.24868e-06
2.79592,0.00423666,1.32425e-06
2.87755,0.00446924,1.40093e-06
2.95918,0.00470591,1.47935e-06
3.04082,0.00494824,1.56015e-06
3.12245,0.00519565,1.64249e-06
3.20408,0.00544423,1.72671e-06
3.28571,0.00569804,1.81129e-06
3.36735,0.00595277,1.89797e-06
3.44898,0.00621494,1.98747e-06
3.53061,0.00648061,2.07739e-06
3.61224,0.00674732,2.16978e-06
3.69388,0.00702155,2.26407e-06
3.77551,0.0072931,2.35754e-06
3.85714,0.00756827,2.45284e-06
3.93878,0.00785497,2.55286e-06
4.02041,0.0081392,2.65294e-06
4.10204,0.00842446,2.75351e-06
4.18367,0.00871283,2.8534e-06
4.26531,0.00901342,2.95964e-06
4.34694,0.00930793,3.06444e-06
4.42857,0.0096008,3.16762e-06
4.5102,0.00991112,3.27943e-06
4.59184,0.0102132,3.38718e-06
4.67347,0.0105172,3.49747e-06
4.7551,0.0108253,3.60635e-06
4.83673,0.0111427,3.72284e-06
4.91837,0.0114615,3.83554e-06
5.0,0.0117826,3.95417e-06
5.10204,0.0121777,4.09887e-06
5.20408,0.0125857,4.24634e-06
5.30612,0.0129979,4.3987e-06
5.40816,0.0134064,4.54836e-06
5.5102,0.0138242,4.70659e-06
5.61224,0.0142418,4.86038e-06
5.71429,0.0146721,5.02032e-06
5.81633,0.0150873,5.17536e-06
5.91837,0.0155194,5.33873e-06
6.02041,0.0159584,5.49979e-06
6.12245,0.016391,5.66501e-06
6.22449,0.0168302,5.83309e-06
6.32653,0.0172813,6.00431e-06
6.42857,0.0177276,6.17283e-06
6.53061,0.0181677,6.34477e-06
6.63265,0.0186247,6.51409e-06
6.73469,0.0190762,6.69259e-06
6.83673,0.0195247,6.86378e-06
6.93878,0.0200061,7.05331e-06
7.04082,0.0204525,7.22452e-06
7.14286,0.0209388,7.41388e-06
7.2449,0.0213899,7.58944e-06
7.34694,0.0218639,7.77445e-06
7.44898,0.0223424,7.96174e-06
7.55102,0.0228142,8.148e-06
7.65306,0.0232992,8.341e-06
7.7551,0.0237718,8.52584e-06
7.85714,0.0242682,8.72458e-06
7.95918,0.0247507,8.91245e-06
8.06122,0.0252452,9.107e-06
8.16327,0.0257292,9.30516e-06
8.26531,0.0262163,9.49935e-06
8.36735,0.0267268,9.69529e-06
8.46939,0.0272169,9.90038e-06
8.57143,0.0277502,1.0114e-05
8.67347,0.0282024,1.03033e-05
8.77551,0.0287393,1.05171e-05
8.87755,0.029252,1.0714e-05
8.97959,0.029754,1.09242e-05
9.08163,0.0302685,1.11348e-05
9.18367,0.0307908,1.13476e-05
9.28571,0.0313188,1.15652e-05
9.38776,0.0318029,1.1759e-05
9.4898,0.0323254,1.19763e-05
9.59184,0.0328474,1.21967e-05
9.69388,0.0333906,1.24196e-05
9.79592,0.0339079,1.26365e-05
9.89796,0.0344356,1.28575e-05
10.0,0.0349633,1.30639e-05
10.2041,0.0360368,1.35111e-05
10.4082,0.037124,1.39655e-05
10.6122,0.0381822,1.44124e-05
10.8163,0.0392858,1.48878e-05
11.0204,0.0403822,1.5336e-05
11.2245,0.0414818,1.58193e-05
11.4286,0.0426119,1.62957e-05
11.6327,0.0437221,1.67515e-05
11.8367,0.044827,1.72332e-05
12.0408,0.045971,1.77432e-05
12.2449,0.0470796,1.81953e-05
12.449,0.0482268,1.87022e-05
12.6531,0.0493871,1.91918e-05
12.8571,0.0505644,1.97104e-05
13.0612,0.0516696,2.02059e-05
13.2653,0.0528702,2.07254e-05
13.4694,0.0540498,2.12541e-05
13.6735,0.0552446,2.17705e-05
13.8776,0.0564606,2.23097e-05
14.0816,0.0575869,2.27935e-05
14.2857,0.0587878,2.33421e-05
14.4898,0.0599336,2.38581e-05
14.6939,0.0612032,2.44078e-05
14.898,0.0624018,2.49474e-05
15.102,0.0636005,2.5489e-05
15.3061,0.0648555,2.6052e-05
15.5102,0.0660441,2.65801e-05
15.7143,0.0672526,2.71386e-05
15.9184,0.0685196,2.77191e-05
16.1224,0.0697232,2.82464e-05
16.3265,0.0710221,2.88363e-05
16.5306,0.0721819,2.9391e-05
16.7347,0.0734768,2.99679e-05
16.9388,0.0747656,3.05644e-05
17.1429,0.0760153,3.11452e-05
17.3469,0.0772556,3.17004e-05
17.551,0.0785562,3.2312e-05
17.7551,0.0797599,3.28726e-05
17.9592,0.0810024,3.34305e-05
18.1633,0.0823305,3.40553e-05
18.3673,0.08368,3.46535e-05
18.5714,0.0849344,3.52936e-05
18.7755,0.086208,3.58539e-05
18.9796,0.0874987,3.6472e-05
19.1837,0.0888435,3.7127e-05
19.3878,0.0901455,3.76962e-05
19.5918,0.0914404,3.83433e-05
19.7959,0.0927883,3.89656e-05
20.0,0.0940813,3.95692e-05
20.4082,0.0966255,4.07702e-05
20.8163,0.0993639,4.21166e-05
21.2245,0.102005,4.3329e-05
21.6327,0.104712,4.46444e-05
22.0408,0.107477,4.5962e-05
22.449,0.11018,4.72513e-05
22.8571,0.112823,4.85867e-05
23.2653,0.115636,4.99277e-05
23.6735,0.118378,5.12709e-05
24.0816,0.121048,5.25822e-05
24.4898,0.123977,5.40487e-05
24.898,0.126631,5.53182e-05
25.3061,0.129435,5.67353e-05
25.7143,0.132173,5.80222e-05
26.1224,0.135084,5.95008e-05
26.5306,0.1379,6.08545e-05
26.9388,0.140758,6.23256e-05
27.3469,0.143578,6.37111e-05
27.7551,0.146406,6.51874e-05
28.1633,0.149364,6.66869e-05
28.5714,0.152253,6.81357e-05
28.9796,0.154942,6.94388e-05
29.3878,0.15791,7.09948e-05
29.7959,0.161042,7.26199e-05
30.2041,0.163817,7.39188e-05
30.6122,0.166854,7.55338e-05
31.0204,0.169711,7.69512e-05
31.4286,0.172486,7.841e-05
31.8367,0.175639,8.00218e-05
32.2449,0.178576,8.15486e-05
32.6531,0.181642,8.31702e-05
33.0612,0.18445,8.45418e-05
33.4694,0.187398,8.60096e-05
33.8776,0.190493,8.77553e-05
34.2857,0.193537,8.92624e-05
34.6939,0.196367,9.07941e-05
35.102,0.199575,9.24952e-05
35.5102,0.202423,9.40447e-05
35.9184,0.205604,9.56079e-05
36.3265,0.208658,9.72669e-05
36.7347,0.211693,9.87785e-05
37.1429,0.214784,0.000100484
37.551,0.217865,0.000102117
37.9592,0.221028,0.000103849
38.3673,0.22398,0.000105427
38.7755,0.227037,0.000106987
39.1837,0.230151,0.000108523
39.5918,0.23331,0.00011026
40.0,0.236512,0.000111969
40.4082,0.239598,0.000113578
40.8163,0.242866,0.000115527
41.2245,0.24579,0.000117089
41.6327,0.248784,0.000118564
42.0408,0.251962,0.000120367
42.449,0.25523,0.00012198
42.8571,0.258449,0.000123704
43.2653,0.261659,0.000125699
43.6735,0.264452,0.000127132
44.0816,0.26803,0.000128992
44.4898,0.271248,0.000130712
44.898,0.27424,0.000132238
45.3061,0.277432,0.000134396
45.7143,0.280896,0.000135994
46.1224,0.283928,0.000137686
46.5306,0.287306,0.000139866
46.9388,0.290324,0.000141218
47.3469,0.293484,0.000143016
47.7551,0.296548,0.000144689
48.1633,0.299985,0.000146408
48.5714,0.303355,0.000148712
48.9796,0.3065,0.000150292
49.3878,0.309843,0.000152141
49.7959,0.313011,0.000153813
50.2041,0.316151,0.000155317
50.6122,0.319712,0.000157429
51.0204,0.322901,0.000159203
51.4286,0.326166,0.000161093
51.8367,0.329724,0.000163098
52.2449,0.332661,0.000164943
52.6531,0.335906,0.0001665
53.0612,0.339509,0.000168604
53.4694,0.343199,0.000170714
53.8776,0.345953,0.000172415
54.2857,0.349381,0.000174197
54.6939,0.352454,0.000175788
55.102,0.356165,0.000178071
55.5102,0.359365,0.000179741
55.9184,0.362532,0.000181716
56.3265,0.365859,0.000183532
56.7347,0.369426,0.000185729
57.1429,0.372331,0.000186753
57.551,0.376333,0.000189377
57.9592,0.379107,0.000190861
58.3673,0.382688,0.000193129
58.7755,0.385835,0.000194743
59.1837,0.389469,0.000196699
59.5918,0.392946,0.000198965
60.0,0.396051,0.000200695
60.4082,0.399593,0.000202603
60.8163,0.403037,0.000204605
61.2245,0.406502,0.000206614
61.6327,0.410235,0.000208855
62.0408,0.412876,0.000210526
62.449,0.416545,0.000212367
62.8571,0.420198,0.000214628
63.2653,0.423413,0.000216754
63.6735,0.427159,0.000218681
64.0816,0.430476,0.000220798
64.4898,0.434059,0.000222663
64.898,0.437101,0.00022427
65.3061,0.440352,0.000225813
65.7143,0.444291,0.000228474
66.1224,0.447742,0.000230795
66.5306,0.451091,0.000232376
66.9388,0.454655,0.000234378
67.3469,0.458185,0.000236459
67.7551,0.461044,0.000238082
68.1633,0.464601,0.000240521
68.5714,0.468288,0.000242714
68.9796,0.47174,0.000244285
69.3878,0.475041,0.000246653
69.7959,0.478357,0.000248367
70.2041,0.481892,0.000250617
70.6122,0.485527,0.000252556
71.0204,0.489197,0.000254554
71.4286,0.492551,0.000256198
71.8367,0.496184,0.00025846
72.2449,0.499518,0.000260932
72.6531,0.503573,0.000263235
73.0612,0.50644,0.000265047
73.4694,0.510412,0.000267036
73.8776,0.513922,0.000269414
74.2857,0.517041,0.000270709
74.6939,0.521392,0.000273726
75.102,0.524168,0.000275503
75.5102,0.528,0.000277312
75.9184,0.531724,0.000279687
76.3265,0.535116,0.000281633
76.7347,0.538648,0.000284205
77.1429,0.541827,0.000285664
77.551,0.545699,0.000288243
77.9592,0.549018,0.000290192
78.3673,0.552663,0.000292234
78.7755,0.556371,0.000294766
79.1837,0.559568,0.000296277
79.5918,0.562827,0.000297965
80.0,0.567047,0.000300722
80.4082,0.570416,0.000302811
80.8163,0.574732,0.000305879
81.2245,0.57768,0.000307315
81.6327,0.581353,0.000309644
82.0408,0.584895,0.000311651
82.449,0.58827,0.000313653
82.8571,0.592327,0.000315735
83.2653,0.594906,0.000317038
83.6735,0.59917,0.000320143
84.0816,0.602747,0.000322105
84.4898,0.606429,0.000324081
84.898,0.609978,0.00032679
85.3061,0.613784,0.000329106
85.7143,0.617316,0.000330826
86.1224,0.62133,0.00033365
86.5306,0.624334,0.000335745
86.9388,0.628386,0.000338408
87.3469,0.632115,0.000339586
87.7551,0.635653,0.000342511
88.1633,0.639057,0.000344308
88.5714,0.642583,0.000346848
88.9796,0.646297,0.000349038
89.3878,0.649412,0.000350194
89.7959,0.653344,0.000353107
90.2041,0.657148,0.000354824
90.6122,0.661027,0.000356972
91.0204,0.664234,0.000359666
91.4286,0.667756,0.000361354
91.8367,0.672133,0.000364522
92.2449,0.675498,0.000365935
92.6531,0.67968,0.000369088
93.0612,0.682835,0.00037143
93.4694,0.686952,0.00037378
93.8776,0.691026,0.000376234
94.2857,0.693585,0.000377424
94.6939,0.697413,0.00038005
95.102,0.700865,0.000382054
95.5102,0.704499,0.00038449
95.9184,0.708606,0.000387058
96.3265,0.712613,0.000389023
96.7347,0.715554,0.00039138
97.1429,0.719256,0.000393112
97.551,0.723324,0.000396083
97.9592,0.727129,0.000398566
98.3673,0.730865,0.00040004
98.7755,0.734219,0.000401595
99.1837,0.737051,0.000403559
99.5918,0.741969,0.000407504
100.0,0.74623,0.000409672
100.816,0.752998,0.000414121
101.633,0.760574,0.000418794
102.449,0.767795,0.000423675
103.265,0.775687,0.000428015
104.082,0.783041,0.000433303
104.898,0.791388,0.000438406
105.714,0.798288,0.000442616
106.531,0.805368,0.000447035
107.347,0.812722,0.000451388
108.163,0.821019,0.000457591
108.98,0.828767,0.000462109
109.796,0.835765,0.000465605
110.612,0.842928,0.000470194
111.429,0.8504,0.000475682
112.245,0.85756,0.000479124
113.061,0.865533,0.000484202
113.878,0.873517,0.000489488
114.694,0.881447,0.000495302
115.51,0.888485,0.00049967
116.327,0.895511,0.000503146
117.143,0.903309,0.000507659
117.959,0.9115,0.000513667
118.776,0.919265,0.000518633
119.592,0.9266,0.000523753
120.408,0.933959,0.000527478
121.224,0.941736,0.000533116
122.041,0.949161,0.000537017
122.857,0.957156,0.000543235
123.673,0.965388,0.000547988
124.49,0.971526,0.000551278
125.306,0.980644,0.000557514
126.122,0.988693,0.000563429
126.939,0.996146,0.0005672
127.755,1.00388,0.000571728
128.571,1.01125,0.000576712
129.388,1.01941,0.000582341
130.204,1.0255,0.000586437
131.02,1.03506,0.000593573
131.837,1.04219,0.000597507
132.653,1.05095,0.000603573
133.469,1.05894,0.000607877
134.286,1.06556,0.000612498
135.102,1.07409,0.000618562
135.918,1.08121,0.00062141
136.735,1.08984,0.000628832
137.551,1.09775,0.00063272
138.367,1.1047,0.00063823
139.184,1.11294,0.00064295
140.0,1.12077,0.000646674
140.816,1.12811,0.000651188
141.633,1.13676,0.00065871
142.449,1.14389,0.000661065
143.265,1.15147,0.000667556
144.082,1.15951,0.000672824
144.898,1.16837,0.000678541
145.714,1.1753,0.000682487
146.531,1.18303,0.000687374
147.347,1.19138,0.000695009
148.163,1.19916,0.000699241
148.98,1.20841,0.000705621
149.796,1.21393,0.000707453
150.612,1.22436,0.000716956
151.429,1.23053,0.000719011
152.245,1.23939,0.000725706
153.061,1.24811,0.000732269
153.878,1.25498,0.000734548
154.694,1.26281,0.000739571
155.51,1.27105,0.000745749
156.327,1.27865,0.000751318
157.143,1.28723,0.000757659
157.959,1.29449,0.000761796
158.776,1.30244,0.000766053
159.592,1.3106,0.000771015
160.408,1.31818,0.000775507
161.224,1.32764,0.000783647
162.041,1.33359,0.000788677
162.857,1.34157,0.000791782
163.673,1.35101,0.000797924
164.49,1.35938,0.000805098
165.306,1.3683,0.000812029
166.122,1.37418,0.000813961
166.939,1.38456,0.000823754
167.755,1.39227,0.000826761
168.571,1.39848,0.000830265
169.388,1.40635,0.00083679
170.204,1.41689,0.000843568
171.02,1.42286,0.000844799
171.837,1.43314,0.000854452
172.653,1.44019,0.00085823
173.469,1.44779,0.000863144
174.286,1.45559,0.000867684
175.102,1.46493,0.000874408
175.918,1.47184,0.000878791
176.735,1.4801,0.00088352
177.551,1.48829,0.000889513
178.367,1.49731,0.000893752
179.184,1.50512,0.000902404
180.0,1.51368,0.000906466
180.816,1.52082,0.00091361
181.633,1.5292,0.000915803
182.449,1.53728,0.00092427
183.265,1.54493,0.000927691
184.082,1.5534,0.00093643
184.898,1.5613,0.000938573
185.714,1.5716,0.000946602
186.531,1.57789,0.000950132
187.347,1.58724,0.0009576
188.163,1.59497,0.000962026
188.98,1.60176,0.000966953
189.796,1.61153,0.000974529
190.612,1.61913,0.000977875
191.429,1.62989,0.000985798
192.245,1.63549,0.000987532
193.061,1.64401,0.000994172
193.878,1.65391,0.00100238
194.694,1.66147,0.00100641
195.51,1.6698,0.00101322
196.327,1.67695,0.00101728
197.143,1.68472,0.00102253
197.959,1.69279,0.00102822
198.776,1.70182,0.00103595
199.592,1.71115,0.00104209
200.408,1.71895,0.00104253
201.224,1.72758,0.00105412
202.041,1.73607,0.00105774
202.857,1.74298,0.00106351
203.673,1.75315,0.00107129
204.49,1.75889,0.00107188
205.306,1.76879,0.00108038
206.122,1.77898,0.00108712
206.939,1.78572,0.00109246
207.755,1.79497,0.00110109
208.571,1.80509,0.00110683
209.388,1.80887,0.00110855
210.204,1.82044,0.00111564
211.02,1.82605,0.00111981
211.837,1.83546,0.00112341
212.653,1.84446,0.00113235
213.469,1.85385,0.00113963
214.286,1.85867,0.00113997
215.102,1.86814,0.00114978
215.918,1.87579,0.00115185
216.735,1.8855,0.0011598
217.551,1.89343,0.00116593
218.367,1.90171,0.00117244
219.184,1.91128,0.0011779
220.0,1.91996,0.00118425
221.633,1.93453,0.00119234
223.265,1.95275,0.00120918
224.898,1.9703,0.0012191
226.531,1.98583,0.00122938
228.163,2.00617,0.00124493
229.796,2.01896,0.00125237
231.429,2.03842,0.00126769
233.061,2.0527,0.00127788
234.694,2.07007,0.00128374
236.327,2.08877,0.00130059
237.959,2.10409,0.00131249
239.592,2.1234,0.00132995
241.224,2.13901,0.00133706
242.857,2.15651,0.00134978
244.49,2.17496,0.00136349
246.122,2.19325,0.00137482
247.755,2.20774,0.00138553
249.388,2.22403,0.00139976
251.02,2.24099,0.0014052
252.653,2.2582,0.00141654
254.286,2.27499,0.00142942
255.918,2.29362,0.0014435
257.551,2.30973,0.00145729
259.184,2.32836,0.00146986
260.816,2.34583,0.00147952
262.449,2.36279,0.00149211
264.082,2.38091,0.00150593
265.714,2.39584,0.00151258
267.347,2.41512,0.00152877
268.98,2.43055,0.00154459
270.612,2.4471,0.00155584
272.245,2.46436,0.00156468
273.878,2.48237,0.00157353
275.51,2.5008,0.00158973
277.143,2.5174,0.00160105
278.776,2.534,0.00160875
280.408,2.55301,0.00162707
282.041,2.56952,0.00163741
283.673,2.58551,0.00165102
285.306,2.60319,0.00166037
286.939,2.62575,0.00168172
288.571,2.63942,0.0016905
290.204,2.65732,0.00170299
291.837,2.67507,0.00171455
293.469,2.69008,0.00172364
295.102,2.7089,0.00173489
296.735,2.72536,0.00175049
298.367,2.74306,0.00175812
300.0,2.76293,0.00177988
301.633,2.78111,0.00178924
303.265,2.79735,0.00180264
304.898,2.81476,0.0018104
306.531,2.82965,0.00181953
308.163,2.85319,0.00183919
309.796,2.8685,0.00185374
311.429,2.88261,0.00185845
313.061,2.90345,0.00187812
314.694,2.91694,0.00188294
316.327,2.93837,0.00189865
317.959,2.955,0.00191657
319.592,2.97294,0.00192838
321.224,2.99232,0.00194844
322.857,3.01094,0.00195429
324.49,3.02367,0.00196363
326.122,3.0444,0.00197994
327.755,3.05838,0.00198736
329.388,3.07975,0.00200341
331.02,3.0984,0.00201417
332.653,3.11541,0.00203893
334.286,3.13422,0.00204863
335.918,3.15461,0.0020622
337.551,3.17,0.00207162
339.184,3.1849,0.00207931
340.816,3.20367,0.00208619
342.449,3.22302,0.00210878
344.082,3.24007,0.00211694
345.714,3.25438,0.00212946
347.347,3.27611,0.00214577
348.98,3.29045,0.00214953
350.612,3.30806,0.00217446
352.245,3.33235,0.0022008
353.878,3.34841,0.00220841
355.51,3.36824,0.002216
357.143,3.38511,0.00222696
358.776,3.39687,0.00223362
360.408,3.41917,0.0022558
362.041,3.44021,0.00226442
363.673,3.45592,0.00228161
365.306,3.47321,0.00229495
366.939,3.49448,0.00230843
368.571,3.50842,0.00232203
370.204,3.52286,0.00232315
371.837,3.541,0.00233922
373.469,3.5661,0.0023638
375.102,3.57628,0.00236327
376.735,3.59947,0.00238844
378.367,3.6206,0.00240307
380.0,3.63367,0.00240077
382.449,3.66072,0.00242175
384.898,3.69077,0.00245202
387.347,3.71568,0.00245843
389.796,3.74237,0.00248885
392.245,3.77188,0.00250474
394.694,3.79408,0.00252618
397.143,3.82222,0.00254178
399.592,3.85578,0.00257631
402.041,3.87934,0.00259126
404.49,3.91006,0.00262205
406.939,3.93912,0.00264501
409.388,3.96161,0.00265232
411.837,3.99911,0.00268728
414.286,4.02111,0.0026951
416.735,4.04789,0.00271852
419.184,4.06661,0.00272087
421.633,4.09819,0.00274784
424.082,4.12742,0.0027748
426.531,4.15651,0.00279633
428.98,4.18216,0.00282011
431.429,4.21292,0.00283844
433.878,4.23716,0.00284898
436.327,4.26225,0.00287102
438.776,4.289,0.00288986
441.224,4.32639,0.00292749
443.673,4.35093,0.00294233
446.122,4.38492,0.00296976
448.571,4.40453,0.0029777
451.02,4.42975,0.00299783
453.469,4.46343,0.00303687
455.918,4.48866,0.00304388
458.367,4.51569,0.0030583
460.816,4.54102,0.00308413
463.265,4.57477,0.00311263
465.714,4.60027,0.00312504
468.163,4.62723,0.00314267
470.612,4.65488,0.00316978
473.061,4.68369,0.00317656
475.51,4.71168,0.00321074
477.959,4.74056,0.00323087
480.408,4.76275,0.00326247
482.857,4.80423,0.00329209
485.306,4.82798,0.00330639
487.755,4.85279,0.00331368
490.204,4.88792,0.00335267
492.653,4.90941,0.00336058
495.102,4.93943,0.00338291
497.551,4.96671,0.00340479
500.0,4.99266,0.00342326
502.449,5.01623,0.00343016
504.898,5.04482,0.00345532
507.347,5.06809,0.00347898
509.796,5.11487,0.00352563
512.245,5.13396,0.00353835
514.694,5.16311,0.00355536
517.143,5.18549,0.00358108
519.592,5.22408,0.00360779
522.041,5.23529,0.00360617
524.49,5.27939,0.00364132
526.939,5.30553,0.00366407
529.388,5.32944,0.0036795
531.837,5.36443,0.00371166
534.286,5.38578,0.00373287
536.735,5.41938,0.00375795
539.184,5.44416,0.00378095
541.633,5.47548,0.00379128
544.082,5.4956,0.00381177
546.531,5.52868,0.00382342
548.98,5.56576,0.00387656
551.429,5.59311,0.00389213
553.878,5.61355,0.00388953
556.327,5.64351,0.0039197
558.776,5.67364,0.00395341
561.224,5.70285,0.00397039
563.673,5.73655,0.00400772
566.122,5.75063,0.00400487
568.571,5.78924,0.00403338
571.02,5.81661,0.00405799
573.469,5.84732,0.00406725
575.918,5.87397,0.00409583
578.367,5.90333,0.00411379
580.816,5.92821,0.00411968
583.265,5.96002,0.00417191
585.714,5.98795,0.00421606
588.163,6.01081,0.00419615
590.612,6.04509,0.0042302
593.061,6.0729,0.00423816
595.51,6.10766,0.00427052
597.959,6.13243,0.00429417
600.408,6.1748,0.00434686
602.857,6.1934,0.00434101
605.306,6.2172,0.00436681
607.755,6.24401,0.00437875
610.204,6.27258,0.00441976
612.653,6.30366,0.0044153
615.102,6.33444,0.00445745
617.551,6.3561,0.00445073
620.0,6.39255,0.004519
622.449,6.42437,0.0045276
624.898,6.44929,0.00455898
627.347,6.48373,0.00459403
629.796,6.51457,0.00458942
632.245,6.53267,0.00461236
634.694,6.5668,0.00462432
637.143,6.58996,0.00465401
639.592,6.62856,0.00469077
642.041,6.65057,0.00469712
644.49,6.69257,0.00473443
646.939,6.71599,0.0047668
649.388,6.7368,0.00476615
651.837,6.76872,0.00479534
654.286,6.8071,0.00484038
656.735,6.83383,0.00483919
659.184,6.85403,0.00487279
661.633,6.8805,0.00487675
664.082,6.90679,0.00492962
666.531,6.93954,0.00489178
668.98,6.98147,0.00496161
671.429,7.00293,0.00498891
673.878,7.03808,0.00502031
676.327,7.06371,0.00505087
678.776,7.09194,0.00505943
681.224,7.11303,0.00507483
683.673,7.14487,0.00506422
686.122,7.17765,0.00511124
688.571,7.20634,0.00513379
691.02,7.23387,0.00516566
693.469,7.2641,0.00518364
695.918,7.30755,0.00524489
698.367,7.32866,0.00522546
700.816,7.35883,0.00526748
703.265,7.38276,0.00528242
705.714,7.40646,0.00530323
708.163,7.44082,0.0053196
710.612,7.47211,0.0053667
713.061,7.49608,0.00534139
715.51,7.53722,0.00542293
717.959,7.55987,0.00542481
720.408,7.58831,0.00544559
722.857,7.61732,0.00548
725.306,7.64633,0.0054776
727.755,7.68144,0.00548421
730.204,7.7062,0.00551967
732.653,7.7383,0.00555716
735.102,7.75681,0.00554672
737.551,7.78938,0.00559749
740.0,7.8255,0.00563054
743.265,7.86002,0.00564014
746.531,7.89961,0.00569028
749.796,7.94048,0.00571331
753.061,7.99482,0.00576392
756.327,8.02343,0.00576206
759.592,8.06493,0.00578104
762.857,8.10225,0.0058505
766.122,8.13127,0.00584095
769.388,8.17745,0.00589455
772.653,8.22285,0.00595854
775.918,8.25995,0.0059423
779.184,8.30076,0.00597819
782.449,8.33622,0.00601793
785.714,8.37188,0.00606078
788.98,8.41499,0.00609598
792.245,8.46308,0.00618084
795.51,8.49283,0.00617553
798.776,8.53583,0.00617233
802.041,8.57081,0.00616325
805.306,8.60759,0.00625513
808.571,8.6434,0.00629174
811.837,8.7024,0.00634415
815.102,8.73258,0.00634915
818.367,8.77028,0.00634476
821.633,8.8131,0.00640599
824.898,8.85465,0.00644061
828.163,8.89567,0.00644279
831.429,8.92963,0.00649066
834.694,8.97484,0.00656091
837.959,9.01808,0.00656433
841.224,9.05679,0.00662579
844.49,9.09239,0.00665834
847.755,9.13795,0.00663248
851.02,9.17611,0.00668977
854.286,9.21577,0.00675419
857.551,9.25016,0.00677604
860.816,9.29393,0.00679079
864.082,9.32375,0.00683293
867.347,9.37994,0.00690055
870.612,9.40627,0.00687298
873.878,9.44989,0.0069178
877.143,9.49142,0.00694868
880.408,9.53619,0.0069669
883.673,9.56899,0.00700673
886.939,9.61038,0.00703985
890.204,9.65377,0.0070885
893.469,9.70395,0.00712761
896.735,9.74123,0.00714402
900.0,9.79001,0.00716091
903.265,9.82264,0.00719183
906.531,9.86625,0.0072817
909.796,9.919,0.0073282
913.061,9.94711,0.00736963
916.327,9.98838,0.0073715
919.592,10.0184,0.00737924
922.857,10.0723,0.00745494
926.122,10.1022,0.00745452
929.388,10.1357,0.00749426
932.653,10.1708,0.00751167
935.918,10.2323,0.00757159
939.184,10.2668,0.00760319
942.449,10.3004,0.00760177
945.714,10.3321,0.0076292
948.98,10.3837,0.00765934
952.245,10.407,0.00768203
955.51,10.4742,0.0077743
958.776,10.5078,0.00782087
962.041,10.5364,0.00785124
965.306,10.5851,0.00785154
968.571,10.6168,0.00782987
971.837,10.6415,0.00779033
975.102,10.7062,0.00789955
978.367,10.7527,0.00798478
981.633,10.7824,0.00799151
984.898,10.8143,0.00800764
988.163,10.8586,0.0080205
991.429,10.9006,0.00811114
994.694,10.9557,0.00815477
997.959,10.9986,0.00820316
1001.22,11.0308,0.00822584
1004.49,11.075,0.00826464
1007.76,11.0978,0.00824225
1011.02,11.1675,0.00832572
1014.29,11.1967,0.00833571
1017.55,11.2277,0.00836353
1020.82,11.267,0.0083612
1024.08,11.3175,0.00840794
1027.35,11.3523,0.00848202
1030.61,11.3846,0.00846826
1033.88,11.4317,0.00850017
1037.14,11.4856,0.00855693
1040.41,11.5278,0.00858246
1043.67,11.5703,0.00870816
1046.94,11.6215,0.00872021
1050.2,11.6418,0.00866556
1053.47,11.6807,0.00877427
1056.73,11.7256,0.00878795
1060.0,11.7712,0.00878577
1064.9,11.8225,0.00883463
1069.8,11.8891,0.00891142
1074.69,11.9573,0.00898308
1079.59,12.0148,0.00902056
1084.49,12.0701,0.00906791
1089.39,12.1402,0.00912111
1094.29,12.2102,0.00919887
1099.18,12.2663,0.00923003
1104.08,12.3149,0.00926266
1108.98,12.3828,0.00924848
1113.88,12.446,0.00932792
1118.78,12.5084,0.00939522
1123.67,12.573,0.00946156
1128.57,12.6377,0.0094851
1133.47,12.7106,0.00957175
1138.37,12.7597,0.00958471
1143.27,12.8355,0.00965794
1148.16,12.8842,0.00968629
1153.06,12.9405,0.00974981
1157.96,13.0005,0.00978197
1162.86,13.0628,0.00996274
1167.76,13.1315,0.00991743
1172.65,13.2008,0.010033
1177.55,13.2438,0.0100055
1182.45,13.3183,0.0100416
1187.35,13.3832,0.0101342
1192.24,13.4336,0.0101389
1197.14,13.494,0.0102356
1202.04,13.5627,0.0103411
1206.94,13.6213,0.0102965
1211.84,13.6798,0.0103788
1216.73,13.7424,0.0104022
1221.63,13.7993,0.0104266
1226.53,13.8694,0.0105261
1231.43,13.9349,0.0106116
1236.33,14.0264,0.0106428
1241.22,14.0692,0.0107031
1246.12,14.1179,0.010707
1251.02,14.1832,0.0108506
1255.92,14.242,0.0107604
1260.82,14.327,0.0109235
1265.71,14.3954,0.0111242
1270.61,14.4243,0.011022
1275.51,14.5003,0.0110201
1280.41,14.5767,0.0111371
1285.31,14.6482,0.0112097
1290.2,14.7168,0.0112807
1295.1,14.7709,0.011364
1300.0,14.8114,0.0112499
1304.9,14.8886,0.0114124
1309.8,14.9545,0.0114198
1314.69,15.0266,0.0116485
1319.59,15.0874,0.0115299
1324.49,15.128,0.0115206
1329.39,15.1944,0.0115278
1334.29,15.2648,0.0117095
1339.18,15.3436,0.0118294
1344.08,15.4078,0.0119021
1348.98,15.4541,0.0118367
1353.88,15.5259,0.0118914
1358.78,15.5863,0.0120619
1363.67,15.6641,0.0121439
1368.57,15.6879,0.0119786
1373.47,15.7885,0.0121345
1378.37,15.8134,0.0121172
1383.27,15.8996,0.0122868
1388.16,15.9659,0.0123631
1393.06,16.0048,0.0122949
1397.96,16.0949,0.0125215
1402.86,16.1565,0.0125234
1407.76,16.2072,0.0124712
1412.65,16.2792,0.012475
1417.55,16.3547,0.0127119
1422.45,16.4089,0.0127159
1427.35,16.4773,0.0127377
1432.24,16.5253,0.0128175
1437.14,16.5913,0.0128416
1442.04,16.6604,0.0129497
1446.94,16.7223,0.0129639
1451.84,16.7662,0.013031
1456.73,16.8585,0.0130706
1461.63,16.9208,0.0130251
1466.53,16.9848,0.0131278
1471.43,17.0502,0.0131943
1476.33,17.1201,0.0131854
1481.22,17.1783,0.0133447
1486.12,17.2426,0.013283
1491.02,17.302,0.0135201
1495.92,17.3668,0.0134586
1500.82,17.4425,0.0137172
1505.71,17.4748,0.0136517
1510.61,17.582,0.0136872
1515.51,17.619,0.0136915
1520.41,17.6868,0.0138438
1525.31,17.7752,0.0139277
1530.2,17.8158,0.0138019
1535.1,17.8525,0.0138382
1540.0,17.9476,0.0140523
1547.35,18.0453,0.0141015
1554.69,18.136,0.0140939
1562.04,18.2351,0.0142309
1569.39,18.3154,0.014219
1576.73,18.4346,0.0143735
1584.08,18.5053,0.0144234
1591.43,18.6067,0.0145115
1598.78,18.7203,0.0147194
1606.12,18.8154,0.0146263
1613.47,18.9049,0.0148152
1620.82,18.9765,0.0147932
1628.16,19.0813,0.0150024
1635.51,19.1968,0.0150163
1642.86,19.2972,0.0150611
1650.2,19.3721,0.0151352
1657.55,19.4996,0.0151911
1664.9,19.5772,0.0155105
1672.24,19.665,0.0155335
1679.59,19.7678,0.015593
1686.94,19.8542,0.0155077
1694.29,19.9569,0.0157622
1701.63,20.0679,0.0158722
1708.98,20.1595,0.0159141
1716.33,20.29,0.0159475
1723.67,20.3764,0.0162356
1731.02,20.4692,0.0161292
1738.37,20.5892,0.0162285
1745.71,20.6498,0.0162684
1753.06,20.7091,0.0163442
1760.41,20.8444,0.0165288
1767.76,20.9615,0.0165579
1775.1,21.0481,0.0164824
1782.45,21.1348,0.0168137
1789.8,21.2229,0.0166971
1797.14,21.3438,0.0168355
1804.49,21.4335,0.0168225
1811.84,21.5554,0.0169884
1819.18,21.6407,0.0170764
1826.53,21.7188,0.017165
1833.88,21.8142,0.0172019
1841.22,21.8967,0.0172579
1848.57,22.048,0.0175823
1855.92,22.1508,0.0176945
1863.27,22.2175,0.0176121
1870.61,22.3011,0.0177733
1877.96,22.3915,0.0177163
1885.31,22.5557,0.0180183
1892.65,22.6074,0.0179141
1900.0,22.7438,0.0181007
1907.35,22.8125,0.0181497
1914.69,22.9349,0.0184102
1922.04,23.0181,0.0182121
1929.39,23.0757,0.0181826
1936.73,23.213,0.0184958
1944.08,23.3218,0.0185914
1951.43,23.3819,0.0184935
1958.78,23.5034,0.0188355
1966.12,23.6116,0.0186989
1973.47,23.7072,0.018938
1980.82,23.8012,0.0190799
1988.16,23.8957,0.0191224
1995.51,24.0012,0.0193142
2002.86,24.0498,0.0189761
2010.2,24.2089,0.0192652
2017.55,24.3113,0.019622
2024.9,24.3712,0.0193169
2032.24,24.4959,0.0195546
2039.59,24.6118,0.0196703
2046.94,24.6695,0.0197698
2054.29,24.7965,0.019774
2061.63,24.8747,0.0198598
2068.98,25.0082,0.0198884
2076.33,25.089,0.020234
2083.67,25.1762,0.0202042
2091.02,25.2825,0.0201544
2098.37,25.3588,0.0204487
2105.71,25.5022,0.020493
2113.06,25.5981,0.0206679
2120.41,25.6773,0.0204549
2127.76,25.7543,0.0205746
2135.1,25.9027,0.0206881
2142.45,25.9536,0.0209406
2149.8,26.0926,0.0210913
2157.14,26.1634,0.0209991
2164.49,26.2729,0.0210956
2171.84,26.3971,0.0212602
2179.18,26.5284,0.0213937
2186.53,26.5698,0.0213993
2193.88,26.6446,0.0213928
2201.22,26.7663,0.021462
2208.57,26.8829,0.0217978
2215.92,26.9719,0.0219044
2223.27,27.094,0.0219818
2230.61,27.2013,0.0219957
2237.96,27.2798,0.0220067
2245.31,27.3907,0.0221495
2252.65,27.5148,0.02223
2260.0,27.613,0.0223227
2271.02,27.7098,0.0222664
2282.04,27.8438,0.0223181
2293.06,27.9884,0.0226164
2304.08,28.1672,0.0225966
2315.1,28.3838,0.023041
2326.12,28.477,0.0231433
2337.14,28.6083,0.0233473
2348.16,28.7869,0.0233276
2359.18,28.9673,0.0234844
2370.2,29.089,0.0235613
2381.22,29.2706,0.0240281
2392.24,29.3704,0.0239109
2403.27,29.5166,0.0239836
2414.29,29.7108,0.0244241
2425.31,29.8452,0.0242169
2436.33,30.0163,0.024402
2447.35,30.1228,0.0247142
2458.37,30.3228,0.0246544
2469.39,30.4051,0.0244843
2480.41,30.5888,0.02482
2491.43,30.7156,0.0248003
2502.45,30.8822,0.0250529
2513.47,31.0729,0.025389
2524.49,31.21,0.0252978
2535.51,31.3833,0.026034
2546.53,31.5191,0.0256521
2557.55,31.6439,0.0258079
2568.57,31.7982,0.0260723
2579.59,31.9951,0.0265225
2590.61,32.1344,0.0262268
2601.63,32.3142,0.0266133
2612.65,32.4736,0.026763
2623.67,32.5818,0.0268208
2634.69,32.7289,0.0268964
2645.71,32.9115,0.0271794
2656.73,33.0268,0.0271808
2667.76,33.1352,0.0271038
2678.78,33.3279,0.0270759
2689.8,33.4826,0.0274919
2700.82,33.6665,0.0278821
2711.84,33.7983,0.0277208
2722.86,33.9236,0.0280697
2733.88,34.0588,0.0283039
2744.9,34.2448,0.0280697
2755.92,34.3763,0.0282931
2766.94,34.5596,0.0282633
2777.96,34.7674,0.0289344
2788.98,34.8989,0.0287806
2800.0,35.0465,0.0294181
2814.29,35.2063,0.0290635
2828.57,35.3924,0.0291477
2842.86,35.5574,0.02918
2857.14,35.8449,0.0295174
2871.43,36.0568,0.0298972
2885.71,36.2581,0.02995
2900.0,36.4117,0.0298507
2914.29,36.6441,0.0307172
2928.57,36.8386,0.0306431
2942.86,37.0212,0.0306841
2957.14,37.2049,0.0308189
2971.43,37.437,0.0308013
2985.71,37.615,0.0309239
3000.0,37.8104,0.0313234
3014.29,38.0387,0.0316744
3028.57,38.2726,0.0317599
3042.86,38.4103,0.031526
3057.14,38.6166,0.0319218
3071.43,38.844,0.0323948
3085.71,38.9938,0.0322277
3100.0,39.2521,0.0327019
3114.29,39.4708,0.0328675
3128.57,39.6432,0.0331326
3142.86,39.8633,0.0333901
3157.14,40.0285,0.0337752
3171.43,40.2155,0.0340646
3185.71,40.4532,0.033921
3200.0,40.6333,0.0340081
3214.29,40.8123,0.0340595
3228.57,41.0696,0.0343574
3242.86,41.2192,0.0346413
3257.14,41.4284,0.0346791
3271.43,41.6254,0.0344749
3285.71,41.8431,0.0352431
3300.0,42.0231,0.0350786
3314.29,42.2143,0.0349136
3328.57,42.4796,0.0355588
3342.86,42.7053,0.0357701
3357.14,42.8596,0.0364138
3371.43,43.1115,0.0371648
3385.71,43.2939,0.036586
3400.0,43.449,0.0363192
3414.29,43.7331,0.0366521
3428.57,43.8801,0.0367369
3442.86,44.1072,0.0378701
3457.14,44.3369,0.0373605
3471.43,44.521,0.0373135
3485.71,44.7115,0.0374321
3500.0,44.9597,0.0381237
3520.41,45.171,0.0378496
3540.82,45.4544,0.0378059
3561.22,45.8133,0.0384261
3581.63,46.0625,0.0388905
3602.04,46.4408,0.0398105
3622.45,46.6388,0.0392931
3642.86,46.9278,0.0395406
3663.27,47.2702,0.0404806
3683.67,47.4985,0.0404768
3704.08,47.8025,0.0400499
3724.49,48.127,0.0408808
3744.9,48.3561,0.0410014
3765.31,48.6818,0.0409559
3785.71,48.9941,0.0415728
3806.12,49.2685,0.0418737
3826.53,49.5946,0.0420063
3846.94,49.9577,0.042493
3867.35,50.1925,0.0429402
3887.76,50.5372,0.0431187
3908.16,50.8502,0.0429466
3928.57,50.9166,0.0424833
3948.98,51.3318,0.0432815
3969.39,51.6175,0.0440883
3989.8,51.8753,0.0441517
4010.2,52.2393,0.0444614
4030.61,52.4517,0.0445007
4051.02,52.8284,0.0446441
4071.43,53.1416,0.0456587
4091.84,53.4827,0.0457578
4112.24,53.6391,0.0460271
4132.65,53.9887,0.0459354
4153.06,54.3924,0.0468611
4173.47,54.6131,0.0468785
4193.88,54.8066,0.0469955
4214.29,55.2264,0.0471345
4234.69,55.5013,0.047905
4255.1,55.759,0.0476348
4275.51,56.0539,0.0482533
4295.92,56.3658,0.0485304
4316.33,56.642,0.0486036
4336.73,56.9357,0.0491236
4357.14,57.3233,0.0493266
4377.55,57.5522,0.0490278
4397.96,57.7404,0.0493574
4418.37,58.1911,0.0507553
4438.78,58.4622,0.0501604
4459.18,58.7944,0.0509361
4479.59,59.2298,0.0519007
4500.0,59.3466,0.0512616
4530.61,59.752,0.050782
4561.22,60.278,0.0515338
4591.84,60.6527,0.0525379
4622.45,61.1289,0.0533629
4653.06,61.5517,0.0534932
4683.67,62.0689,0.0539276
4714.29,62.4891,0.0534852
4744.9,62.8676,0.05397
4775.51,63.4098,0.0549027
4806.12,63.8289,0.0553338
4836.73,64.2665,0.0564737
4867.35,64.7789,0.0564704
4897.96,65.1583,0.0570229
4928.57,65.599,0.0564468
4959.18,66.0502,0.0572565
4989.8,66.5108,0.0572749
5020.41,67.0475,0.0573853
5051.02,67.4094,0.0586612
5081.63,67.9823,0.059212
5112.24,68.3039,0.0600263
5142.86,68.8248,0.0606161
5173.47,69.2547,0.0604411
5204.08,69.6727,0.0600351
5234.69,70.2397,0.0618229
5265.31,70.4843,0.0610835
5295.92,71.0028,0.0624795
5326.53,71.4901,0.062142
5357.14,71.9459,0.0625379
5387.76,72.5433,0.0636649
5418.37,72.8635,0.0638202
5448.98,73.3614,0.0648531
5479.59,73.7399,0.0651942
5510.2,74.1661,0.0649077
5540.82,74.7435,0.0672563
5571.43,75.2313,0.066998
5602.04,75.7171,0.066904
5632.65,76.0217,0.0662108
5663.27,76.4947,0.0674399
5693.88,76.9912,0.06721
5724.49,77.3924,0.0676096
5755.1,77.8818,0.0696936
5785.71,78.3802,0.0696884
5816.33,78.9252,0.0703543
5846.94,79.3722,0.0701495
5877.55,79.7209,0.0707393
5908.16,80.1622,0.0706315
5938.78,80.6783,0.0720385
5969.39,81.1361,0.0721827
6000.0,81.5333,0.0711537
6040.82,82.1002,0.0721636
6081.63,82.7389,0.0732374
6122.45,83.4699,0.0751976
6163.27,84.0974,0.074856
6204.08,84.5955,0.0744119
6244.9,85.1488,0.0749029
6285.71,85.8308,0.074995
6326.53,86.6108,0.077968
6367.35,87.0565,0.077106
6408.16,87.7729,0.0777482
6448.98,88.2802,0.0775765
6489.8,88.9858,0.0803028
6530.61,89.6044,0.0794979
6571.43,90.2157,0.079357
6612.24,90.9269,0.0810136
6653.06,91.342,0.0820742
6693.88,91.9675,0.0818366
6734.69,92.7474,0.0819566
6775.51,93.3172,0.0835312
6816.33,93.9593,0.0845661
6857.14,94.6091,0.0847829
6897.96,95.1499,0.0854795
6938.78,95.7758,0.08523
6979.59,96.6173,0.0903596
7020.41,96.9252,0.0867822
7061.22,97.6684,0.0874156
7102.04,98.2829,0.0888085
7142.86,98.9222,0.0878203
7183.67,99.6333,0.0890903
7224.49,100.007,0.087508
7265.31,100.667,0.0899304
7306.12,101.334,0.0923455
7346.94,101.936,0.0933867
7387.76,102.571,0.0928185
7428.57,103.285,0.0909127
7469.39,103.76,0.0923617
7510.2,104.521,0.0934842
7551.02,105.113,0.0931056
7591.84,105.758,0.0964944
7632.65,106.369,0.0958506
7673.47,107.029,0.0964149
7714.29,107.464,0.0955584
7755.1,108.297,0.097177
7795.92,108.951,0.097792
7836.73,109.385,0.100012
7877.55,110.068,0.0993093
7918.37,110.757,0.101571
7959.18,111.324,0.0997469
8000.0,112.061,0.101898
8040.82,112.446,0.100959
8081.63,113.34,0.10357
8122.45,113.776,0.103687
8163.27,114.6,0.106319
8204.08,115.065,0.104262
8244.9,115.709,0.104141
8285.71,116.562,0.107816
8326.53,117.111,0.105994
8367.35,117.722,0.108831
8408.16,118.301,0.105555
8448.98,119.061,0.110506
8489.8,119.713,0.110023
8530.61,120.305,0.108274
8571.43,121.003,0.111509
8612.24,121.376,0.109652
8653.06,122.048,0.112051
8693.88,122.85,0.1139
8734.69,123.454,0.112742
8775.51,124.198,0.114098
8816.33,124.665,0.117262
8857.14,125.342,0.112721
8897.96,126.041,0.116276
8938.78,126.665,0.116366
8979.59,127.193,0.115571
9020.41,127.511,0.115529
9061.22,128.486,0.116724
9102.04,129.121,0.117341
9142.86,129.777,0.123447
9183.67,130.338,0.120796
9224.49,130.873,0.119412
9265.31,131.669,0.120511
9306.12,132.163,0.119606
9346.94,132.63,0.119491
9387.76,133.462,0.120894
9428.57,134.05,0.126107
9469.39,134.936,0.129559
9510.2,135.316,0.125847
9551.02,136.241,0.124577
9591.84,136.578,0.124819
9632.65,137.498,0.126243
9673.47,138.057,0.127148
9714.29,138.747,0.126223
9755.1,139.656,0.126891
9795.92,139.879,0.130042
9836.73,140.507,0.133663
9877.55,141.137,0.129535
9918.37,141.939,0.132524
9959.18,142.506,0.130375
10000.0,143.053,0.129243
