0.0,0.0,0.0
0.000204082,0.0,0.0
0.000408163,0.0,0.0
0.000612245,0.0,0.0
0.000816327,0.0,0.0
0.00102041,0.0,0.0
0.00122449,2.21984e-13,1.2486e-16
0.00142857,3.90172e-12,2.15976e-15
0.00163265,1.80142e-11,1.00372e-14
0.00183673,4.99428e-11,2.83669e-14
0.00204082,1.06189e-10,6.19108e-14
0.0022449,1.92081e-10,1.15547e-13
0.00244898,3.13052e-10,1.94466e-13
0.00265306,4.7299e-10,3.0364e-13
0.00285714,6.75586e-10,4.48747e-13
0.00306122,9.22766e-10,6.33966e-13
0.00326531,1.21993e-09,8.65756e-13
0.00346939,1.5677e-09,1.14821e-12
0.00367347,1.96888e-09,1.48875e-12
0.00387755,2.43051e-09,1.89292e-12
0.00408163,2.94415e-09,2.36304e-12
0.00428571,3.51812e-09,2.90542e-12
0.0044898,4.14832e-09,3.51515e-12
0.00469388,4.83943e-09,4.21258e-12
0.00489796,5.61154e-09,5.00965e-12
0.00510204,6.42044e-09,5.8787e-12
0.00530612,7.31521e-09,6.86386e-12
0.0055102,8.24868e-09,7.90877e-12
0.00571429,9.28266e-09,9.09342e-12
0.00591837,1.03751e-08,1.03979e-11
0.00612245,1.15099e-08,1.17642e-11
0.00632653,1.27442e-08,1.33026e-11
0.00653061,1.40406e-08,1.49519e-11
0.00673469,1.53857e-08,1.6687e-11
0.00693878,1.68352e-08,1.86106e-11
0.00714286,1.829e-08,2.05761e-11
0.00734694,1.98674e-08,2.2726e-11
0.00755102,2.15597e-08,2.50629e-11
0.0077551,2.32225e-08,2.7438e-11
0.00795918,2.5093e-08,3.01571e-11
0.00816327,2.69037e-08,3.28067e-11
0.00836735,2.8875e-08,3.57605e-11
0.00857143,3.08132e-08,3.86739e-11
0.00877551,3.29336e-08,4.20741e-11
0.00897959,3.50278e-08,4.52906e-11
0.00918367,3.72887e-08,4.8941e-11
0.00938776,3.95374e-08,5.25149e-11
0.00959184,4.189e-08,5.63978e-11
0.00979592,4.45395e-08,6.08091e-11
0.01,4.70207e-08,6.49097e-11
0.0118367,7.30318e-08,1.11518e-10
0.0136735,1.05374e-07,1.75258e-10
0.0155102,1.43749e-07,2.57393e-10
0.0173469,1.87809e-07,3.58931e-10
0.0191837,2.39237e-07,4.81551e-10
0.0210204,2.95114e-07,6.2207e-10
0.0228571,3.59872e-07,7.9545e-10
0.0246939,4.29585e-07,9.85917e-10
0.0265306,5.05681e-07,1.19652e-09
0.0283673,5.8643e-07,1.4349e-09
0.0302041,6.71902e-07,1.67575e-09
0.0320408,7.68983e-07,1.97157e-09
0.0338776,8.70297e-07,2.3012e-09
0.0357143,9.76806e-07,2.62714e-09
0.037551,1.08041e-06,2.92927e-09
0.0393878,1.20375e-06,3.32658e-09
0.0412245,1.33483e-06,3.73835e-09
0.0430612,1.46028e-06,4.11401e-09
0.044898,1.59595e-06,4.55086e-09
0.0467347,1.73461e-06,4.97214e-09
0.0485714,1.87823e-06,5.39231e-09
0.0504082,2.02203e-06,5.93286e-09
0.0522449,2.1921e-06,6.39811e-09
0.0540816,2.36383e-06,6.9554e-09
0.0559184,2.51534e-06,7.34632e-09
0.0577551,2.70674e-06,8.10899e-09
0.0595918,2.88169e-06,8.49792e-09
0.0614286,3.08343e-06,9.09399e-09
0.0632653,3.25702e-06,9.66523e-09
0.065102,3.44634e-06,1.02427e-08
0.0669388,3.6506e-06,1.07301e-08
0.0687755,3.86995e-06,1.1249e-08
0.0706122,4.06494e-06,1.18723e-08
0.072449,4.30144e-06,1.25625e-08
0.0742857,4.50688e-06,1.29738e-08
0.0761224,4.7371e-06,1.35101e-08
0.0779592,4.98413e-06,1.43099e-08
0.0797959,5.17756e-06,1.48748e-08
0.0816327,5.42032e-06,1.51678e-08
0.0834694,5.68188e-06,1.56761e-08
0.0853061,5.94415e-06,1.67402e-08
0.0871429,6.22166e-06,1.75786e-08
0.0889796,6.44877e-06,1.81314e-08
0.0908163,6.75393e-06,1.87302e-08
0.0926531,6.9801e-06,1.88812e-08
0.0944898,7.25552e-06,1.97914e-08
0.0963265,7.568e-06,2.02329e-08
0.0981633,7.85594e-06,2.13521e-08
0.1,8.10425e-06,2.17575e-08
0.102041,8.41778e-06,2.21251e-08
0.104082,8.74956e-06,2.31726e-08
0.106122,9.12491e-06,2.39829e-08
0.108163,9.4867e-06,2.48022e-08
0.110204,9.77163e-06,2.50777e-08
0.112245,1.01589e-05,2.58743e-08
0.114286,1.04923e-05,2.73772e-08
0.116327,1.08372e-05,2.73324e-08
0.118367,1.12342e-05,2.85304e-08
0.120408,1.15333e-05,2.88357e-08
0.122449,1.19982e-05,3.02774e-08
0.12449,1.23577e-05,3.10432e-08
0.126531,1.27645e-05,3.11907e-08
0.128571,1.31818e-05,3.29472e-08
0.130612,1.34757e-05,3.274e-08
0.132653,1.38791e-05,3.35144e-08
0.134694,1.43293e-05,3.48478e-08
0.136735,1.46456e-05,3.4026e-08
0.138776,1.5106e-05,3.59493e-08
0.140816,1.5481e-05,3.67014e-08
0.142857,1.59517e-05,3.74773e-08
0.144898,1.63491e-05,3.89575e-08
0.146939,1.678e-05,3.96145e-08
0.14898,1.72256e-05,4.04343e-08
0.15102,1.77014e-05,4.20326e-08
0.153061,1.80942e-05,4.21038e-08
0.155102,1.85143e-05,4.27021e-08
0.157143,1.89871e-05,4.45355e-08
0.159184,1.94212e-05,4.39643e-08
0.161224,1.99714e-05,4.5066e-08
0.163265,2.03556e-05,4.61301e-08
0.165306,2.07925e-05,4.5682e-08
0.167347,2.13597e-05,4.89065e-08
0.169388,2.1766e-05,4.99985e-08
0.171429,2.22516e-05,5.04566e-08
0.173469,2.27165e-05,5.12717e-08
0.17551,2.31945e-05,5.16501e-08
0.177551,2.36418e-05,5.26709e-08
0.179592,2.40935e-05,5.43885e-08
0.181633,2.46177e-05,5.56393e-08
0.183673,2.51113e-05,5.51598e-08
0.185714,2.55855e-05,5.61557e-08
0.187755,2.60742e-05,5.6771e-08
0.189796,2.66535e-05,5.80955e-08
0.191837,2.71683e-05,6.01046e-08
0.193878,2.77001e-05,5.97027e-08
0.195918,2.81871e-05,5.99958e-08
0.197959,2.87364e-05,6.2388e-08
0.2,2.92278e-05,6.20672e-08
0.202041,2.97052e-05,6.35258e-08
0.204082,3.03381e-05,6.62091e-08
0.206122,3.08737e-05,6.63826e-08
0.208163,3.14101e-05,6.88255e-08
0.210204,3.19839e-05,6.82184e-08
0.212245,3.24845e-05,6.81149e-08
0.214286,3.30156e-05,7.09482e-08
0.216327,3.3426e-05,6.96039e-08
0.218367,3.40862e-05,7.119e-08
0.220408,3.47791e-05,7.4923e-08
0.222449,3.51562e-05,7.27905e-08
0.22449,3.59429e-05,7.80388e-08
0.226531,3.63792e-05,7.64696e-08
0.228571,3.68902e-05,7.69155e-08
0.230612,3.75459e-05,7.79639e-08
0.232653,3.79833e-05,7.75046e-08
0.234694,3.86535e-05,7.85692e-08
0.236735,3.92684e-05,8.104e-08
0.238776,3.98403e-05,8.19123e-08
0.240816,4.0438e-05,8.43143e-08
0.242857,4.09706e-05,8.32573e-08
0.244898,4.16107e-05,8.91411e-08
0.246939,4.2122e-05,8.54018e-08
0.24898,4.27289e-05,8.55876e-08
0.25102,4.32071e-05,8.66659e-08
0.253061,4.41076e-05,9.80333e-08
0.255102,4.45158e-05,9.05218e-08
0.257143,4.51908e-05,9.2118e-08
0.259184,4.58369e-05,9.36268e-08
0.261224,4.62782e-05,9.01732e-08
0.263265,4.70703e-05,9.69179e-08
0.265306,4.76779e-05,1.00363e-07
0.267347,4.81536e-05,9.29181e-08
0.269388,4.89186e-05,9.76444e-08
0.271429,4.95016e-05,9.59534e-08
0.273469,5.01337e-05,9.89164e-08
0.27551,5.09833e-05,1.02158e-07
0.277551,5.15711e-05,1.05134e-07
0.279592,5.21107e-05,1.02876e-07
0.281633,5.26086e-05,1.07201e-07
0.283673,5.31203e-05,1.0181e-07
0.285714,5.40405e-05,1.09598e-07
0.287755,5.44956e-05,1.03532e-07
0.289796,5.51927e-05,1.09269e-07
0.291837,5.60552e-05,1.11582e-07
0.293878,5.65709e-05,1.08295e-07
0.295918,5.72414e-05,1.10681e-07
0.297959,5.78789e-05,1.15291e-07
0.3,5.8573e-05,1.17029e-07
0.302041,5.90661e-05,1.12964e-07
0.304082,5.98139e-05,1.13785e-07
0.306122,6.06768e-05,1.23522e-07
0.308163,6.14069e-05,1.22967e-07
0.310204,6.19256e-05,1.22765e-07
0.312245,6.26843e-05,1.22544e-07
0.314286,6.32146e-05,1.1826e-07
0.316327,6.39281e-05,1.25593e-07
0.318367,6.46558e-05,1.26155e-07
0.320408,6.5579e-05,1.29889e-07
0.322449,6.58978e-05,1.25033e-07
0.32449,6.67614e-05,1.24506e-07
0.326531,6.72883e-05,1.30532e-07
0.328571,6.82812e-05,1.32511e-07
0.330612,6.87254e-05,1.31064e-07
0.332653,6.94288e-05,1.29191e-07
0.334694,7.02044e-05,1.32592e-07
0.336735,7.09551e-05,1.36812e-07
0.338776,7.16142e-05,1.37388e-07
0.340816,7.21952e-05,1.38117e-07
0.342857,7.30171e-05,1.36679e-07
0.344898,7.37209e-05,1.40775e-07
0.346939,7.45375e-05,1.41554e-07
0.34898,7.52034e-05,1.4246e-07
0.35102,7.57518e-05,1.39302e-07
0.353061,7.6744e-05,1.47727e-07
0.355102,7.70362e-05,1.44021e-07
0.357143,7.8145e-05,1.49844e-07
0.359184,7.86771e-05,1.43179e-07
0.361224,7.92482e-05,1.44251e-07
0.363265,8.0142e-05,1.47721e-07
0.365306,8.09267e-05,1.52788e-07
0.367347,8.17213e-05,1.52338e-07
0.369388,8.21479e-05,1.48729e-07
0.371429,8.29286e-05,1.52681e-07
0.373469,8.37363e-05,1.57507e-07
0.37551,8.45364e-05,1.5576e-07
0.377551,8.55162e-05,1.55582e-07
0.379592,8.60242e-05,1.58232e-07
0.381633,8.66863e-05,1.57895e-07
0.383673,8.76479e-05,1.64492e-07
0.385714,8.81142e-05,1.58332e-07
0.387755,8.93457e-05,1.75617e-07
0.389796,9.00939e-05,1.69357e-07
0.391837,9.09139e-05,1.71921e-07
0.393878,9.13623e-05,1.67714e-07
0.395918,9.24332e-05,1.75775e-07
0.397959,9.3104e-05,1.86888e-07
0.4,9.38625e-05,1.67684e-07
0.402041,9.45957e-05,1.68319e-07
0.404082,9.54497e-05,1.86518e-07
0.406122,9.60074e-05,1.80515e-07
0.408163,9.66225e-05,1.76032e-07
0.410204,9.77942e-05,1.80107e-07
0.412245,9.8364e-05,1.74366e-07
0.414286,9.93238e-05,1.84661e-07
0.416327,0.000100154,1.85097e-07
0.418367,0.000100872,1.84348e-07
0.420408,0.00010165,1.88123e-07
0.422449,0.000102394,1.8238e-07
0.42449,0.00010315,1.87911e-07
0.426531,0.000103919,1.88445e-07
0.428571,0.000104677,1.94698e-07
0.430612,0.000105432,1.91557e-07
0.432653,0.000106259,1.98237e-07
0.434694,0.00010716,1.91818e-07
0.436735,0.000108324,2.03398e-07
0.438776,0.000108463,1.93625e-07
0.440816,0.000109445,2.02227e-07
0.442857,0.000110512,1.99013e-07
0.444898,0.000110821,1.99454e-07
0.446939,0.000112113,2.05471e-07
0.44898,0.000112524,1.99e-07
0.45102,0.000113295,2.01888e-07
0.453061,0.000114875,2.15675e-07
0.455102,0.00011495,2.02757e-07
0.457143,0.000116383,2.11493e-07
0.459184,0.000117022,2.13899e-07
0.461224,0.000117601,2.14759e-07
0.463265,0.00011864,2.19233e-07
0.465306,0.000119304,2.12598e-07
0.467347,0.000119909,2.18612e-07
0.469388,0.000120748,2.26022e-07
0.471429,0.000121755,2.24857e-07
0.473469,0.000122625,2.25512e-07
0.47551,0.000123802,2.21887e-07
0.477551,0.000124027,2.14433e-07
0.479592,0.000125229,2.33752e-07
0.481633,0.000125769,2.19156e-07
0.483673,0.000127106,2.4039e-07
0.485714,0.000127598,2.38522e-07
0.487755,0.000128331,2.22541e-07
0.489796,0.000129388,2.25769e-07
0.491837,0.000129999,2.25134e-07
0.493878,0.000131122,2.4043e-07
0.495918,0.000131826,2.3481e-07
0.497959,0.000132681,2.2771e-07
0.5,0.000133556,2.47076e-07
0.502041,0.000134558,2.35528e-07
0.504082,0.000135394,2.42071e-07
0.506122,0.00013613,2.40696e-07
0.508163,0.000136728,2.51007e-07
0.510204,0.000138166,2.50367e-07
0.512245,0.000138441,2.40516e-07
0.514286,0.00013923,2.42597e-07
0.516327,0.000140601,2.53718e-07
0.518367,0.000141273,2.40465e-07
0.520408,0.000142283,2.57672e-07
0.522449,0.000143133,2.43899e-07
0.52449,0.000144135,2.67664e-07
0.526531,0.000144641,2.53544e-07
0.528571,0.000145114,2.45768e-07
0.530612,0.000146764,2.56745e-07
0.532653,0.000147929,2.77758e-07
0.534694,0.000148558,2.70779e-07
0.536735,0.000149021,2.60044e-07
0.538776,0.000150263,2.71945e-07
0.540816,0.000150635,2.63289e-07
0.542857,0.000152109,2.77333e-07
0.544898,0.000152487,2.61958e-07
0.546939,0.00015397,2.87551e-07
0.54898,0.000153967,2.64261e-07
0.55102,0.000155215,2.69018e-07
0.553061,0.00015658,2.73289e-07
0.555102,0.00015681,2.67602e-07
0.557143,0.000157302,2.96132e-07
0.559184,0.000158933,2.84472e-07
0.561224,0.000159387,2.71205e-07
0.563265,0.000161517,2.86148e-07
0.565306,0.000161679,2.86761e-07
0.567347,0.000162029,2.92856e-07
0.569388,0.000163893,2.86833e-07
0.571429,0.000164248,2.82097e-07
0.573469,0.000165148,2.86094e-07
0.57551,0.000166119,2.82423e-07
0.577551,0.000167373,2.91129e-07
0.579592,0.00016776,2.92212e-07
0.581633,0.000169082,3.02191e-07
0.583673,0.000170265,2.9068e-07
0.585714,0.000170854,3.00123e-07
0.587755,0.000171707,2.94547e-07
0.589796,0.000172495,2.97892e-07
0.591837,0.00017367,2.96117e-07
0.593878,0.00017407,2.9596e-07
0.595918,0.000174914,2.87243e-07
0.597959,0.000176299,3.07801e-07
0.6,0.000177114,3.24312e-07
0.602041,0.000178191,3.30303e-07
0.604082,0.000179429,3.14515e-07
0.606122,0.000180166,3.19183e-07
0.608163,0.000180882,3.12486e-07
0.610204,0.000182092,3.23615e-07
0.612245,0.000182892,3.15426e-07
0.614286,0.00018355,3.24322e-07
0.616327,0.000184687,3.09396e-07
0.618367,0.000185372,3.23673e-07
0.620408,0.000186239,3.07299e-07
0.622449,0.000187665,4.16833e-07
0.62449,0.000188801,3.48089e-07
0.626531,0.000189222,3.27089e-07
0.628571,0.000190843,3.3389e-07
0.630612,0.000191293,3.43794e-07
0.632653,0.000191923,3.28377e-07
0.634694,0.000193586,3.44645e-07
0.636735,0.000193922,3.28704e-07
0.638776,0.000194759,3.37856e-07
0.640816,0.00019598,3.19288e-07
0.642857,0.000196507,3.28696e-07
0.644898,0.000197191,3.32387e-07
0.646939,0.000198258,3.41771e-07
0.64898,0.000199464,3.49022e-07
0.65102,0.000200496,3.36364e-07
0.653061,0.000201942,3.52906e-07
0.655102,0.000202487,3.38669e-07
0.657143,0.000203622,3.71403e-07
0.659184,0.000204939,3.51426e-07
0.661224,0.000205318,3.46036e-07
0.663265,0.000206453,3.51586e-07
0.665306,0.000206764,3.5107e-07
0.667347,0.00020902,3.42027e-07
0.669388,0.000209553,3.70312e-07
0.671429,0.000210274,3.55123e-07
0.673469,0.000211183,3.92068e-07
0.67551,0.000211708,3.46773e-07
0.677551,0.000213717,3.88667e-07
0.679592,0.000214866,3.69085e-07
0.681633,0.000214287,3.49401e-07
0.683673,0.00021606,3.74894e-07
0.685714,0.000216875,3.66219e-07
0.687755,0.000217652,3.8618e-07
0.689796,0.00021876,3.64026e-07
0.691837,0.000220145,3.91514e-07
0.693878,0.000220978,4.01548e-07
0.695918,0.000222184,4.10554e-07
0.697959,0.000222716,3.73424e-07
0.7,0.000224509,3.95191e-07
0.702041,0.000224499,3.78265e-07
0.704082,0.000226084,3.92477e-07
0.706122,0.000226292,3.84765e-07
0.708163,0.000227367,4.04098e-07
0.710204,0.000229072,3.86585e-07
0.712245,0.000229947,4.08304e-07
0.714286,0.000230685,3.87892e-07
0.716327,0.000230854,4.00634e-07
0.718367,0.000232853,4.09829e-07
0.720408,0.000233887,3.93702e-07
0.722449,0.000234368,3.99586e-07
0.72449,0.000235805,3.91284e-07
0.726531,0.000236942,4.13314e-07
0.728571,0.000238161,4.07879e-07
0.730612,0.000238488,3.96618e-07
0.732653,0.000239671,4.03482e-07
0.734694,0.000240179,4.14292e-07
0.736735,0.000242261,4.65234e-07
0.738776,0.000242836,3.97023e-07
0.740816,0.000243815,4.48578e-07
0.742857,0.000244265,4.16442e-07
0.744898,0.000244923,4.11384e-07
0.746939,0.000247157,4.11795e-07
0.74898,0.0002469,4.27533e-07
0.75102,0.000249055,4.16558e-07
0.753061,0.000250074,4.28322e-07
0.755102,0.000250547,4.07525e-07
0.757143,0.000251139,4.37014e-07
0.759184,0.000252426,4.15081e-07
0.761224,0.000253411,4.04748e-07
0.763265,0.000255478,4.23383e-07
0.765306,0.000256196,4.2571e-07
0.767347,0.000256839,4.29642e-07
0.769388,0.000257465,4.12087e-07
0.771429,0.000259702,4.68129e-07
0.773469,0.000259385,4.32787e-07
0.77551,0.000260456,4.4211e-07
0.777551,0.000262867,4.58614e-07
0.779592,0.00026327,4.7493e-07
0.781633,0.000264583,4.64631e-07
0.783673,0.000264029,4.17093e-07
0.785714,0.000267466,4.73307e-07
0.787755,0.000267253,4.7488e-07
0.789796,0.000268282,4.43809e-07
0.791837,0.000269639,4.52564e-07
0.793878,0.000270117,4.48504e-07
0.795918,0.000270959,4.50573e-07
0.797959,0.000272274,4.39328e-07
0.8,0.000272867,5.01941e-07
0.802041,0.000275285,4.66015e-07
0.804082,0.00027481,4.46049e-07
0.806122,0.000276667,4.552e-07
0.808163,0.000277482,4.61342e-07
0.810204,0.000278159,4.4659e-07
0.812245,0.000279299,4.50394e-07
0.814286,0.000281092,4.9721e-07
0.816327,0.000282096,4.75113e-07
0.818367,0.000282893,4.6458e-07
0.820408,0.000284225,4.67777e-07
0.822449,0.000284859,4.88627e-07
0.82449,0.000285576,4.5495e-07
0.826531,0.000286467,4.96107e-07
0.828571,0.000288045,4.75459e-07
0.830612,0.000289025,4.68241e-07
0.832653,0.000289857,4.96689e-07
0.834694,0.000291054,4.93285e-07
0.836735,0.000291817,4.77664e-07
0.838776,0.000293661,5.00782e-07
0.840816,0.000294216,4.92142e-07
0.842857,0.000294982,4.59695e-07
0.844898,0.000296745,5.08259e-07
0.846939,0.000298813,5.27385e-07
0.84898,0.000299327,5.05588e-07
0.85102,0.000300013,5.27616e-07
0.853061,0.000300721,5.06236e-07
0.855102,0.00030169,4.8927e-07
0.857143,0.000302547,5.03839e-07
0.859184,0.000304194,5.04239e-07
0.861224,0.000304644,5.00758e-07
0.863265,0.000306013,5.07614e-07
0.865306,0.000306609,5.24002e-07
0.867347,0.000309106,5.20537e-07
0.869388,0.000309131,5.05766e-07
0.871429,0.00031127,5.76068e-07
0.873469,0.000310646,5.37151e-07
0.87551,0.000312997,5.86372e-07
0.877551,0.000313244,5.09471e-07
0.879592,0.000315178,5.71854e-07
0.881633,0.000316335,5.49824e-07
0.883673,0.000316767,5.63859e-07
0.885714,0.000317808,5.31756e-07
0.887755,0.000318373,5.09201e-07
0.889796,0.000320402,5.73392e-07
0.891837,0.000321358,5.29368e-07
0.893878,0.000321521,5.42266e-07
0.895918,0.000322942,5.21725e-07
0.897959,0.00032356,5.50193e-07
0.9,0.000325641,5.59591e-07
0.902041,0.000327541,5.69423e-07
0.904082,0.000328854,5.73304e-07
0.906122,0.00032888,5.53961e-07
0.908163,0.0003295,5.37576e-07
0.910204,0.000329968,5.32446e-07
0.912245,0.000332266,5.69685e-07
0.914286,0.000333423,5.71794e-07
0.916327,0.00033325,5.39201e-07
0.918367,0.000335848,5.67348e-07
0.920408,0.00033736,5.56724e-07
0.922449,0.000336865,5.32036e-07
0.92449,0.000338784,5.98002e-07
0.926531,0.000339389,5.59559e-07
0.928571,0.000340107,5.61722e-07
0.930612,0.000341389,5.54847e-07
0.932653,0.000344043,5.97288e-07
0.934694,0.000343348,5.7346e-07
0.936735,0.000345398,5.70861e-07
0.938776,0.000346678,5.75896e-07
0.940816,0.000346008,5.43173e-07
0.942857,0.000347768,5.68525e-07
0.944898,0.000349216,5.69826e-07
0.946939,0.000351067,5.99475e-07
0.94898,0.000351341,5.69976e-07
0.95102,0.000352651,5.61608e-07
0.953061,0.000353178,5.74137e-07
0.955102,0.000355229,6.10549e-07
0.957143,0.000355503,5.78525e-07
0.959184,0.00035636,5.97395e-07
0.961224,0.00035728,5.65856e-07
0.963265,0.000359768,5.94637e-07
0.965306,0.000360201,5.89014e-07
0.967347,0.000361227,5.8884e-07
0.969388,0.000362454,5.80302e-07
0.971429,0.000363589,5.92206e-07
0.973469,0.000365436,6.70781e-07
0.97551,0.000365238,6.11541e-07
0.977551,0.000366916,5.94491e-07
0.979592,0.000368366,6.20243e-07
0.981633,0.000368676,6.0879e-07
0.983673,0.000370917,6.33995e-07
0.985714,0.000371991,6.82015e-07
0.987755,0.000372282,6.24053e-07
0.989796,0.000374056,6.2187e-07
0.991837,0.000373936,5.8797e-07
0.993878,0.000375395,6.19437e-07
0.995918,0.000376979,6.15772e-07
0.997959,0.000378008,6.44678e-07
1.0,0.000379711,6.29355e-07
1.08163,0.000426651,7.83076e-07
1.16327,0.000471735,7.59121e-07
1.2449,0.000519166,7.83053e-07
1.32653,0.000567858,9.00877e-07
1.40816,0.000617745,9.5751e-07
1.4898,0.000671052,1.0452e-06
1.57143,0.000720565,1.13827e-06
1.65306,0.000773113,1.17073e-06
1.73469,0.000829055,1.36801e-06
1.81633,0.000881,1.52595e-06
1.89796,0.000937078,1.4127e-06
1.97959,0.000991137,1.50162e-06
2.06122,0.00104792,1.65131e-06
2.14286,0.00110461,1.66823e-06
2.22449,0.00116081,1.89363e-06
2.30612,0.0012188,1.98921e-06
2.38776,0.00127847,1.83225e-06
2.46939,0.00133958,2.31234e-06
2.55102,0.00140097,2.17623e-06
2.63265,0.00145874,2.34961e-06
2.71429,0.00152035,2.23556e-06
2.79592,0.00158333,2.56971e-06
2.87755,0.00164628,2.76896e-06
2.95918,0.00170516,2.56857e-06
3.04082,0.00177211,2.83989e-06
3.12245,0.0018322,2.9158e-06
3.20408,0.00189203,2.81644e-06
3.28571,0.00195901,2.94067e-06
3.36735,0.00202245,3.14551e-06
3.44898,0.00208483,3.06031e-06
3.53061,0.00215159,3.32507e-06
3.61224,0.0022144,3.21681e-06
3.69388,0.00227839,3.38201e-06
3.77551,0.00235204,3.61404e-06
3.85714,0.0024154,3.51983e-06
3.93878,0.00247998,3.50815e-06
4.02041,0.00255216,4.67599e-06
4.10204,0.00261888,4.07863e-06
4.18367,0.00269321,4.34018e-06
4.26531,0.0027565,5.05993e-06
4.34694,0.00282241,4.36443e-06
4.42857,0.00289783,4.53921e-06
4.5102,0.00295323,4.7677e-06
4.59184,0.00304041,5.0171e-06
4.67347,0.00309659,4.89534e-06
4.7551,0.00318163,5.539e-06
4.83673,0.00324248,4.75487e-06
4.91837,0.00331719,5.25688e-06
5.0,0.00339247,5.39768e-06
5.10204,0.00347998,5.33271e-06
5.20408,0.00355807,6.32285e-06
5.30612,0.00364542,5.79589e-06
5.40816,0.00373799,7.41572e-06
5.5102,0.00382892,6.20759e-06
5.61224,0.00391877,5.9804e-06
5.71429,0.00401054,6.86791e-06
5.81633,0.00410548,6.46632e-06
5.91837,0.00419585,7.06289e-06
6.02041,0.00430398,7.07512e-06
6.12245,0.00438808,7.15953e-06
6.22449,0.00447496,6.63121e-06
6.32653,0.00457232,6.9323e-06
6.42857,0.00465908,7.19126e-06
6.53061,0.00475484,7.61511e-06
6.63265,0.00484422,7.47202e-06
6.73469,0.00495116,9.87788e-06
6.83673,0.0050287,7.19455e-06
6.93878,0.00515298,8.63715e-06
7.04082,0.00522742,7.98731e-06
7.14286,0.00532086,8.44461e-06
7.2449,0.00542609,8.02685e-06
7.34694,0.0055317,9.1812e-06
7.44898,0.00561776,1.58633e-05
7.55102,0.0056971,9.56887e-06
7.65306,0.00579798,8.62383e-06
7.7551,0.00589069,9.50404e-06
7.85714,0.00599264,8.86732e-06
7.95918,0.00610015,9.12049e-06
8.06122,0.00619395,9.75876e-06
8.16327,0.00629209,9.4479e-06
8.26531,0.00640765,9.98769e-06
8.36735,0.00648263,9.76245e-06
8.46939,0.00660819,1.19671e-05
8.57143,0.00669752,1.22603e-05
8.67347,0.00677878,9.89222e-06
8.77551,0.00690678,1.45832e-05
8.87755,0.00698985,1.17888e-05
8.97959,0.00710044,1.67097e-05
9.08163,0.00717644,1.0837e-05
9.18367,0.00727822,1.17643e-05
9.28571,0.00739013,1.09375e-05
9.38776,0.00749315,1.10374e-05
9.4898,0.00758415,1.16921e-05
9.59184,0.00769592,1.69392e-05
9.69388,0.00780014,1.15425e-05
9.79592,0.00792046,1.44377e-05
9.89796,0.00803909,2.08497e-05
10.0,0.00809192,1.6326e-05
10.2041,0.00831531,1.20619e-05
10.4082,0.00851214,1.31813e-05
10.6122,0.00874124,1.50028e-05
10.8163,0.00891478,1.33307e-05
11.0204,0.00912373,1.43332e-05
11.2245,0.00934976,1.43765e-05
11.4286,0.00953609,1.51101e-05
11.6327,0.00974775,1.51039e-05
11.8367,0.00998564,1.63232e-05
12.0408,0.0102008,1.83938e-05
12.2449,0.0103819,1.66385e-05
12.449,0.0106459,2.60695e-05
12.6531,0.0108057,1.67831e-05
12.8571,0.0110315,1.84186e-05
13.0612,0.0112319,2.80391e-05
13.2653,0.0114681,2.29077e-05
13.4694,0.0116996,2.0908e-05
13.6735,0.011877,1.74759e-05
13.8776,0.0121809,1.96129e-05
14.0816,0.0123557,2.11139e-05
14.2857,0.0125269,1.84373e-05
14.4898,0.0127775,2.03094e-05
14.6939,0.0129902,2.01009e-05
14.898,0.0132297,2.09502e-05
15.102,0.0134361,1.9675e-05
15.3061,0.0136573,2.23406e-05
15.5102,0.0138725,2.15539e-05
15.7143,0.0140608,2.1492e-05
15.9184,0.0143284,2.27803e-05
16.1224,0.0145641,3.35282e-05
16.3265,0.0147501,2.09687e-05
16.5306,0.0150085,2.43145e-05
16.7347,0.0152085,3.93834e-05
16.9388,0.0154215,2.24077e-05
17.1429,0.0156892,2.59471e-05
17.3469,0.0158996,2.3581e-05
17.551,0.016082,2.42081e-05
17.7551,0.016346,2.7904e-05
17.9592,0.0165291,2.54931e-05
18.1633,0.0167987,2.64807e-05
18.3673,0.0170429,2.68157e-05
18.5714,0.0172763,2.77265e-05
18.7755,0.0174732,2.5671e-05
18.9796,0.0177474,3.12511e-05
19.1837,0.0180144,3.69993e-05
19.3878,0.0182108,2.73272e-05
19.5918,0.0184415,2.92945e-05
19.7959,0.0186808,3.11316e-05
20.0,0.0188685,2.82579e-05
20.4082,0.0193601,3.56559e-05
20.8163,0.0197977,3.62711e-05
21.2245,0.0202885,3.17764e-05
21.6327,0.0207557,3.2405e-05
22.0408,0.0212035,3.46132e-05
22.449,0.0216978,3.55329e-05
22.8571,0.02222,5.25309e-05
23.2653,0.0226533,3.50088e-05
23.6735,0.0231806,4.06712e-05
24.0816,0.0236722,7.07606e-05
24.4898,0.0240827,3.87532e-05
24.898,0.0246422,7.05514e-05
25.3061,0.0250414,4.07924e-05
25.7143,0.0256079,4.11648e-05
26.1224,0.0259853,3.7912e-05
26.5306,0.0265099,4.91372e-05
26.9388,0.0269884,3.98431e-05
27.3469,0.0274617,4.32565e-05
27.7551,0.027936,4.4861e-05
28.1633,0.0284565,5.18375e-05
28.5714,0.0290001,4.54203e-05
28.9796,0.0294606,5.19017e-05
29.3878,0.0298711,4.40812e-05
29.7959,0.0304679,5.79481e-05
30.2041,0.0308848,4.857e-05
30.6122,0.0313621,5.23309e-05
31.0204,0.0319488,5.09469e-05
31.4286,0.0324509,5.17948e-05
31.8367,0.0329017,5.28591e-05
32.2449,0.0333336,5.12973e-05
32.6531,0.0339642,6.02016e-05
33.0612,0.0343397,5.29691e-05
33.4694,0.0349342,6.39472e-05
33.8776,0.0354709,6.28921e-05
34.2857,0.0360536,6.05102e-05
34.6939,0.0364369,5.56772e-05
35.102,0.0369792,6.02513e-05
35.5102,0.0373157,5.45406e-05
35.9184,0.0379197,5.68736e-05
36.3265,0.0384098,5.68622e-05
36.7347,0.0390081,6.08658e-05
37.1429,0.0394758,6.07442e-05
37.551,0.0400438,6.35519e-05
37.9592,0.0405516,6.89201e-05
38.3673,0.0409453,5.94528e-05
38.7755,0.0415185,6.63495e-05
39.1837,0.0420431,7.21124e-05
39.5918,0.0425099,6.5789e-05
40.0,0.0432746,8.54162e-05
40.4082,0.0436978,7.7044e-05
40.8163,0.0442541,8.08928e-05
41.2245,0.0446262,7.43844e-05
41.6327,0.0451354,7.42616e-05
42.0408,0.0458893,8.60542e-05
42.449,0.0462419,7.31277e-05
42.8571,0.0467752,7.44159e-05
43.2653,0.047385,0.000109133
43.6735,0.0477301,7.10787e-05
44.0816,0.0485135,9.75264e-05
44.4898,0.0488801,0.000112322
44.898,0.0495488,8.71386e-05
45.3061,0.0499299,8.12855e-05
45.7143,0.0502408,7.49405e-05
46.1224,0.0508375,8.00988e-05
46.5306,0.0516508,9.06449e-05
46.9388,0.0521581,0.000123784
47.3469,0.0526244,9.80775e-05
47.7551,0.0529998,8.28351e-05
48.1633,0.0535104,8.05494e-05
48.5714,0.0541904,9.03386e-05
48.9796,0.0547993,0.000102024
49.3878,0.0553127,0.000100953
49.7959,0.0558164,0.000107806
50.2041,0.0563151,9.41046e-05
50.6122,0.0567544,8.73913e-05
51.0204,0.057332,0.00010702
51.4286,0.0579174,9.57256e-05
51.8367,0.0584831,0.000132023
52.2449,0.0588872,0.000104608
52.6531,0.0596035,0.000114113
53.0612,0.0601318,0.000118993
53.4694,0.0604547,9.83911e-05
53.8776,0.0609593,0.00012214
54.2857,0.0615943,0.00011505
54.6939,0.0622932,0.000112297
55.102,0.0626672,9.29233e-05
55.5102,0.0631955,9.53782e-05
55.9184,0.0638386,0.000101215
56.3265,0.0644345,0.000128564
56.7347,0.0651296,0.000125864
57.1429,0.0656941,0.000110691
57.551,0.0659794,0.000109337
57.9592,0.0665238,0.000101894
58.3673,0.0672319,0.000214744
58.7755,0.0677124,0.00011563
59.1837,0.0683445,0.000140148
59.5918,0.0687629,0.000106226
60.0,0.0691889,0.000106558
60.4082,0.069618,0.000104112
60.8163,0.0703549,0.000115187
61.2245,0.0711196,0.000135242
61.6327,0.0714595,0.000115998
62.0408,0.0720919,0.00011085
62.449,0.072659,0.000126028
62.8571,0.0733498,0.000137915
63.2653,0.0736339,0.000112967
63.6735,0.074425,0.000157801
64.0816,0.0749726,0.00011911
64.4898,0.0754148,0.000130437
64.898,0.0759247,0.000133734
65.3061,0.0766068,0.000199344
65.7143,0.0770703,0.000125237
66.1224,0.077697,0.000145382
66.5306,0.0783562,0.00012992
66.9388,0.0786151,0.000123261
67.3469,0.0792198,0.000125989
67.7551,0.0799711,0.000142119
68.1633,0.0805449,0.00014404
68.5714,0.0808593,0.000120407
68.9796,0.0814967,0.000174074
69.3878,0.0821273,0.000153041
69.7959,0.0825765,0.000136237
70.2041,0.0830854,0.000124222
70.6122,0.0836054,0.000128432
71.0204,0.0840499,0.000122893
71.4286,0.0848483,0.000148497
71.8367,0.0854484,0.000156701
72.2449,0.0859826,0.000147847
72.6531,0.0866355,0.000155515
73.0612,0.0872938,0.000186446
73.4694,0.0876008,0.000177971
73.8776,0.0885312,0.0003197
74.2857,0.0887064,0.000152052
74.6939,0.0896065,0.00017611
75.102,0.0897464,0.000142986
75.5102,0.0904875,0.000137792
75.9184,0.0911511,0.000136206
76.3265,0.0919898,0.000191679
76.7347,0.0922224,0.000168864
77.1429,0.0928605,0.000156848
77.551,0.0934959,0.000156319
77.9592,0.0940783,0.00015573
78.3673,0.0945057,0.000171949
78.7755,0.095031,0.000155552
79.1837,0.0957754,0.000165813
79.5918,0.0962048,0.000157789
80.0,0.0971258,0.0001792
80.4082,0.0975629,0.000169917
80.8163,0.0981004,0.000168195
81.2245,0.0987113,0.000247204
81.6327,0.0992144,0.000159292
82.0408,0.0994481,0.00015602
82.449,0.100482,0.000183556
82.8571,0.100913,0.000220104
83.2653,0.101353,0.000155441
83.6735,0.101674,0.000166014
84.0816,0.102332,0.000157356
84.4898,0.103366,0.000185879
84.898,0.103818,0.00018469
85.3061,0.104379,0.000173729
85.7143,0.104709,0.000173493
86.1224,0.105436,0.000186259
86.5306,0.105918,0.000201226
86.9388,0.106887,0.000248298
87.3469,0.106909,0.000151671
87.7551,0.107653,0.00021183
88.1633,0.108105,0.000179099
88.5714,0.10861,0.000163076
88.9796,0.109634,0.000234573
89.3878,0.109991,0.000175422
89.7959,0.110473,0.000185397
90.2041,0.111025,0.00018071
90.6122,0.112372,0.000273281
91.0204,0.112098,0.000170014
91.4286,0.112777,0.000199489
91.8367,0.113638,0.000176452
92.2449,0.114136,0.000214722
92.6531,0.115182,0.000205715
93.0612,0.115311,0.000206971
93.4694,0.116178,0.00018576
93.8776,0.116369,0.00021455
94.2857,0.117239,0.000229151
94.6939,0.117522,0.000230738
95.102,0.118462,0.000225218
95.5102,0.119125,0.000235299
95.9184,0.119723,0.000406623
96.3265,0.120152,0.000217025
96.7347,0.120581,0.000208129
97.1429,0.121265,0.000198734
97.551,0.121661,0.000190533
97.9592,0.122506,0.000203392
98.3673,0.122848,0.000215269
98.7755,0.123504,0.000226222
99.1837,0.124113,0.000201013
99.5918,0.124411,0.000179096
100.0,0.125512,0.000241225
100.816,0.126264,0.000191515
101.633,0.128068,0.000378954
102.449,0.129058,0.000236547
103.265,0.130243,0.000288066
104.082,0.131218,0.00022225
104.898,0.132186,0.000227153
105.714,0.133313,0.000264147
106.531,0.134542,0.000251154
107.347,0.13564,0.000252037
108.163,0.137278,0.000248153
108.98,0.137875,0.000235761
109.796,0.139821,0.000251854
110.612,0.14068,0.000245448
111.429,0.141887,0.00024014
112.245,0.142829,0.000234639
113.061,0.144611,0.000262519
113.878,0.145678,0.000291027
114.694,0.146697,0.000239451
115.51,0.148212,0.000269572
116.327,0.149259,0.000264659
117.143,0.150148,0.00026191
117.959,0.151021,0.000238612
118.776,0.152775,0.00025648
119.592,0.154671,0.000796921
120.408,0.155248,0.000327172
121.224,0.156226,0.00026649
122.041,0.157717,0.000290619
122.857,0.158754,0.00025693
123.673,0.160039,0.0002987
124.49,0.161194,0.000265118
125.306,0.163209,0.000675155
126.122,0.163284,0.000261363
126.939,0.164615,0.000296325
127.755,0.165884,0.000272273
128.571,0.166976,0.000269723
129.388,0.16836,0.00028831
130.204,0.169111,0.000271401
131.02,0.170506,0.000295095
131.837,0.172131,0.000339005
132.653,0.173568,0.000335503
133.469,0.17424,0.000289342
134.286,0.175964,0.0002936
135.102,0.177177,0.000335978
135.918,0.178406,0.000332218
136.735,0.179071,0.000309891
137.551,0.180902,0.00041611
138.367,0.181984,0.000419525
139.184,0.183309,0.000333499
140.0,0.184901,0.000455807
140.816,0.185908,0.000395462
141.633,0.187102,0.000312522
142.449,0.188209,0.000346292
143.265,0.188796,0.000284061
144.082,0.189994,0.000291736
144.898,0.192046,0.000345927
145.714,0.193403,0.000345659
146.531,0.194163,0.000348471
147.347,0.195084,0.00031473
148.163,0.196892,0.000338337
148.98,0.197957,0.000329026
149.796,0.200792,0.000553126
150.612,0.20059,0.000358068
151.429,0.200818,0.000296119
152.245,0.203527,0.000412082
153.061,0.204312,0.000528937
153.878,0.204807,0.000325061
154.694,0.206412,0.00035078
155.51,0.207416,0.000361126
156.327,0.208657,0.000326441
157.143,0.210086,0.000362332
157.959,0.211442,0.00040887
158.776,0.213168,0.000461641
159.592,0.214105,0.000348208
160.408,0.214862,0.000370163
161.224,0.216061,0.000366935
162.041,0.216626,0.000344874
162.857,0.218693,0.000342734
163.673,0.220088,0.00036795
164.49,0.221472,0.000351981
165.306,0.222483,0.000348063
166.122,0.223851,0.000404454
166.939,0.225745,0.000438235
167.755,0.226903,0.000386179
168.571,0.228295,0.000631551
169.388,0.229113,0.000385062
170.204,0.230031,0.000361934
171.02,0.231934,0.000386331
171.837,0.232371,0.000390679
172.653,0.234821,0.000418276
173.469,0.235271,0.000436676
174.286,0.237016,0.000431433
175.102,0.238291,0.000390575
175.918,0.239449,0.000475898
176.735,0.240486,0.000437651
177.551,0.242149,0.000470047
178.367,0.242984,0.000404561
179.184,0.244777,0.000443332
180.0,0.246625,0.000798634
180.816,0.246848,0.000440931
181.633,0.247667,0.000463376
182.449,0.249487,0.000438331
183.265,0.250454,0.000482321
184.082,0.251983,0.00044035
184.898,0.253308,0.000589223
185.714,0.254573,0.000560601
186.531,0.255461,0.000686741
187.347,0.25685,0.000461346
188.163,0.258726,0.000489499
188.98,0.258969,0.000407956
189.796,0.260637,0.000474966
190.612,0.261056,0.000389772
191.429,0.263324,0.000473006
192.245,0.265365,0.000699278
193.061,0.26516,0.000409411
193.878,0.268007,0.000614354
194.694,0.269851,0.000842426
195.51,0.270035,0.000482834
196.327,0.270641,0.000494403
197.143,0.272237,0.000462115
197.959,0.273817,0.000668449
198.776,0.27471,0.000442005
199.592,0.275969,0.000451236
200.408,0.277666,0.000592183
201.224,0.278588,0.000477265
202.041,0.280604,0.000502694
202.857,0.282023,0.000605004
203.673,0.283571,0.000617768
204.49,0.285263,0.000790129
205.306,0.28447,0.000479445
206.122,0.286881,0.000531397
206.939,0.28814,0.000585708
207.755,0.293026,0.00309173
208.571,0.290349,0.000533196
209.388,0.291015,0.000521441
210.204,0.29231,0.000535642
211.02,0.294038,0.000510025
211.837,0.295854,0.00061602
212.653,0.296689,0.000528592
213.469,0.298582,0.000555798
214.286,0.299411,0.000512893
215.102,0.303502,0.00210375
215.918,0.302021,0.00074004
216.735,0.303027,0.000519534
217.551,0.303844,0.000479751
218.367,0.305212,0.000486812
219.184,0.306969,0.000533941
220.0,0.30811,0.000544269
221.633,0.310703,0.00054493
223.265,0.314587,0.000793477
224.898,0.316664,0.000509381
226.531,0.319167,0.000651668
228.163,0.320775,0.000519994
229.796,0.324612,0.000587434
231.429,0.326299,0.000514923
233.061,0.330185,0.000617095
234.694,0.332225,0.00067154
236.327,0.334811,0.000631088
237.959,0.337294,0.000574088
239.592,0.339648,0.000569473
241.224,0.342245,0.000648682
242.857,0.344618,0.00066242
244.49,0.347697,0.00062864
246.122,0.348952,0.000543916
247.755,0.353398,0.000748009
249.388,0.355476,0.000607989
251.02,0.357814,0.000598991
252.653,0.359897,0.000584815
254.286,0.364909,0.00077706
255.918,0.365628,0.000688791
257.551,0.368526,0.000615353
259.184,0.371997,0.000787743
260.816,0.374383,0.000645335
262.449,0.376639,0.0006811
264.082,0.378894,0.000727804
265.714,0.381574,0.000696891
267.347,0.384723,0.000735971
268.98,0.388423,0.000718402
270.612,0.390127,0.000744955
272.245,0.39324,0.000765992
273.878,0.39532,0.000654248
275.51,0.398858,0.000734727
277.143,0.401233,0.000911749
278.776,0.40336,0.000810964
280.408,0.405827,0.000839624
282.041,0.409534,0.00109696
283.673,0.411251,0.000675766
285.306,0.413345,0.00067639
286.939,0.417864,0.00100657
288.571,0.418999,0.000827056
290.204,0.42157,0.000727797
291.837,0.426944,0.00181716
293.469,0.427555,0.000891828
295.102,0.42943,0.000664266
296.735,0.432239,0.000711075
298.367,0.436182,0.00091185
300.0,0.440033,0.00101992
301.633,0.441879,0.00101845
303.265,0.444182,0.000869784
304.898,0.447014,0.000825466
306.531,0.447368,0.0007629
308.163,0.451769,0.000769546
309.796,0.454195,0.000799049
311.429,0.458707,0.000775237
313.061,0.460347,0.00092953
314.694,0.462546,0.000827757
316.327,0.467359,0.000986032
317.959,0.467989,0.0012645
319.592,0.470561,0.000828028
321.224,0.4725,0.000792383
322.857,0.477759,0.00130088
324.49,0.478515,0.000983942
326.122,0.482246,0.00141318
327.755,0.483064,0.000827224
329.388,0.487655,0.000829623
331.02,0.490317,0.0010656
332.653,0.492586,0.000817566
334.286,0.49557,0.000950987
335.918,0.497436,0.000946415
337.551,0.501609,0.00115103
339.184,0.502222,0.000980369
340.816,0.504817,0.000874308
342.449,0.507859,0.000801338
344.082,0.512691,0.00152545
345.714,0.512547,0.000947991
347.347,0.516489,0.000862989
348.98,0.520712,0.00103499
350.612,0.522501,0.000995128
352.245,0.526376,0.00156814
353.878,0.527082,0.000883364
355.51,0.530779,0.000909216
357.143,0.53128,0.000877162
358.776,0.536883,0.000895163
360.408,0.539021,0.00116842
362.041,0.541723,0.00121514
363.673,0.542335,0.000821058
365.306,0.546774,0.0009828
366.939,0.550173,0.000951321
368.571,0.554416,0.00205862
370.204,0.554828,0.000906854
371.837,0.557498,0.000980372
373.469,0.559588,0.000891373
375.102,0.56359,0.000942877
376.735,0.564354,0.000901867
378.367,0.569278,0.00112061
380.0,0.571578,0.000979736
382.449,0.575869,0.000986969
384.898,0.579385,0.00108157
387.347,0.583817,0.00102919
389.796,0.588144,0.00108984
392.245,0.593166,0.00105149
394.694,0.596793,0.00252044
397.143,0.602426,0.00121822
399.592,0.606334,0.00126127
402.041,0.61076,0.0018852
404.49,0.613933,0.00113295
406.939,0.61717,0.00124274
409.388,0.621753,0.00100172
411.837,0.624691,0.00100879
414.286,0.631019,0.00126487
416.735,0.636464,0.0013474
419.184,0.638216,0.00111337
421.633,0.644014,0.00114417
424.082,0.649887,0.00129673
426.531,0.650753,0.00109137
428.98,0.655695,0.00110752
431.429,0.660282,0.00141573
433.878,0.664504,0.00123076
436.327,0.667681,0.00124758
438.776,0.672887,0.00132564
441.224,0.676257,0.00127607
443.673,0.681188,0.00126956
446.122,0.683608,0.00109199
448.571,0.689183,0.00174684
451.02,0.693868,0.00134414
453.469,0.699305,0.00142914
455.918,0.70202,0.00132016
458.367,0.705355,0.00160812
460.816,0.711008,0.00133798
463.265,0.713689,0.00119665
465.714,0.717853,0.00132173
468.163,0.721327,0.00130017
470.612,0.725553,0.00120714
473.061,0.729437,0.00117356
475.51,0.74321,0.0061878
477.959,0.738396,0.0012235
480.408,0.742309,0.00122596
482.857,0.746618,0.00135761
485.306,0.751663,0.00119105
487.755,0.75693,0.00139969
490.204,0.760342,0.00125589
492.653,0.766404,0.00130823
495.102,0.767931,0.00128982
497.551,0.776059,0.0014562
500.0,0.78188,0.00250866
502.449,0.78453,0.00155617
504.898,0.786653,0.00198544
507.347,0.791636,0.00136899
509.796,0.795618,0.00154222
512.245,0.798446,0.0013602
514.694,0.808555,0.00345706
517.143,0.809818,0.00141854
519.592,0.811806,0.00177012
522.041,0.817308,0.00191563
524.49,0.821459,0.00158563
526.939,0.826461,0.0020419
529.388,0.831153,0.00302619
531.837,0.833502,0.00135238
534.286,0.836754,0.00142151
536.735,0.842142,0.00140064
539.184,0.849671,0.00237849
541.633,0.851774,0.00142714
544.082,0.856396,0.00170407
546.531,0.859253,0.00144231
548.98,0.865668,0.00192005
551.429,0.87105,0.00209383
553.878,0.871181,0.00181184
556.327,0.874199,0.00147006
558.776,0.882672,0.00294514
561.224,0.886787,0.00153893
563.673,0.892937,0.00175006
566.122,0.893422,0.0015184
568.571,0.895836,0.00142508
571.02,0.902996,0.00162722
573.469,0.904786,0.00156044
575.918,0.911581,0.00176105
578.367,0.915518,0.00165257
580.816,0.918943,0.00149042
583.265,0.921135,0.00137617
585.714,0.930373,0.00184244
588.163,0.933872,0.00161018
590.612,0.940986,0.00206723
593.061,0.942286,0.00244974
595.51,0.949392,0.00216187
597.959,0.948148,0.00188763
600.408,0.952791,0.00159303
602.857,0.96104,0.00223679
605.306,0.963129,0.00158181
607.755,0.969109,0.00193641
610.204,0.972363,0.00164446
612.653,0.978649,0.00335205
615.102,0.981879,0.00168189
617.551,0.987837,0.00250143
620.0,0.990361,0.00183322
622.449,0.996826,0.00183123
624.898,0.998903,0.00173843
627.347,1.00531,0.0017657
629.796,1.00835,0.00220221
632.245,1.01415,0.00213285
634.694,1.01524,0.00173799
637.143,1.02437,0.00304302
639.592,1.02688,0.0026468
642.041,1.02855,0.0022624
644.49,1.03557,0.00211466
646.939,1.03977,0.00191032
649.388,1.04511,0.00284165
651.837,1.04833,0.00197892
654.286,1.0529,0.00336982
656.735,1.05543,0.00178498
659.184,1.06342,0.00216657
661.633,1.06479,0.00191273
664.082,1.06584,0.00176529
666.531,1.07642,0.0023519
668.98,1.08058,0.00356761
671.429,1.08126,0.00198331
673.878,1.08818,0.0019911
676.327,1.09216,0.002685
678.776,1.0938,0.00187818
681.224,1.10354,0.00318263
683.673,1.10518,0.00176287
686.122,1.10934,0.0022167
688.571,1.1114,0.001896
691.02,1.11788,0.00260005
693.469,1.12305,0.00222305
695.918,1.12914,0.00343516
698.367,1.1346,0.00215546
700.816,1.13538,0.00188817
703.265,1.14473,0.00315997
705.714,1.14376,0.00257165
708.163,1.14437,0.00201879
710.612,1.15414,0.00195012
713.061,1.15674,0.00193128
715.51,1.17043,0.00724447
717.959,1.16658,0.00233247
720.408,1.16867,0.00208372
722.857,1.17824,0.00226442
725.306,1.17896,0.00194108
727.755,1.1845,0.00215999
730.204,1.19078,0.00253716
732.653,1.19183,0.00203321
735.102,1.19652,0.00189648
737.551,1.20128,0.0020873
740.0,1.20604,0.00217553
743.265,1.21175,0.00209758
746.531,1.21849,0.00191836
749.796,1.22675,0.00211939
753.061,1.23087,0.00198463
756.327,1.23553,0.00233362
759.592,1.23568,0.00199884
762.857,1.24832,0.00250953
766.122,1.25361,0.0024743
769.388,1.26091,0.00245598
772.653,1.26823,0.00254208
775.918,1.27454,0.00238417
779.184,1.27888,0.00249654
782.449,1.28586,0.00322019
785.714,1.28573,0.0020005
788.98,1.30046,0.00273082
792.245,1.30219,0.00227772
795.51,1.30665,0.00259262
798.776,1.31554,0.00281783
802.041,1.31723,0.00256716
805.306,1.32685,0.00471565
808.571,1.3295,0.0024617
811.837,1.33693,0.00246949
815.102,1.34182,0.00245533
818.367,1.35775,0.00514883
821.633,1.35456,0.00262187
824.898,1.36096,0.00246349
828.163,1.36612,0.00233926
831.429,1.37258,0.00238296
834.694,1.37984,0.00275011
837.959,1.38643,0.00263381
841.224,1.39207,0.0026117
844.49,1.39739,0.00313528
847.755,1.40421,0.00244435
851.02,1.41225,0.0031546
854.286,1.41555,0.00273219
857.551,1.42601,0.00299147
860.816,1.42859,0.00284385
864.082,1.43527,0.00261484
867.347,1.43558,0.00249833
870.612,1.45225,0.00338973
873.878,1.45918,0.00373842
877.143,1.46066,0.0039468
880.408,1.46333,0.00277416
883.673,1.47317,0.00303283
886.939,1.47719,0.0024323
890.204,1.4848,0.00388728
893.469,1.48876,0.00313985
896.735,1.49317,0.00262325
900.0,1.50397,0.00306678
903.265,1.50298,0.00259904
906.531,1.5133,0.00329085
909.796,1.5197,0.00274249
913.061,1.52267,0.00270546
916.327,1.53479,0.00464136
919.592,1.53801,0.00293853
922.857,1.54047,0.00271451
926.122,1.55036,0.00340444
929.388,1.55676,0.00266594
932.653,1.56217,0.0029654
935.918,1.56764,0.00274549
939.184,1.56938,0.00279058
942.449,1.58509,0.00559558
945.714,1.58275,0.00371788
948.98,1.59084,0.00293152
952.245,1.59783,0.00356365
955.51,1.60433,0.00322579
958.776,1.61138,0.00324614
962.041,1.61071,0.00247401
965.306,1.61949,0.00400658
968.571,1.62681,0.00291571
971.837,1.63604,0.00373046
975.102,1.64932,0.00394728
978.367,1.64332,0.00311085
981.633,1.65415,0.00295739
984.898,1.65486,0.00264962
988.163,1.66475,0.00299691
991.429,1.66844,0.00274966
994.694,1.67844,0.00347171
997.959,1.68724,0.0034744
1001.22,1.68755,0.00292139
1004.49,1.69588,0.00308848
1007.76,1.69788,0.00305851
1011.02,1.70502,0.00372631
1014.29,1.70906,0.0030451
1017.55,1.72065,0.00362004
1020.82,1.72629,0.00387014
1024.08,1.72653,0.0029997
1027.35,1.73535,0.00326814
1030.61,1.74418,0.0033732
1033.88,1.75062,0.00307653
1037.14,1.76184,0.00363023
1040.41,1.76972,0.00324081
1043.67,1.7691,0.00364174
1046.94,1.7739,0.00367781
1050.2,1.77314,0.00260609
1053.47,1.78917,0.00333051
1056.73,1.79721,0.00348397
1060.0,1.79798,0.0032199
1064.9,1.80928,0.00387367
1069.8,1.81453,0.00303103
1074.69,1.83609,0.00598992
1079.59,1.83602,0.00344554
1084.49,1.84529,0.00439956
1089.39,1.8517,0.00314995
1094.29,1.86981,0.00333908
1099.18,1.87544,0.00396813
1104.08,1.88068,0.00331409
1108.98,1.89459,0.00428178
1113.88,1.89427,0.00303805
1118.78,1.90473,0.00337476
1123.67,1.91883,0.00323875
1128.57,1.94414,0.00724077
1133.47,1.9425,0.00403232
1138.37,1.94631,0.00381625
1143.27,1.9506,0.00324464
1148.16,1.96497,0.00419528
1153.06,1.973,0.00348548
1157.96,1.98709,0.00387134
1162.86,1.9912,0.00390171
1167.76,2.00335,0.00412656
1172.65,2.01462,0.00670664
1177.55,2.02403,0.00369953
1182.45,2.0344,0.00377195
1187.35,2.03659,0.00337865
1192.24,2.05226,0.00355711
1197.14,2.06605,0.00690717
1202.04,2.06957,0.00707328
1206.94,2.07924,0.00387418
1211.84,2.08422,0.00354178
1216.73,2.09899,0.00420921
1221.63,2.1176,0.00518753
1226.53,2.12054,0.00529596
1231.43,2.13169,0.00494321
1236.33,2.13301,0.0037751
1241.22,2.1407,0.00376885
1246.12,2.15309,0.00402176
1251.02,2.16903,0.00676636
1255.92,2.17556,0.00391167
1260.82,2.18216,0.00421509
1265.71,2.19032,0.00419453
1270.61,2.199,0.00467987
1275.51,2.20681,0.00831715
1280.41,2.21589,0.00466427
1285.31,2.23018,0.00416559
1290.2,2.23767,0.00420402
1295.1,2.24869,0.00443137
1300.0,2.2532,0.00378262
1304.9,2.2641,0.00403837
1309.8,2.27671,0.00425307
1314.69,2.28507,0.00414822
1319.59,2.29432,0.00390857
1324.49,2.29991,0.00425111
1329.39,2.31566,0.00459195
1334.29,2.31889,0.00390874
1339.18,2.32621,0.00518012
1344.08,2.34086,0.0039575
1348.98,2.36296,0.0100014
1353.88,2.36314,0.00541064
1358.78,2.36765,0.00464835
1363.67,2.37797,0.0054624
1368.57,2.38564,0.00427043
1373.47,2.40126,0.00419596
1378.37,2.40775,0.00416852
1383.27,2.4141,0.00587325
1388.16,2.42583,0.00416969
1393.06,2.4382,0.00428097
1397.96,2.44198,0.00412836
1402.86,2.45787,0.00432503
1407.76,2.46853,0.00626511
1412.65,2.468,0.00418081
1417.55,2.48662,0.00458528
1422.45,2.49612,0.00525306
1427.35,2.50213,0.00459224
1432.24,2.51441,0.00465674
1437.14,2.52032,0.0048879
1442.04,2.54471,0.00916344
1446.94,2.5392,0.00476427
1451.84,2.55595,0.00467819
1456.73,2.56694,0.00495779
1461.63,2.57301,0.00541397
1466.53,2.5815,0.00504099
1471.43,2.58184,0.00484712
1476.33,2.59855,0.0056323
1481.22,2.60615,0.00480352
1486.12,2.61045,0.00449004
1491.02,2.62449,0.0046475
1495.92,2.63699,0.00505321
1500.82,2.64716,0.0047584
1505.71,2.65251,0.0047552
1510.61,2.65983,0.00449807
1515.51,2.67337,0.00491896
1520.41,2.69123,0.00747853
1525.31,2.68908,0.00424478
1530.2,2.69499,0.00447424
1535.1,2.70798,0.00496168
1540.0,2.72327,0.00488183
1547.35,2.73246,0.00504354
1554.69,2.74475,0.00489418
1562.04,2.76869,0.00518065
1569.39,2.78133,0.00540745
1576.73,2.8035,0.00610582
1584.08,2.80803,0.00791284
1591.43,2.82263,0.0067203
1598.78,2.83381,0.00533241
1606.12,2.85653,0.00538502
1613.47,2.86738,0.00563908
1620.82,2.88242,0.00570864
1628.16,2.90244,0.00703916
1635.51,2.90889,0.00536642
1642.86,2.93755,0.00824588
1650.2,2.93387,0.00534027
1657.55,2.96055,0.00640836
1664.9,2.96754,0.00760606
1672.24,2.98344,0.00579679
1679.59,2.99618,0.0065706
1686.94,3.01654,0.00647661
1694.29,3.03749,0.00822475
1701.63,3.04628,0.00584803
1708.98,3.04965,0.00531095
1716.33,3.06867,0.00824853
1723.67,3.08075,0.0054513
1731.02,3.07539,0.00469444
1738.37,3.11367,0.00595849
1745.71,3.11873,0.00570381
1753.06,3.14553,0.00595123
1760.41,3.1602,0.00687507
1767.76,3.16137,0.0057222
1775.1,3.18597,0.00593521
1782.45,3.19549,0.00525656
1789.8,3.21501,0.00599148
1797.14,3.23209,0.00592528
1804.49,3.24947,0.00633536
1811.84,3.26744,0.00680271
1819.18,3.28211,0.00720183
1826.53,3.3036,0.00996559
1833.88,3.30167,0.00615422
1841.22,3.31512,0.00589021
1848.57,3.34852,0.007495
1855.92,3.33532,0.00555498
1863.27,3.36117,0.00792538
1870.61,3.37063,0.00661253
1877.96,3.38906,0.00588125
1885.31,3.4056,0.00891692
1892.65,3.41591,0.00585368
1900.0,3.43657,0.00665571
1907.35,3.44194,0.0070029
1914.69,3.46299,0.0062548
1922.04,3.48409,0.00747082
1929.39,3.49988,0.0073792
1936.73,3.5165,0.00752713
1944.08,3.51969,0.00781354
1951.43,3.53419,0.00650429
1958.78,3.54998,0.00690197
1966.12,3.57201,0.0073737
1973.47,3.57424,0.00674524
1980.82,3.59615,0.006055
1988.16,3.6131,0.00764531
1995.51,3.62644,0.00879259
2002.86,3.63972,0.00698635
2010.2,3.66686,0.00821573
2017.55,3.66993,0.0085847
2024.9,3.68921,0.00745879
2032.24,3.68877,0.00739735
2039.59,3.71554,0.00704954
2046.94,3.72375,0.00646961
2054.29,3.7483,0.00780143
2061.63,3.75817,0.00784155
2068.98,3.78211,0.00706934
2076.33,3.77993,0.00654465
2083.67,3.80091,0.00761013
2091.02,3.82911,0.00928412
2098.37,3.83286,0.01141
2105.71,3.85656,0.00708486
2113.06,3.87106,0.0178076
2120.41,3.88083,0.00759492
2127.76,3.8786,0.00649716
2135.1,3.89979,0.00669334
2142.45,3.93151,0.00760706
2149.8,3.93527,0.00662097
2157.14,3.95187,0.00805038
2164.49,3.98234,0.00887022
2171.84,3.95912,0.00770861
2179.18,3.98575,0.00755133
2186.53,4.00999,0.00699701
2193.88,4.03068,0.00751375
2201.22,4.03164,0.00771499
2208.57,4.05404,0.00968766
2215.92,4.0657,0.00845123
2223.27,4.07297,0.00716983
2230.61,4.10001,0.00974121
2237.96,4.10266,0.00899844
2245.31,4.13717,0.00901844
2252.65,4.13465,0.0072924
2260.0,4.15313,0.00980333
2271.02,4.17947,0.00728774
2282.04,4.18865,0.00662564
2293.06,4.2491,0.0215389
2304.08,4.25166,0.00968219
2315.1,4.27946,0.013232
2326.12,4.30378,0.00882025
2337.14,4.30349,0.00720642
2348.16,4.34581,0.00920834
2359.18,4.34554,0.00730931
2370.2,4.40227,0.0146501
2381.22,4.40943,0.00979306
2392.24,4.44738,0.0140169
2403.27,4.45399,0.0104879
2414.29,4.47575,0.00849887
2425.31,4.49524,0.00933013
2436.33,4.50242,0.0086733
2447.35,4.53389,0.00780779
2458.37,4.55743,0.00768342
2469.39,4.58453,0.00921575
2480.41,4.6267,0.00861207
2491.43,4.66249,0.0222917
2502.45,4.64492,0.00773801
2513.47,4.66675,0.00892392
2524.49,4.69772,0.00848744
2535.51,4.72082,0.00884212
2546.53,4.72619,0.00815689
2557.55,4.75153,0.00888253
2568.57,4.78506,0.00847838
2579.59,4.80841,0.00861394
2590.61,4.81595,0.00779394
2601.63,4.85088,0.00965154
2612.65,4.88733,0.0111816
2623.67,4.89699,0.00853443
2634.69,4.92877,0.0098342
2645.71,4.95361,0.00974143
2656.73,4.95734,0.00909427
2667.76,4.99797,0.0110102
2678.78,5.00881,0.00971323
2689.8,5.03172,0.00868181
2700.82,5.04313,0.00933574
2711.84,5.07637,0.011143
2722.86,5.09487,0.00863246
2733.88,5.12606,0.00924745
2744.9,5.13679,0.0099227
2755.92,5.18635,0.0129772
2766.94,5.18576,0.00974831
2777.96,5.22205,0.0101061
2788.98,5.24615,0.0201578
2800.0,5.25604,0.00922991
2814.29,5.28938,0.0108454
2828.57,5.33259,0.0101766
2842.86,5.32637,0.00909672
2857.14,5.40096,0.0122511
2871.43,5.41967,0.0124233
2885.71,5.44488,0.0115704
2900.0,5.47934,0.0124225
2914.29,5.51873,0.0145914
2928.57,5.53695,0.0111231
2942.86,5.5504,0.00966714
2957.14,5.58171,0.00966158
2971.43,5.62861,0.01224
2985.71,5.63692,0.00953496
3000.0,5.66442,0.00988892
3014.29,5.72515,0.0112559
3028.57,5.72095,0.0102452
3042.86,5.76164,0.014062
3057.14,5.79233,0.0108147
3071.43,5.82177,0.0109578
3085.71,5.86607,0.0109791
3100.0,5.86908,0.0102557
3114.29,5.92151,0.0108355
3128.57,5.9374,0.0109377
3142.86,5.98414,0.0129511
3157.14,5.9965,0.013668
3171.43,6.02386,0.0108249
3185.71,6.06059,0.0105218
3200.0,6.11203,0.0230475
3214.29,6.10963,0.0102167
3228.57,6.15915,0.0123227
3242.86,6.18029,0.012815
3257.14,6.22739,0.0145918
3271.43,6.23737,0.012323
3285.71,6.27735,0.0114432
3300.0,6.29852,0.0127172
3314.29,6.33331,0.013068
3328.57,6.34221,0.013054
3342.86,6.39003,0.0115165
3357.14,6.4285,0.0117559
3371.43,6.45639,0.0124894
3385.71,6.46854,0.0132269
3400.0,6.50635,0.0111095
3414.29,6.54413,0.0125089
3428.57,6.5874,0.0160289
3442.86,6.59407,0.0113538
3457.14,6.62565,0.0109925
3471.43,6.66894,0.0132545
3485.71,6.67556,0.0117404
3500.0,6.73046,0.0160787
3520.41,6.78792,0.0189826
3540.82,6.80043,0.0140539
3561.22,6.85327,0.0212564
3581.63,6.92237,0.0136715
3602.04,6.94346,0.0150898
3622.45,6.96466,0.0130364
3642.86,7.01154,0.0139529
3663.27,7.07013,0.0120513
3683.67,7.11433,0.0136198
3704.08,7.16614,0.0145677
3724.49,7.21097,0.0152528
3744.9,7.24864,0.0176765
3765.31,7.27267,0.0130333
3785.71,7.33543,0.0154518
3806.12,7.35125,0.014024
3826.53,7.41363,0.0128289
3846.94,7.45977,0.0166879
3867.35,7.51431,0.0143558
3887.76,7.57005,0.0160731
3908.16,7.5963,0.0209441
3928.57,7.6265,0.0138283
3948.98,7.66462,0.0131482
3969.39,7.71638,0.0147254
3989.8,7.75948,0.0241019
4010.2,7.82792,0.0180444
4030.61,7.84943,0.0155678
4051.02,7.92067,0.0151633
4071.43,7.91542,0.0148865
4091.84,7.98216,0.015697
4112.24,8.02181,0.034148
4132.65,8.07969,0.0173195
4153.06,8.108,0.0147743
4173.47,8.1773,0.0181843
4193.88,8.18278,0.0158637
4214.29,8.23367,0.0150827
4234.69,8.27527,0.0165434
4255.1,8.34781,0.0302792
4275.51,8.41292,0.0162138
4295.92,8.43669,0.0172103
4316.33,8.44742,0.0146864
4336.73,8.5196,0.0166484
4357.14,8.53395,0.0145651
4377.55,8.58325,0.015654
4397.96,8.65566,0.0245894
4418.37,8.70179,0.0207382
4438.78,8.72564,0.0167117
4459.18,8.78928,0.0190255
4479.59,8.80962,0.02
4500.0,8.84585,0.0158559
4530.61,8.94411,0.0176213
4561.22,9.00059,0.0234562
4591.84,9.07433,0.0177366
4622.45,9.13887,0.0364597
4653.06,9.21709,0.0296215
4683.67,9.23931,0.0193433
4714.29,9.30814,0.0178804
4744.9,9.38901,0.0182033
4775.51,9.45672,0.0251095
4806.12,9.53981,0.0244126
4836.73,9.56161,0.0181525
4867.35,9.6229,0.0179264
4897.96,9.72648,0.0214327
4928.57,9.77206,0.020853
4959.18,9.85385,0.0188529
4989.8,9.88741,0.0186082
5020.41,9.98595,0.0198054
5051.02,10.0472,0.0232389
5081.63,10.1375,0.0182609
5112.24,10.1704,0.016502
5142.86,10.2746,0.0233658
5173.47,10.3163,0.0199834
5204.08,10.3919,0.0208029
5234.69,10.4424,0.0202324
5265.31,10.5264,0.0212101
5295.92,10.5705,0.0200569
5326.53,10.6475,0.0204497
5357.14,10.7196,0.0230034
5387.76,10.7813,0.0223096
5418.37,10.8275,0.0193902
5448.98,10.9185,0.0212108
5479.59,10.9867,0.0200459
5510.2,11.0337,0.0195766
5540.82,11.1336,0.0203391
5571.43,11.1718,0.0211246
5602.04,11.2658,0.0219935
5632.65,11.3309,0.0229436
5663.27,11.4213,0.0228024
5693.88,11.4834,0.0228819
5724.49,11.5484,0.0233287
5755.1,11.6154,0.0213257
5785.71,11.6863,0.0232406
5816.33,11.7213,0.0229962
5846.94,11.8047,0.0245477
5877.55,11.9091,0.0344817
5908.16,11.973,0.0284911
5938.78,12.0444,0.0304547
5969.39,12.0719,0.0235253
6000.0,12.0949,0.0215673
6040.82,12.206,0.0241865
6081.63,12.2853,0.0212801
6122.45,12.4402,0.0312523
6163.27,12.4856,0.0218258
6204.08,12.5647,0.0217034
6244.9,12.7051,0.0227426
6285.71,12.7473,0.0229738
6326.53,12.8361,0.0244462
6367.35,12.9351,0.0238962
6408.16,13.0223,0.0270239
6448.98,13.0849,0.0228129
6489.8,13.2144,0.027077
6530.61,13.3252,0.0240865
6571.43,13.4025,0.0272657
6612.24,13.4791,0.0373801
6653.06,13.5813,0.0244174
6693.88,13.6644,0.0256205
6734.69,13.7128,0.0234071
6775.51,13.8714,0.0456394
6816.33,13.9604,0.0286377
6857.14,14.0532,0.0264166
6897.96,14.1352,0.0296346
6938.78,14.2919,0.0578853
6979.59,14.3193,0.0282504
7020.41,14.4476,0.0425595
7061.22,14.5368,0.036265
7102.04,14.5956,0.0275345
7142.86,14.7498,0.0855928
7183.67,14.7142,0.0268694
7224.49,14.841,0.0279335
7265.31,15.0004,0.0333362
7306.12,15.0834,0.0369277
7346.94,15.1747,0.0722456
7387.76,15.2586,0.0310474
7428.57,15.3227,0.0285597
7469.39,15.3968,0.027827
7510.2,15.5367,0.0352142
7551.02,15.5771,0.0309586
7591.84,15.6848,0.0276465
7632.65,15.7305,0.0273062
7673.47,15.824,0.0327871
7714.29,15.9496,0.0301956
7755.1,16.1095,0.041891
7795.92,16.1439,0.0318374
7836.73,16.2487,0.0305342
7877.55,16.368,0.0480278
7918.37,16.4837,0.0363787
7959.18,16.4811,0.0297917
8000.0,16.5739,0.0410458
8040.82,16.7674,0.0639218
8081.63,16.6934,0.0295567
8122.45,16.8831,0.0328925
8163.27,17.0424,0.0415212
8204.08,17.0563,0.0526317
8244.9,17.2467,0.0462772
8285.71,17.2263,0.0389375
8326.53,17.3159,0.0325606
8367.35,17.4361,0.0449963
8408.16,17.5395,0.0373738
8448.98,17.5951,0.0310921
8489.8,17.721,0.0391904
8530.61,17.8475,0.0533932
8571.43,17.8833,0.0326438
8612.24,18.012,0.0411891
8653.06,18.123,0.0827511
8693.88,18.2274,0.0464903
8734.69,18.3173,0.0432192
8775.51,18.3765,0.0369862
8816.33,18.3791,0.0313608
8857.14,18.5133,0.0339954
8897.96,18.6955,0.0387134
8938.78,18.8002,0.0653008
8979.59,18.7884,0.0421997
9020.41,18.9441,0.0385795
9061.22,19.0311,0.035868
9102.04,19.1189,0.0462007
9142.86,19.1885,0.0361073
9183.67,19.449,0.0789737
9224.49,19.3827,0.03577
9265.31,19.4649,0.0375346
9306.12,19.6148,0.0801173
9346.94,19.7012,0.0475703
9387.76,19.8095,0.0416123
9428.57,19.8711,0.0434381
9469.39,19.9842,0.0377897
9510.2,20.0005,0.0332867
9551.02,20.125,0.0358022
9591.84,20.2796,0.0393264
9632.65,20.2825,0.0375369
9673.47,20.4351,0.0370321
9714.29,20.5396,0.0394243
9755.1,20.5385,0.0341227
9795.92,20.73,0.0413298
9836.73,20.7762,0.0478339
9877.55,20.8696,0.0369437
9918.37,21.1014,0.0929749
9959.18,21.0777,0.0463522
10000.0,21.2261,0.0470212
