0.0,0.0,0.0
0.000204082,0.0,0.0
0.000408163,0.0,0.0
0.000612245,0.0,0.0
0.000816327,0.0,0.0
0.00102041,0.0,0.0
0.00122449,4.7034e-12,2.61373e-15
0.00142857,1.00366e-10,5.64739e-14
0.00163265,5.41502e-10,3.15998e-13
0.00183673,1.69674e-09,1.03162e-12
0.00204082,3.97315e-09,2.51611e-12
0.0022449,7.76543e-09,5.12263e-12
0.00244898,1.34657e-08,9.23111e-12
0.00265306,2.14181e-08,1.52359e-11
0.00285714,3.19739e-08,2.35733e-11
0.00306122,4.53738e-08,3.45812e-11
0.00326531,6.17771e-08,4.86476e-11
0.00346939,8.17095e-08,6.63168e-11
0.00367347,1.05024e-07,8.79566e-11
0.00387755,1.32e-07,1.13722e-10
0.00408163,1.63062e-07,1.44283e-10
0.00428571,1.98212e-07,1.80271e-10
0.0044898,2.37027e-07,2.21053e-10
0.00469388,2.8139e-07,2.68944e-10
0.00489796,3.2902e-07,3.22214e-10
0.00510204,3.81312e-07,3.8191e-10
0.00530612,4.38669e-07,4.48637e-10
0.0055102,4.99139e-07,5.21692e-10
0.00571429,5.67502e-07,6.04371e-10
0.00591837,6.38937e-07,6.94177e-10
0.00612245,7.13742e-07,7.90441e-10
0.00632653,7.94318e-07,8.97184e-10
0.00653061,8.82517e-07,1.01554e-09
0.00673469,9.73428e-07,1.13646e-09
0.00693878,1.06872e-06,1.26912e-09
0.00714286,1.17095e-06,1.41243e-09
0.00734694,1.27707e-06,1.56647e-09
0.00755102,1.39113e-06,1.73277e-09
0.0077551,1.50947e-06,1.9093e-09
0.00795918,1.62861e-06,2.08735e-09
0.00816327,1.75715e-06,2.2813e-09
0.00836735,1.88744e-06,2.4849e-09
0.00857143,2.0328e-06,2.71903e-09
0.00877551,2.1764e-06,2.94671e-09
0.00897959,2.3241e-06,3.18715e-09
0.00918367,2.48421e-06,3.44527e-09
0.00938776,2.64367e-06,3.70987e-09
0.00959184,2.81219e-06,3.99189e-09
0.00979592,2.98401e-06,4.28857e-09
0.01,3.16768e-06,4.6062e-09
0.0118367,5.007e-06,7.97166e-09
0.0136735,7.35663e-06,1.26476e-08
0.0155102,1.01146e-05,1.83873e-08
0.0173469,1.3438e-05,2.5809e-08
0.0191837,1.71488e-05,3.44602e-08
0.0210204,2.14248e-05,4.47227e-08
0.0228571,2.60856e-05,5.63709e-08
0.0246939,3.12236e-05,6.92273e-08
0.0265306,3.67131e-05,8.26916e-08
0.0283673,4.27817e-05,9.78038e-08
0.0302041,4.93573e-05,1.15041e-07
0.0320408,5.62826e-05,1.32337e-07
0.0338776,6.38225e-05,1.51231e-07
0.0357143,7.14225e-05,1.70121e-07
0.037551,7.97733e-05,1.89558e-07
0.0393878,8.84378e-05,2.09481e-07
0.0412245,9.75038e-05,2.33717e-07
0.0430612,0.00010737,2.55139e-07
0.044898,0.000116647,2.74387e-07
0.0467347,0.00012735,2.95723e-07
0.0485714,0.000138361,3.23301e-07
0.0504082,0.000149391,3.43603e-07
0.0522449,0.000161451,3.6901e-07
0.0540816,0.00017353,3.93961e-07
0.0559184,0.000185132,4.17208e-07
0.0577551,0.000197735,4.41102e-07
0.0595918,0.000210778,4.70676e-07
0.0614286,0.000224464,4.92443e-07
0.0632653,0.000238247,5.19574e-07
0.065102,0.000251091,5.31443e-07
0.0669388,0.000266259,5.68078e-07
0.0687755,0.00028239,5.98683e-07
0.0706122,0.000296435,6.1707e-07
0.072449,0.0003114,6.4287e-07
0.0742857,0.000327469,6.75622e-07
0.0761224,0.000343354,6.96054e-07
0.0779592,0.000357981,7.17398e-07
0.0797959,0.000377558,7.57986e-07
0.0816327,0.000393891,7.82694e-07
0.0834694,0.000410565,8.13913e-07
0.0853061,0.00042657,8.29722e-07
0.0871429,0.000444329,8.6258e-07
0.0889796,0.000462545,8.99086e-07
0.0908163,0.000480549,9.16253e-07
0.0926531,0.000500996,9.68326e-07
0.0944898,0.000519615,9.96999e-07
0.0963265,0.000535842,1.01767e-06
0.0981633,0.000556996,1.05503e-06
0.1,0.000578124,1.08161e-06
0.102041,0.000599779,1.12604e-06
0.104082,0.000621368,1.16821e-06
0.106122,0.000641697,1.17192e-06
0.108163,0.000665247,1.23357e-06
0.110204,0.000690445,1.27762e-06
0.112245,0.000712412,1.28938e-06
0.114286,0.000738686,1.34123e-06
0.116327,0.000761058,1.36615e-06
0.118367,0.000785964,1.40667e-06
0.120408,0.000810154,1.44092e-06
0.122449,0.000837951,1.48902e-06
0.12449,0.000860432,1.52315e-06
0.126531,0.000887056,1.55459e-06
0.128571,0.000910828,1.59976e-06
0.130612,0.000938987,1.66044e-06
0.132653,0.000965341,1.72419e-06
0.134694,0.000990921,1.69944e-06
0.136735,0.00101836,1.7598e-06
0.138776,0.00104657,1.81114e-06
0.140816,0.00107116,1.84629e-06
0.142857,0.00109901,1.88807e-06
0.144898,0.00113195,1.93006e-06
0.146939,0.00115471,1.95661e-06
0.14898,0.00118513,2.0401e-06
0.15102,0.00121698,2.04612e-06
0.153061,0.00124135,2.09482e-06
0.155102,0.00127004,2.10941e-06
0.157143,0.00129918,2.21074e-06
0.159184,0.00132941,2.18163e-06
0.161224,0.00136136,2.27527e-06
0.163265,0.00139302,2.34071e-06
0.165306,0.00142327,2.37363e-06
0.167347,0.00145052,2.38984e-06
0.169388,0.00147925,2.43612e-06
0.171429,0.00151226,2.49291e-06
0.173469,0.00154294,2.54756e-06
0.17551,0.00158037,2.61107e-06
0.177551,0.0016106,2.6517e-06
0.179592,0.00163838,2.6871e-06
0.181633,0.00166841,2.69936e-06
0.183673,0.00170179,2.75487e-06
0.185714,0.00173348,2.78449e-06
0.187755,0.00175997,2.7739e-06
0.189796,0.00179611,2.87437e-06
0.191837,0.00183706,2.96196e-06
0.193878,0.00186711,3.04149e-06
0.195918,0.0018935,3.00794e-06
0.197959,0.00192931,3.05337e-06
0.2,0.00196098,3.07126e-06
0.202041,0.00200263,3.18363e-06
0.204082,0.0020312,3.1919e-06
0.206122,0.00206704,3.24194e-06
0.208163,0.00209875,3.30575e-06
0.210204,0.00213897,3.35824e-06
0.212245,0.00217102,3.39774e-06
0.214286,0.00220681,3.47008e-06
0.216327,0.00224204,3.50914e-06
0.218367,0.00227695,3.54782e-06
0.220408,0.00231212,3.66987e-06
0.222449,0.00233434,3.57475e-06
0.22449,0.00238526,3.69067e-06
0.226531,0.00241922,3.74312e-06
0.228571,0.00245625,3.79e-06
0.230612,0.00249479,3.86031e-06
0.232653,0.00252566,3.86812e-06
0.234694,0.00256498,3.92794e-06
0.236735,0.00259927,3.98059e-06
0.238776,0.00263206,3.99528e-06
0.240816,0.00266843,4.132e-06
0.242857,0.00270059,4.08978e-06
0.244898,0.00274737,4.20202e-06
0.246939,0.00278428,4.21451e-06
0.24898,0.00282344,4.26598e-06
0.25102,0.00286869,4.34673e-06
0.253061,0.00289132,4.29896e-06
0.255102,0.00293539,4.43044e-06
0.257143,0.00297863,4.48718e-06
0.259184,0.00301238,4.60122e-06
0.261224,0.00305199,4.67786e-06
0.263265,0.00308482,4.60268e-06
0.265306,0.00313458,4.80811e-06
0.267347,0.00317271,4.76183e-06
0.269388,0.00321049,4.89555e-06
0.271429,0.00325039,4.92123e-06
0.273469,0.00328259,4.80703e-06
0.27551,0.00332472,4.95435e-06
0.277551,0.00336307,4.97698e-06
0.279592,0.00341055,5.10834e-06
0.281633,0.00345054,5.23477e-06
0.283673,0.00348924,5.18851e-06
0.285714,0.00352774,5.36557e-06
0.287755,0.00356571,5.33084e-06
0.289796,0.00360825,5.36558e-06
0.291837,0.00364863,5.39895e-06
0.293878,0.0036861,5.41e-06
0.295918,0.00373221,5.63027e-06
0.297959,0.00377125,5.54888e-06
0.3,0.00381692,5.68692e-06
0.302041,0.00386078,5.69015e-06
0.304082,0.00389572,5.80232e-06
0.306122,0.00392961,5.74296e-06
0.308163,0.00396717,5.69869e-06
0.310204,0.00400907,5.9489e-06
0.312245,0.00406037,5.87811e-06
0.314286,0.00410216,5.92878e-06
0.316327,0.00415741,6.1035e-06
0.318367,0.00419171,6.11632e-06
0.320408,0.00423342,6.24609e-06
0.322449,0.00426755,6.09776e-06
0.32449,0.00430973,6.12693e-06
0.326531,0.00436146,6.36385e-06
0.328571,0.00440625,6.49911e-06
0.330612,0.00444264,6.67177e-06
0.332653,0.00449554,6.49877e-06
0.334694,0.00453692,6.60864e-06
0.336735,0.00457658,6.60955e-06
0.338776,0.00461885,6.78709e-06
0.340816,0.00466937,6.82867e-06
0.342857,0.0046977,6.72509e-06
0.344898,0.00474906,6.76023e-06
0.346939,0.00479933,7.04002e-06
0.34898,0.00483685,6.9243e-06
0.35102,0.00487693,6.93677e-06
0.353061,0.00493585,7.19078e-06
0.355102,0.00497436,7.22299e-06
0.357143,0.00501744,7.06294e-06
0.359184,0.00505741,7.35032e-06
0.361224,0.00510415,7.31886e-06
0.363265,0.00515007,7.4085e-06
0.365306,0.00518616,7.4523e-06
0.367347,0.00524518,7.5984e-06
0.369388,0.00528718,7.41315e-06
0.371429,0.00531924,7.62695e-06
0.373469,0.00537653,7.6627e-06
0.37551,0.00543517,7.91862e-06
0.377551,0.00546869,7.81468e-06
0.379592,0.00551825,8.04558e-06
0.381633,0.00555406,7.87038e-06
0.383673,0.00560187,8.1677e-06
0.385714,0.00566158,8.08575e-06
0.387755,0.00568607,8.0584e-06
0.389796,0.00575281,8.24428e-06
0.391837,0.00579696,8.55371e-06
0.393878,0.00583876,8.45964e-06
0.395918,0.00588004,8.3856e-06
0.397959,0.00592827,8.38978e-06
0.4,0.00597634,8.49558e-06
0.402041,0.00603392,8.49556e-06
0.404082,0.00606064,8.43841e-06
0.406122,0.00611744,8.86098e-06
0.408163,0.00617499,8.69629e-06
0.410204,0.00621958,8.93597e-06
0.412245,0.00626421,8.95215e-06
0.414286,0.00631962,8.86122e-06
0.416327,0.00635457,9.06876e-06
0.418367,0.00641231,9.13236e-06
0.420408,0.00645755,9.23353e-06
0.422449,0.00649284,9.23626e-06
0.42449,0.00654294,8.99698e-06
0.426531,0.00658954,9.31322e-06
0.428571,0.0066536,9.40486e-06
0.430612,0.00669566,9.53892e-06
0.432653,0.0067362,9.2498e-06
0.434694,0.00679542,9.51974e-06
0.436735,0.00684113,9.5341e-06
0.438776,0.00687386,9.52609e-06
0.440816,0.00692519,9.57663e-06
0.442857,0.00698466,9.88047e-06
0.444898,0.00703924,1.01177e-05
0.446939,0.00708501,1.00012e-05
0.44898,0.00713469,9.93151e-06
0.45102,0.0071684,9.94271e-06
0.453061,0.00723894,1.00941e-05
0.455102,0.00728214,1.03017e-05
0.457143,0.00732298,1.02041e-05
0.459184,0.00737768,1.05882e-05
0.461224,0.00743383,1.08125e-05
0.463265,0.00748011,1.03392e-05
0.465306,0.00751617,1.01713e-05
0.467347,0.00757354,1.05299e-05
0.469388,0.00763157,1.06363e-05
0.471429,0.00767273,1.04647e-05
0.473469,0.00774958,1.09628e-05
0.47551,0.00779109,1.08507e-05
0.477551,0.00783246,1.09061e-05
0.479592,0.0078823,1.08948e-05
0.481633,0.0079228,1.11284e-05
0.483673,0.00797998,1.09263e-05
0.485714,0.00803047,1.1239e-05
0.487755,0.00806718,1.11809e-05
0.489796,0.00812132,1.12348e-05
0.491837,0.00817646,1.13812e-05
0.493878,0.00823466,1.11844e-05
0.495918,0.00829537,1.16595e-05
0.497959,0.00832589,1.14301e-05
0.5,0.00836021,1.12633e-05
0.502041,0.00843537,1.1822e-05
0.504082,0.008479,1.15779e-05
0.506122,0.00853905,1.17569e-05
0.508163,0.00860367,1.21823e-05
0.510204,0.0086544,1.19577e-05
0.512245,0.008691,1.18574e-05
0.514286,0.00873198,1.19731e-05
0.516327,0.00880871,1.22401e-05
0.518367,0.00884381,1.21862e-05
0.520408,0.008901,1.25691e-05
0.522449,0.00895479,1.2898e-05
0.52449,0.00901043,1.25061e-05
0.526531,0.00905225,1.24544e-05
0.528571,0.00911161,1.23168e-05
0.530612,0.00916155,1.27136e-05
0.532653,0.0092076,1.27421e-05
0.534694,0.00927355,1.25867e-05
0.536735,0.00932701,1.26302e-05
0.538776,0.00936905,1.30053e-05
0.540816,0.00946213,1.35597e-05
0.542857,0.00947423,1.2804e-05
0.544898,0.00952145,1.30221e-05
0.546939,0.00958634,1.33957e-05
0.54898,0.00963987,1.31456e-05
0.55102,0.00969337,1.30592e-05
0.553061,0.00974054,1.32784e-05
0.555102,0.00979549,1.31015e-05
0.557143,0.00985258,1.3508e-05
0.559184,0.00990367,1.4081e-05
0.561224,0.00995927,1.337e-05
0.563265,0.0100466,1.42996e-05
0.565306,0.0101044,1.42527e-05
0.567347,0.0101138,1.36034e-05
0.569388,0.0101963,1.43323e-05
0.571429,0.0102307,1.4032e-05
0.573469,0.0102887,1.40214e-05
0.57551,0.0103319,1.39314e-05
0.577551,0.0104072,1.42192e-05
0.579592,0.0104539,1.41842e-05
0.581633,0.0104992,1.43261e-05
0.583673,0.0105527,1.42012e-05
0.585714,0.0106234,1.46814e-05
0.587755,0.0106778,1.46472e-05
0.589796,0.0107231,1.46527e-05
0.591837,0.0107752,1.47389e-05
0.593878,0.010852,1.51291e-05
0.595918,0.0109006,1.50745e-05
0.597959,0.0109516,1.49993e-05
0.6,0.0109796,1.53444e-05
0.602041,0.011038,1.49829e-05
0.604082,0.0110916,1.50233e-05
0.606122,0.0111488,1.49865e-05
0.608163,0.0112397,1.53385e-05
0.610204,0.0112831,1.53617e-05
0.612245,0.0113168,1.51991e-05
0.614286,0.0113701,1.54213e-05
0.616327,0.0114692,1.59714e-05
0.618367,0.0115084,1.55829e-05
0.620408,0.0115425,1.56531e-05
0.622449,0.0115929,1.54796e-05
0.62449,0.0116358,1.57301e-05
0.626531,0.0117394,1.64476e-05
0.628571,0.0117658,1.56315e-05
0.630612,0.0118184,1.59065e-05
0.632653,0.0119149,1.63022e-05
0.634694,0.0119425,1.61583e-05
0.636735,0.0120088,1.65134e-05
0.638776,0.0120536,1.65648e-05
0.640816,0.0120818,1.60535e-05
0.642857,0.0121882,1.65294e-05
0.644898,0.0122093,1.63872e-05
0.646939,0.0122964,1.65089e-05
0.64898,0.0123129,1.64675e-05
0.65102,0.0124229,1.71679e-05
0.653061,0.0124149,1.62327e-05
0.655102,0.0125219,1.68579e-05
0.657143,0.0125679,1.70579e-05
0.659184,0.0125861,1.66295e-05
0.661224,0.0127145,1.72394e-05
0.663265,0.012751,1.74279e-05
0.665306,0.0127892,1.70122e-05
0.667347,0.0128502,1.76305e-05
0.669388,0.012915,1.81288e-05
0.671429,0.0129665,1.75319e-05
0.673469,0.0130002,1.71925e-05
0.67551,0.0130999,1.76933e-05
0.677551,0.0131037,1.73223e-05
0.679592,0.0132064,1.76338e-05
0.681633,0.013254,1.75386e-05
0.683673,0.0132839,1.72676e-05
0.685714,0.0133621,1.83085e-05
0.687755,0.0134345,1.82706e-05
0.689796,0.0134603,1.79176e-05
0.691837,0.0135365,1.78384e-05
0.693878,0.0136077,1.82354e-05
0.695918,0.0136751,1.85741e-05
0.697959,0.0137198,1.82516e-05
0.7,0.0137718,1.84063e-05
0.702041,0.0138293,1.89584e-05
0.704082,0.0138918,1.89877e-05
0.706122,0.0139169,1.85484e-05
0.708163,0.0139971,1.90343e-05
0.710204,0.014059,1.88558e-05
0.712245,0.014101,1.86059e-05
0.714286,0.0141721,1.86942e-05
0.716327,0.0142454,1.92175e-05
0.718367,0.0142818,1.90444e-05
0.720408,0.0143545,1.90892e-05
0.722449,0.0144544,1.98766e-05
0.72449,0.0144656,1.9367e-05
0.726531,0.0145394,2.05591e-05
0.728571,0.0145848,1.96318e-05
0.730612,0.0146421,2.01053e-05
0.732653,0.0147178,2.0213e-05
0.734694,0.0147281,1.92169e-05
0.736735,0.0148447,2.07399e-05
0.738776,0.0148716,1.9775e-05
0.740816,0.0149548,1.96811e-05
0.742857,0.0149954,2.0183e-05
0.744898,0.0150896,1.99641e-05
0.746939,0.0151381,2.03338e-05
0.74898,0.0151642,2.02617e-05
0.75102,0.0152577,2.04666e-05
0.753061,0.0152758,1.98807e-05
0.755102,0.0153583,2.06059e-05
0.757143,0.0154021,2.05026e-05
0.759184,0.0155015,2.18824e-05
0.761224,0.0155361,2.06283e-05
0.763265,0.0156037,2.09821e-05
0.765306,0.0156091,2.00121e-05
0.767347,0.0156871,2.08092e-05
0.769388,0.0157766,2.12087e-05
0.771429,0.0158451,2.10393e-05
0.773469,0.0158578,2.06735e-05
0.77551,0.0159611,2.14045e-05
0.777551,0.0159751,2.07063e-05
0.779592,0.0160643,2.13217e-05
0.781633,0.0161486,2.11413e-05
0.783673,0.0161946,2.13781e-05
0.785714,0.0162802,2.16145e-05
0.787755,0.0163455,2.18654e-05
0.789796,0.0163496,2.23336e-05
0.791837,0.0164328,2.1962e-05
0.793878,0.0165261,2.23788e-05
0.795918,0.0165652,2.21888e-05
0.797959,0.0165942,2.12933e-05
0.8,0.0166643,2.22685e-05
0.802041,0.0167315,2.21356e-05
0.804082,0.0167954,2.31273e-05
0.806122,0.0168775,2.18406e-05
0.808163,0.0169174,2.31226e-05
0.810204,0.0170086,2.28192e-05
0.812245,0.0170339,2.26496e-05
0.814286,0.0170909,2.23816e-05
0.816327,0.0171442,2.2672e-05
0.818367,0.0172357,2.36181e-05
0.820408,0.0173232,2.34282e-05
0.822449,0.0173531,2.33525e-05
0.82449,0.0173971,2.29543e-05
0.826531,0.0174767,2.31598e-05
0.828571,0.0175226,2.35119e-05
0.830612,0.0175769,2.28808e-05
0.832653,0.0176539,2.36452e-05
0.834694,0.0177141,2.3065e-05
0.836735,0.0177926,2.35874e-05
0.838776,0.0178568,2.44531e-05
0.840816,0.0178812,2.40262e-05
0.842857,0.0179653,2.35336e-05
0.844898,0.0180286,2.35391e-05
0.846939,0.0180645,2.38078e-05
0.84898,0.0181516,2.34589e-05
0.85102,0.0182251,2.50333e-05
0.853061,0.0182683,2.49192e-05
0.855102,0.0183315,2.40832e-05
0.857143,0.0183711,2.3681e-05
0.859184,0.0184709,2.5224e-05
0.861224,0.0185126,2.46152e-05
0.863265,0.0185859,2.41477e-05
0.865306,0.0186718,2.48596e-05
0.867347,0.0187481,2.43309e-05
0.869388,0.0187798,2.63333e-05
0.871429,0.0188628,2.43561e-05
0.873469,0.0188887,2.63878e-05
0.87551,0.0189518,2.46171e-05
0.877551,0.0190503,2.58741e-05
0.879592,0.0191028,2.49281e-05
0.881633,0.0191103,2.42229e-05
0.883673,0.0192069,2.52696e-05
0.885714,0.0192414,2.56476e-05
0.887755,0.0193454,2.49995e-05
0.889796,0.0193523,2.55669e-05
0.891837,0.0194819,2.55677e-05
0.893878,0.0195203,2.55995e-05
0.895918,0.0196122,2.52855e-05
0.897959,0.0196653,2.57634e-05
0.9,0.0197789,2.68363e-05
0.902041,0.0197916,2.63451e-05
0.904082,0.0198263,2.55904e-05
0.906122,0.0198949,2.59944e-05
0.908163,0.0199429,2.61452e-05
0.910204,0.020022,2.68833e-05
0.912245,0.0201037,2.91604e-05
0.914286,0.0201658,2.63341e-05
0.916327,0.0202852,2.71841e-05
0.918367,0.020273,2.62671e-05
0.920408,0.0202941,2.5964e-05
0.922449,0.0204751,2.76393e-05
0.92449,0.0204377,2.62937e-05
0.926531,0.0205455,2.71568e-05
0.928571,0.0206445,2.70916e-05
0.930612,0.0207025,2.66025e-05
0.932653,0.0207884,2.79247e-05
0.934694,0.0207526,2.68936e-05
0.936735,0.0208523,2.6965e-05
0.938776,0.0209672,2.75855e-05
0.940816,0.0210017,2.73789e-05
0.942857,0.0210511,2.78552e-05
0.944898,0.0211101,2.72409e-05
0.946939,0.0212032,2.86465e-05
0.94898,0.021278,2.89193e-05
0.95102,0.0212514,2.76331e-05
0.953061,0.0213895,2.77752e-05
0.955102,0.0214234,2.72521e-05
0.957143,0.0215191,2.85296e-05
0.959184,0.0215309,2.82577e-05
0.961224,0.0216019,2.8131e-05
0.963265,0.0216818,2.82064e-05
0.965306,0.0217608,2.84159e-05
0.967347,0.0217727,2.74425e-05
0.969388,0.0218785,2.923e-05
0.971429,0.0219681,2.81282e-05
0.973469,0.022055,2.94636e-05
0.97551,0.022094,2.8395e-05
0.977551,0.0221588,2.87421e-05
0.979592,0.0221944,2.80184e-05
0.981633,0.0222672,2.87071e-05
0.983673,0.0222854,2.80359e-05
0.985714,0.0224051,2.95778e-05
0.987755,0.0223926,2.90635e-05
0.989796,0.0225108,2.90496e-05
0.991837,0.0225967,2.91465e-05
0.993878,0.022642,2.86974e-05
0.995918,0.0227463,3.03324e-05
0.997959,0.0227845,2.94708e-05
1.0,0.0228171,3.02061e-05
1.08163,0.0255437,3.4965e-05
1.16327,0.0282549,3.7199e-05
1.2449,0.0310078,4.09273e-05
1.32653,0.0337855,4.29888e-05
1.40816,0.0366384,4.6404e-05
1.4898,0.03957,5.26924e-05
1.57143,0.0425802,5.58521e-05
1.65306,0.0457485,6.18211e-05
1.73469,0.0486338,6.09425e-05
1.81633,0.0517377,6.62863e-05
1.89796,0.054828,6.81081e-05
1.97959,0.0581134,7.71622e-05
2.06122,0.0612183,8.00114e-05
2.14286,0.0642812,7.8922e-05
2.22449,0.0677586,8.48683e-05
2.30612,0.0707753,9.05765e-05
2.38776,0.0742062,9.14101e-05
2.46939,0.0775713,9.59766e-05
2.55102,0.0806862,9.94688e-05
2.63265,0.0841607,0.000104523
2.71429,0.0876917,0.000114835
2.79592,0.0910306,0.000113439
2.87755,0.0946449,0.000116892
2.95918,0.0980813,0.000119942
3.04082,0.101697,0.000127482
3.12245,0.104964,0.000125479
3.20408,0.108693,0.000137665
3.28571,0.112399,0.000145953
3.36735,0.115885,0.000144536
3.44898,0.119602,0.000150155
3.53061,0.122956,0.000146328
3.61224,0.126817,0.000156956
3.69388,0.130554,0.000170645
3.77551,0.133977,0.000166827
3.85714,0.137979,0.000178383
3.93878,0.141492,0.000173171
4.02041,0.144925,0.000185477
4.10204,0.149136,0.000187072
4.18367,0.152622,0.000193547
4.26531,0.156621,0.000200643
4.34694,0.160468,0.000194328
4.42857,0.164579,0.000222502
4.5102,0.168102,0.000219293
4.59184,0.172231,0.000238091
4.67347,0.175738,0.000210971
4.7551,0.179578,0.000224101
4.83673,0.183391,0.000227636
4.91837,0.187223,0.000246982
5.0,0.191252,0.000232751
5.10204,0.196183,0.000237722
5.20408,0.200629,0.000261849
5.30612,0.206058,0.000255843
5.40816,0.211376,0.00027265
5.5102,0.216357,0.000277989
5.61224,0.221153,0.000293134
5.71429,0.226012,0.000278212
5.81633,0.231397,0.00030988
5.91837,0.236142,0.000308046
6.02041,0.242286,0.000362586
6.12245,0.246709,0.000310307
6.22449,0.251157,0.000310014
6.32653,0.25656,0.000309031
6.42857,0.262369,0.000440081
6.53061,0.267108,0.000355693
6.63265,0.272113,0.000336833
6.73469,0.277138,0.000348575
6.83673,0.282322,0.000341624
6.93878,0.287562,0.000351543
7.04082,0.29319,0.000364819
7.14286,0.298317,0.000374984
7.2449,0.303845,0.000388943
7.34694,0.308715,0.000413451
7.44898,0.314229,0.000396289
7.55102,0.32023,0.000407791
7.65306,0.325224,0.000427598
7.7551,0.330297,0.000420884
7.85714,0.33574,0.000425155
7.95918,0.340723,0.000415638
8.06122,0.346435,0.000450002
8.16327,0.351516,0.000432652
8.26531,0.356953,0.000459576
8.36735,0.362285,0.000458973
8.46939,0.36814,0.00045377
8.57143,0.373017,0.000472056
8.67347,0.378801,0.000465531
8.77551,0.38415,0.000489732
8.87755,0.390001,0.000495221
8.97959,0.395315,0.000529734
9.08163,0.401524,0.000568316
9.18367,0.406425,0.000517773
9.28571,0.411632,0.000533867
9.38776,0.417519,0.00051278
9.4898,0.422139,0.000504726
9.59184,0.428341,0.00053628
9.69388,0.432994,0.000528044
9.79592,0.438686,0.000547364
9.89796,0.444911,0.000555207
10.0,0.450275,0.000548331
10.2041,0.461286,0.000561024
10.4082,0.473018,0.000603961
10.6122,0.483762,0.000590033
10.8163,0.49515,0.000601655
11.0204,0.507149,0.000637475
11.2245,0.518908,0.000630957
11.4286,0.53181,0.00182141
11.6327,0.541223,0.000682451
11.8367,0.551442,0.000709419
12.0408,0.564747,0.000784251
12.2449,0.575429,0.000702751
12.449,0.588944,0.000815084
12.6531,0.597313,0.000762975
12.8571,0.611207,0.000775862
13.0612,0.623962,0.000837318
13.2653,0.633628,0.000800803
13.4694,0.646439,0.000838425
13.6735,0.65734,0.000810363
13.8776,0.669175,0.000859125
14.0816,0.682279,0.000932473
14.2857,0.693849,0.000896291
14.4898,0.706373,0.000955288
14.6939,0.717237,0.000935976
14.898,0.730352,0.000993971
15.102,0.742445,0.000954529
15.3061,0.75202,0.000945827
15.5102,0.765977,0.00100366
15.7143,0.779095,0.00104258
15.9184,0.789833,0.00101605
16.1224,0.801387,0.0010328
16.3265,0.813983,0.0010408
16.5306,0.823994,0.000995399
16.7347,0.838286,0.00105254
16.9388,0.850227,0.00110306
17.1429,0.86178,0.00113964
17.3469,0.874521,0.00111853
17.551,0.888639,0.00118792
17.7551,0.900792,0.00124277
17.9592,0.911686,0.00113442
18.1633,0.924327,0.00135363
18.3673,0.934944,0.00121321
18.5714,0.949318,0.00122595
18.7755,0.961246,0.00130035
18.9796,0.974817,0.0012727
19.1837,0.986383,0.00122579
19.3878,0.998692,0.00124082
19.5918,1.01121,0.00136505
19.7959,1.02315,0.00126103
20.0,1.03303,0.00123311
20.4082,1.06144,0.00136464
20.8163,1.08356,0.00132061
21.2245,1.10905,0.00136858
21.6327,1.13759,0.00147003
22.0408,1.16123,0.00148942
22.449,1.18872,0.00159
22.8571,1.21352,0.00155432
23.2653,1.24081,0.00163636
23.6735,1.2664,0.00163564
24.0816,1.29339,0.00171053
24.4898,1.319,0.00169521
24.898,1.34265,0.00197406
25.3061,1.36938,0.00167465
25.7143,1.39228,0.00175246
26.1224,1.42005,0.00181943
26.5306,1.44935,0.00189218
26.9388,1.47581,0.00217538
27.3469,1.50059,0.00257867
27.7551,1.52588,0.00191301
28.1633,1.55646,0.00234619
28.5714,1.57657,0.0020057
28.9796,1.60535,0.00208057
29.3878,1.63122,0.00203787
29.7959,1.65773,0.00279429
30.2041,1.68506,0.0022601
30.6122,1.7126,0.00231277
31.0204,1.74097,0.00264779
31.4286,1.76706,0.00258582
31.8367,1.79091,0.00221443
32.2449,1.82158,0.00250089
32.6531,1.84633,0.00236299
33.0612,1.87882,0.00254662
33.4694,1.90333,0.00331281
33.8776,1.93058,0.00298782
34.2857,1.95646,0.00270062
34.6939,1.98042,0.00269444
35.102,2.00985,0.00261741
35.5102,2.03517,0.00267263
35.9184,2.06604,0.00316384
36.3265,2.09179,0.00278702
36.7347,2.12566,0.00280869
37.1429,2.1445,0.00276169
37.551,2.17233,0.00267455
37.9592,2.20099,0.00279959
38.3673,2.23057,0.00287437
38.7755,2.25738,0.00285788
39.1837,2.28925,0.00720202
39.5918,2.31605,0.00321031
40.0,2.33832,0.00297303
40.4082,2.36213,0.00286163
40.8163,2.39911,0.00319906
41.2245,2.42262,0.00303703
41.6327,2.4558,0.00377185
42.0408,2.4781,0.00314145
42.449,2.50432,0.00317969
42.8571,2.54317,0.00488515
43.2653,2.56563,0.00356963
43.6735,2.59089,0.0035286
44.0816,2.62341,0.0034561
44.4898,2.65075,0.00359877
44.898,2.6828,0.00465837
45.3061,2.70504,0.00411619
45.7143,2.73848,0.00399764
46.1224,2.75892,0.00410311
46.5306,2.795,0.00386494
46.9388,2.82262,0.00381227
47.3469,2.84356,0.00366999
47.7551,2.87683,0.00373387
48.1633,2.90469,0.00359571
48.5714,2.93646,0.00437892
48.9796,2.97012,0.00462581
49.3878,2.98931,0.0038062
49.7959,3.02252,0.00467227
50.2041,3.04686,0.00375213
50.6122,3.07141,0.00383605
51.0204,3.10574,0.00391586
51.4286,3.13949,0.00633347
51.8367,3.16183,0.00423373
52.2449,3.18991,0.0042897
52.6531,3.21155,0.00437857
53.0612,3.25323,0.00428495
53.4694,3.28763,0.00465391
53.8776,3.31046,0.0073725
54.2857,3.33515,0.00562823
54.6939,3.357,0.0045764
55.102,3.39665,0.0046748
55.5102,3.42811,0.00507997
55.9184,3.45156,0.00459915
56.3265,3.48588,0.00484376
56.7347,3.5105,0.00491176
57.1429,3.53492,0.00444583
57.551,3.56814,0.00456054
57.9592,3.60316,0.0047453
58.3673,3.63304,0.00493518
58.7755,3.66478,0.00501101
59.1837,3.68946,0.00468574
59.5918,3.71337,0.00465754
60.0,3.73501,0.00491679
60.4082,3.77569,0.00493458
60.8163,3.7991,0.00540422
61.2245,3.82893,0.00500012
61.6327,3.86339,0.00516683
62.0408,3.8879,0.00526307
62.449,3.93312,0.00772111
62.8571,3.95246,0.00573594
63.2653,3.98188,0.00503933
63.6735,4.0065,0.00516546
64.0816,4.03364,0.00527499
64.4898,4.06566,0.00526652
64.898,4.10104,0.00595272
65.3061,4.13828,0.0059657
65.7143,4.15622,0.00592638
66.1224,4.18102,0.00516284
66.5306,4.22376,0.00549833
66.9388,4.24491,0.00561269
67.3469,4.28899,0.0060988
67.7551,4.31661,0.00606397
68.1633,4.33774,0.00575793
68.5714,4.36258,0.00550237
68.9796,4.40872,0.00617777
69.3878,4.42959,0.00651749
69.7959,4.45541,0.00571143
70.2041,4.49308,0.00695419
70.6122,4.51481,0.0059417
71.0204,4.54306,0.00610931
71.4286,4.57051,0.00570949
71.8367,4.60862,0.00588421
72.2449,4.63589,0.00619994
72.6531,4.67723,0.00678219
73.0612,4.69245,0.00582419
73.4694,4.73873,0.00737398
73.8776,4.75609,0.00607533
74.2857,4.79773,0.00644903
74.6939,4.82099,0.00700286
75.102,4.85398,0.00658173
75.5102,4.88402,0.00686344
75.9184,4.91333,0.00640868
76.3265,4.93338,0.00631746
76.7347,4.98396,0.00641744
77.1429,5.01007,0.00780704
77.551,5.03309,0.0083485
77.9592,5.05998,0.00643184
78.3673,5.08295,0.00677603
78.7755,5.12771,0.00944565
79.1837,5.16492,0.00711619
79.5918,5.18953,0.00736949
80.0,5.22009,0.00713125
80.4082,5.24412,0.00676649
80.8163,5.27136,0.00706505
81.2245,5.30167,0.00710444
81.6327,5.34049,0.00706771
82.0408,5.36974,0.0065948
82.449,5.38955,0.00694525
82.8571,5.41893,0.00717455
83.2653,5.46029,0.00745788
83.6735,5.48246,0.0074399
84.0816,5.51497,0.00729869
84.4898,5.56004,0.00764062
84.898,5.59385,0.00718268
85.3061,5.60946,0.00717828
85.7143,5.6518,0.00764296
86.1224,5.66491,0.00758397
86.5306,5.7051,0.0078421
86.9388,5.74664,0.00884389
87.3469,5.76618,0.00758784
87.7551,5.79841,0.00772036
88.1633,5.83029,0.00776932
88.5714,5.86311,0.0083003
88.9796,5.88954,0.00748369
89.3878,5.92163,0.00794345
89.7959,5.95872,0.00808327
90.2041,5.98128,0.00781435
90.6122,6.01611,0.00789698
91.0204,6.05221,0.00839311
91.4286,6.06675,0.00825486
91.8367,6.09828,0.0092844
92.2449,6.13751,0.00858691
92.6531,6.18639,0.0113682
93.0612,6.18999,0.00783641
93.4694,6.25746,0.0184116
93.8776,6.27844,0.00888327
94.2857,6.30216,0.00826522
94.6939,6.34093,0.00869083
95.102,6.35878,0.00815303
95.5102,6.39484,0.00845314
95.9184,6.42397,0.00955579
96.3265,6.44432,0.0085443
96.7347,6.47661,0.00838764
97.1429,6.52057,0.0084666
97.551,6.54659,0.010615
97.9592,6.56966,0.00852469
98.3673,6.61902,0.00893393
98.7755,6.64454,0.00927833
99.1837,6.66833,0.00942034
99.5918,6.70062,0.00887529
100.0,6.72023,0.00861448
100.816,6.80058,0.0108647
101.633,6.8577,0.0103374
102.449,6.93506,0.0119197
103.265,6.99132,0.0141657
104.082,7.0421,0.00861321
104.898,7.09889,0.00916944
105.714,7.16218,0.00887961
106.531,7.2496,0.0105519
107.347,7.308,0.0101291
108.163,7.35941,0.0113342
108.98,7.41282,0.00954498
109.796,7.49987,0.011674
110.612,7.56602,0.0105906
111.429,7.60636,0.00976882
112.245,7.67317,0.0102735
113.061,7.75574,0.0114387
113.878,7.81882,0.0106104
114.694,7.87888,0.013493
115.51,7.92259,0.0100485
116.327,8.01151,0.010631
117.143,8.06158,0.0102797
117.959,8.1307,0.01175
118.776,8.18234,0.0130286
119.592,8.24835,0.0109488
120.408,8.33978,0.0170413
121.224,8.39213,0.0110067
122.041,8.46153,0.0120614
122.857,8.50634,0.0110766
123.673,8.5823,0.0118744
124.49,8.64152,0.0119705
125.306,8.68874,0.0109167
126.122,8.75012,0.0112795
126.939,8.82224,0.0115743
127.755,8.91695,0.0127094
128.571,8.95699,0.0114421
129.388,9.03597,0.0119069
130.204,9.09367,0.0117792
131.02,9.13336,0.0117274
131.837,9.22584,0.0130708
132.653,9.29549,0.0120276
133.469,9.36328,0.0145566
134.286,9.44164,0.0132319
135.102,9.47906,0.0170229
135.918,9.55259,0.012458
136.735,9.60839,0.0138101
137.551,9.67668,0.0127666
138.367,9.7149,0.0120537
139.184,9.7979,0.0126731
140.0,9.87488,0.014467
140.816,9.95577,0.0153699
141.633,10.0094,0.0132648
142.449,10.0782,0.0155358
143.265,10.1262,0.0138647
144.082,10.1864,0.0135509
144.898,10.2554,0.012795
145.714,10.3367,0.01335
146.531,10.3708,0.0128195
147.347,10.4426,0.013602
148.163,10.5427,0.015673
148.98,10.5919,0.0150454
149.796,10.6822,0.0159749
150.612,10.7291,0.0155672
151.429,10.7977,0.0143743
152.245,10.8599,0.0139566
153.061,10.9416,0.0141389
153.878,10.9982,0.0148795
154.694,11.0537,0.014523
155.51,11.142,0.0169198
156.327,11.1991,0.027346
157.143,11.2728,0.0148523
157.959,11.3053,0.0159363
158.776,11.3933,0.0162919
159.592,11.4537,0.0149156
160.408,11.5299,0.0159057
161.224,11.6089,0.0167249
162.041,11.6481,0.0159673
162.857,11.7234,0.0220504
163.673,11.8089,0.0162153
164.49,11.8518,0.017086
165.306,11.9406,0.0167528
166.122,11.9773,0.0151215
166.939,12.0702,0.0173179
167.755,12.0973,0.0160739
168.571,12.204,0.0192099
169.388,12.2534,0.0169492
170.204,12.3091,0.0156405
171.02,12.4256,0.0179828
171.837,12.4494,0.017637
172.653,12.5285,0.0173369
173.469,12.6125,0.018277
174.286,12.6386,0.0168963
175.102,12.7295,0.0175519
175.918,12.8165,0.0207914
176.735,12.8507,0.0177035
177.551,12.9582,0.0189155
178.367,13.0184,0.0182678
179.184,13.0953,0.0209937
180.0,13.1272,0.0172915
180.816,13.2003,0.0181002
181.633,13.2513,0.0169797
182.449,13.3342,0.0181591
183.265,13.3736,0.0176347
184.082,13.4885,0.0182846
184.898,13.5431,0.0211692
185.714,13.5728,0.017738
186.531,13.6851,0.0193062
187.347,13.7327,0.0193275
188.163,13.767,0.0188893
188.98,13.8521,0.018183
189.796,13.9661,0.0221148
190.612,13.9776,0.0204814
191.429,14.0924,0.0201753
192.245,14.1255,0.0185508
193.061,14.1939,0.0191785
193.878,14.282,0.0203186
194.694,14.3324,0.0206418
195.51,14.4253,0.0197847
196.327,14.4708,0.0200234
197.143,14.5469,0.0217375
197.959,14.6318,0.0212441
198.776,14.7234,0.021784
199.592,14.7468,0.0194585
200.408,14.8499,0.0249592
201.224,14.9285,0.0240668
202.041,14.9067,0.0206847
202.857,15.0366,0.0207947
203.673,15.1011,0.0201157
204.49,15.1606,0.0243281
205.306,15.2451,0.0199096
206.122,15.3215,0.0225969
206.939,15.3601,0.0206563
207.755,15.4439,0.0202935
208.571,15.5175,0.0270424
209.388,15.5761,0.0218347
210.204,15.6269,0.020992
211.02,15.749,0.0238355
211.837,15.8283,0.023161
212.653,15.8523,0.0211918
213.469,15.9381,0.0238702
214.286,15.985,0.0217026
215.102,16.0366,0.0218519
215.918,16.1198,0.022443
216.735,16.1472,0.0217665
217.551,16.2751,0.0248753
218.367,16.3586,0.0525296
219.184,16.3973,0.0230352
220.0,16.4823,0.0216763
221.633,16.6353,0.0236743
223.265,16.7561,0.0247325
224.898,16.903,0.0244567
226.531,17.0614,0.0243334
228.163,17.1169,0.0221501
229.796,17.2956,0.0218028
231.429,17.4398,0.0275624
233.061,17.6109,0.025877
234.694,17.7668,0.0241642
236.327,17.8453,0.0266294
237.959,17.9543,0.0223327
239.592,18.1122,0.0243826
241.224,18.3289,0.0516017
242.857,18.4419,0.0316899
244.49,18.5718,0.0256866
246.122,18.6737,0.0243268
247.755,18.8151,0.025787
249.388,18.973,0.0288474
251.02,19.1253,0.0290375
252.653,19.2205,0.0281675
254.286,19.4236,0.025776
255.918,19.5144,0.0258674
257.551,19.6776,0.0278936
259.184,19.8431,0.0285278
260.816,19.9563,0.0271862
262.449,20.1265,0.0329308
264.082,20.2244,0.0284218
265.714,20.3931,0.0306489
267.347,20.5543,0.031916
268.98,20.631,0.0284626
270.612,20.8428,0.0349469
272.245,20.9175,0.0261014
273.878,21.0555,0.0285329
275.51,21.2288,0.0281284
277.143,21.3468,0.0278689
278.776,21.535,0.0293245
280.408,21.6415,0.0295804
282.041,21.7722,0.0292636
283.673,21.8956,0.0279894
285.306,22.082,0.0315529
286.939,22.1564,0.0287555
288.571,22.3268,0.0311749
290.204,22.5,0.0367469
291.837,22.5834,0.0308546
293.469,22.7491,0.0335005
295.102,22.8867,0.0301706
296.735,23.1243,0.0353613
298.367,23.2304,0.0329978
300.0,23.3915,0.0596629
301.633,23.509,0.0325555
303.265,23.595,0.0306374
304.898,23.7932,0.0349579
306.531,23.9422,0.0356362
308.163,24.0856,0.0559866
309.796,24.2256,0.0407911
311.429,24.3515,0.0368768
313.061,24.4788,0.0360486
314.694,24.6205,0.0320684
316.327,24.7676,0.0336304
317.959,24.9533,0.0361888
319.592,25.1024,0.0514118
321.224,25.1131,0.0361416
322.857,25.2995,0.0322224
324.49,25.4744,0.0354534
326.122,25.6098,0.0339889
327.755,25.7587,0.0355906
329.388,25.9125,0.0358336
331.02,26.0176,0.0342474
332.653,26.1802,0.0351869
334.286,26.3486,0.0449101
335.918,26.5061,0.0395836
337.551,26.5728,0.0343997
339.184,26.8052,0.0400559
340.816,26.97,0.0388638
342.449,27.1154,0.0416043
344.082,27.2352,0.038612
345.714,27.3585,0.0354611
347.347,27.4496,0.0350225
348.98,27.7574,0.0467825
350.612,27.7836,0.037004
352.245,27.9547,0.0386474
353.878,28.1147,0.0537086
355.51,28.3134,0.0425461
357.143,28.391,0.0381051
358.776,28.5082,0.047543
360.408,28.6858,0.0439962
362.041,28.8061,0.0375225
363.673,28.9885,0.0510765
365.306,29.1005,0.0409013
366.939,29.1445,0.036439
368.571,29.3841,0.0654527
370.204,29.5118,0.0414687
371.837,29.7572,0.0484871
373.469,29.8291,0.0385487
375.102,30.0072,0.0406925
376.735,30.1149,0.0402911
378.367,30.2646,0.0407253
380.0,30.4248,0.0433233
382.449,30.7119,0.0476484
384.898,30.8032,0.0401734
387.347,31.0834,0.0479032
389.796,31.2408,0.0445835
392.245,31.5156,0.0417224
394.694,31.6959,0.0455155
397.143,31.9791,0.0493481
399.592,32.2025,0.0574842
402.041,32.4044,0.0470908
404.49,32.5897,0.0432011
406.939,32.7807,0.0431637
409.388,33.0211,0.043519
411.837,33.3399,0.0463714
414.286,33.4627,0.0538747
416.735,33.7382,0.0448396
419.184,33.9523,0.0461731
421.633,34.1855,0.0584096
424.082,34.5121,0.0619555
426.531,34.5958,0.0531333
428.98,34.8758,0.0517035
431.429,35.0316,0.0457544
433.878,35.3212,0.0653535
436.327,35.5589,0.0540217
438.776,35.7038,0.0470768
441.224,35.909,0.0512013
443.673,36.1535,0.0493476
446.122,36.3335,0.0476134
448.571,36.4759,0.0513047
451.02,36.8514,0.0485139
453.469,37.0283,0.0467182
455.918,37.3232,0.0532464
458.367,37.5003,0.0542553
460.816,37.7053,0.0534095
463.265,38.0027,0.0558459
465.714,38.1265,0.0617557
468.163,38.4019,0.0529448
470.612,38.6356,0.0568064
473.061,38.8523,0.0556889
475.51,39.0625,0.0519572
477.959,39.3702,0.0584809
480.408,39.5571,0.0607906
482.857,39.6989,0.0548671
485.306,39.9394,0.0554738
487.755,40.1348,0.0564841
490.204,40.4747,0.0605904
492.653,40.6352,0.061433
495.102,40.9442,0.0702823
497.551,41.1591,0.123818
500.0,41.2581,0.0561152
502.449,41.5677,0.0595866
504.898,41.7906,0.0553435
507.347,42.0087,0.0600939
509.796,42.2175,0.0548814
512.245,42.4943,0.0604487
514.694,42.6895,0.066766
517.143,42.9642,0.0620771
519.592,43.245,0.0622466
522.041,43.3898,0.0648004
524.49,43.5526,0.0576466
526.939,43.8461,0.065148
529.388,44.0396,0.0653913
531.837,44.2896,0.0623223
534.286,44.6123,0.0788157
536.735,44.7363,0.0596974
539.184,44.9406,0.0609917
541.633,45.2864,0.0672524
544.082,45.3543,0.065131
546.531,45.5878,0.0628193
548.98,45.9307,0.0741249
551.429,46.0669,0.082842
553.878,46.3867,0.0737227
556.327,46.529,0.0627555
558.776,46.8007,0.066835
561.224,47.0261,0.063405
563.673,47.2592,0.0667687
566.122,47.5008,0.0752004
568.571,47.7797,0.115966
571.02,47.9556,0.0650501
573.469,48.1785,0.0762253
575.918,48.437,0.0656242
578.367,48.55,0.0695109
580.816,48.7821,0.0731838
583.265,49.0722,0.0730693
585.714,49.249,0.0655182
588.163,49.4786,0.0672567
590.612,49.7162,0.0772577
593.061,49.9069,0.0689754
595.51,50.248,0.0976974
597.959,50.3785,0.0682149
600.408,50.5809,0.0723406
602.857,50.8619,0.0742022
605.306,51.1765,0.0725545
607.755,51.4809,0.0942134
610.204,51.5246,0.070891
612.653,51.8453,0.07315
615.102,51.9811,0.0725826
617.551,52.1144,0.0672206
620.0,52.4629,0.0758448
622.449,52.7999,0.0777004
624.898,53.0095,0.0723919
627.347,53.4333,0.0901001
629.796,53.3087,0.0760275
632.245,53.639,0.0766299
634.694,53.9421,0.0808414
637.143,54.0596,0.0741242
639.592,54.2857,0.0737205
642.041,54.6025,0.0745391
644.49,54.7993,0.0764359
646.939,54.9329,0.0774741
649.388,55.2033,0.0753712
651.837,55.3206,0.0761811
654.286,55.837,0.0815546
656.735,55.9078,0.0739974
659.184,56.2032,0.0760339
661.633,56.4835,0.0785189
664.082,56.5858,0.0807624
666.531,56.9754,0.107808
668.98,57.1209,0.0782926
671.429,57.348,0.0804247
673.878,57.6756,0.0799032
676.327,57.9331,0.0918287
678.776,58.1623,0.0992457
681.224,58.2581,0.081782
683.673,58.7746,0.131214
686.122,58.7355,0.103577
688.571,59.0577,0.0831768
691.02,59.0801,0.0782126
693.469,59.6412,0.103938
695.918,59.6999,0.0820081
698.367,59.9342,0.0843993
700.816,60.1487,0.0793008
703.265,60.1573,0.0761943
705.714,60.5079,0.0792286
708.163,60.8442,0.0810847
710.612,61.1049,0.11888
713.061,61.3536,0.081782
715.51,61.7622,0.0928327
717.959,61.7444,0.0910323
720.408,61.9066,0.0816557
722.857,62.3016,0.0892285
725.306,62.5109,0.0839901
727.755,62.7494,0.0903303
730.204,63.0417,0.0922468
732.653,63.348,0.10206
735.102,63.5395,0.0928359
737.551,63.6798,0.0923125
740.0,63.7403,0.0877345
743.265,64.1206,0.090079
746.531,64.5487,0.0886914
749.796,64.7266,0.0863606
753.061,65.1068,0.0926769
756.327,65.476,0.137353
759.592,65.8991,0.125849
762.857,66.0517,0.0926655
766.122,66.4661,0.0898813
769.388,66.8282,0.101059
772.653,67.0655,0.109483
775.918,67.4649,0.101061
779.184,67.7574,0.102268
782.449,68.017,0.110657
785.714,68.1042,0.0904254
788.98,68.7479,0.0979872
792.245,68.9679,0.10038
795.51,69.3284,0.0967218
798.776,69.6223,0.116087
802.041,70.1204,0.101633
805.306,70.3609,0.110246
808.571,70.5339,0.104238
811.837,70.8139,0.113045
815.102,71.0539,0.0953318
818.367,71.5206,0.103841
821.633,71.8488,0.113603
824.898,72.1135,0.0951789
828.163,72.4864,0.131264
831.429,72.8326,0.162642
834.694,73.0749,0.108245
837.959,73.4812,0.135034
841.224,73.7522,0.100913
844.49,73.9403,0.102309
847.755,74.3665,0.117455
851.02,74.5895,0.102875
854.286,74.9972,0.12274
857.551,75.2091,0.115336
860.816,75.5524,0.117999
864.082,76.0318,0.114954
867.347,76.2231,0.138781
870.612,76.6711,0.10863
873.878,76.5979,0.103529
877.143,77.1873,0.109485
880.408,77.5937,0.128671
883.673,77.6142,0.1068
886.939,78.2735,0.116511
890.204,78.543,0.114312
893.469,78.8906,0.12195
896.735,79.2577,0.125613
900.0,79.5784,0.119691
903.265,79.6185,0.119137
906.531,80.1823,0.118496
909.796,80.2981,0.114236
913.061,80.5871,0.108236
916.327,81.0402,0.132268
919.592,81.3571,0.11019
922.857,81.7638,0.127054
926.122,82.0526,0.188238
929.388,82.2969,0.121471
932.653,82.7364,0.122839
935.918,82.9658,0.13736
939.184,83.3113,0.115884
942.449,83.6299,0.118022
945.714,83.789,0.114985
948.98,84.1771,0.123147
952.245,84.5014,0.165181
955.51,84.7014,0.110886
958.776,85.3242,0.127672
962.041,85.4624,0.144526
965.306,86.0347,0.138297
968.571,86.014,0.128472
971.837,86.5523,0.140126
975.102,86.9708,0.136827
978.367,87.1749,0.127294
981.633,87.2816,0.117948
984.898,87.6251,0.130544
988.163,88.404,0.172852
991.429,88.478,0.13168
994.694,88.6541,0.12519
997.959,89.1809,0.214498
1001.22,89.3542,0.13077
1004.49,89.8066,0.134585
1007.76,89.9596,0.130353
1011.02,90.4929,0.13712
1014.29,90.7659,0.1393
1017.55,91.2179,0.280877
1020.82,91.2745,0.125973
1024.08,91.4521,0.122822
1027.35,91.7675,0.141748
1030.61,92.3574,0.198438
1033.88,92.5632,0.140505
1037.14,93.1901,0.176452
1040.41,93.3094,0.133549
1043.67,93.8159,0.242064
1046.94,93.8826,0.137
1050.2,94.3857,0.13992
1053.47,94.4427,0.133586
1056.73,95.0706,0.138751
1060.0,95.2501,0.132512
1064.9,95.7727,0.165448
1069.8,96.3087,0.205305
1074.69,96.7767,0.152169
1079.59,97.0192,0.150013
1084.49,97.6277,0.157188
1089.39,98.248,0.219295
1094.29,98.3048,0.127878
1099.18,99.0914,0.159586
1104.08,99.5497,0.153094
1108.98,100.136,0.158827
1113.88,100.683,0.169002
1118.78,100.999,0.149752
1123.67,101.397,0.136978
1128.57,101.9,0.142331
1133.47,102.415,0.167376
1138.37,103.351,0.174957
1143.27,103.438,0.152498
1148.16,104.134,0.151363
1153.06,104.546,0.15429
1157.96,104.958,0.205604
1162.86,105.699,0.193113
1167.76,106.464,0.604304
1172.65,106.422,0.161772
1177.55,106.821,0.148494
1182.45,107.73,0.193705
1187.35,107.973,0.220677
1192.24,108.347,0.152537
1197.14,108.499,0.142623
1202.04,109.475,0.159385
1206.94,109.926,0.180579
1211.84,110.418,0.158626
1216.73,110.917,0.170678
1221.63,111.718,0.213964
1226.53,111.722,0.149028
1231.43,112.439,0.18813
1236.33,112.797,0.156058
1241.22,113.468,0.167433
1246.12,113.818,0.170615
1251.02,114.097,0.149677
1255.92,114.731,0.150463
1260.82,115.278,0.164818
1265.71,115.887,0.15976
1270.61,116.019,0.163135
1275.51,116.663,0.174249
1280.41,116.892,0.149061
1285.31,117.581,0.152689
1290.2,118.506,0.17631
1295.1,120.119,1.36848
1300.0,119.306,0.167972
1304.9,119.81,0.17317
1309.8,120.249,0.161696
1314.69,120.644,0.163532
1319.59,121.216,0.166617
1324.49,121.85,0.208418
1329.39,122.382,0.180278
1334.29,122.587,0.171195
1339.18,123.071,0.162305
1344.08,123.63,0.170032
1348.98,124.249,0.17434
1353.88,125.016,0.21181
1358.78,124.929,0.167287
1363.67,125.842,0.207985
1368.57,126.298,0.209848
1373.47,126.787,0.185433
1378.37,127.164,0.198036
1383.27,127.683,0.189183
1388.16,128.108,0.217312
1393.06,128.659,0.231979
1397.96,129.18,0.188064
1402.86,129.895,0.196457
1407.76,130.263,0.214658
1412.65,130.739,0.199865
1417.55,130.918,0.17993
1422.45,131.362,0.175777
1427.35,132.521,0.217961
1432.24,132.477,0.173607
1437.14,132.888,0.183507
1442.04,133.588,0.232591
1446.94,134.315,0.189057
1451.84,134.504,0.183473
1456.73,135.264,0.185401
1461.63,135.738,0.193875
1466.53,136.401,0.197751
1471.43,136.715,0.217714
1476.33,137.161,0.225954
1481.22,137.979,0.199998
1486.12,138.219,0.196982
1491.02,138.972,0.296551
1495.92,139.108,0.204995
1500.82,139.542,0.199507
1505.71,140.405,0.251356
1510.61,140.968,0.222997
1515.51,141.127,0.264252
1520.41,141.384,0.205869
1525.31,142.375,0.279084
1530.2,142.655,0.208325
1535.1,142.828,0.194925
1540.0,143.5,0.197913
1547.35,144.815,0.247019
1554.69,145.071,0.196509
1562.04,146.203,0.247101
1569.39,146.643,0.266339
1576.73,147.232,0.203951
1584.08,148.539,0.225831
1591.43,148.933,0.205617
1598.78,149.676,0.236176
1606.12,150.542,0.214711
1613.47,151.132,0.207509
1620.82,151.907,0.226227
1628.16,152.58,0.220499
1635.51,153.654,0.213862
1642.86,154.184,0.233802
1650.2,154.958,0.251925
1657.55,155.905,0.243755
1664.9,156.903,0.23969
1672.24,157.349,0.230468
1679.59,158.494,0.253324
1686.94,158.842,0.235781
1694.29,159.388,0.259194
1701.63,160.328,0.230146
1708.98,161.359,0.248004
1716.33,162.314,0.354868
1723.67,162.458,0.223703
1731.02,163.404,0.247645
1738.37,164.668,0.314497
1745.71,165.229,0.293295
1753.06,165.788,0.252409
1760.41,167.064,0.262642
1767.76,167.312,0.220497
1775.1,167.817,0.22136
1782.45,168.876,0.258046
1789.8,169.479,0.245477
1797.14,170.616,0.316211
1804.49,171.128,0.308688
1811.84,171.631,0.23102
1819.18,172.771,0.291663
1826.53,173.124,0.246491
1833.88,174.31,0.24223
1841.22,175.299,0.273381
1848.57,176.216,0.285128
1855.92,176.342,0.263818
1863.27,177.146,0.281329
1870.61,178.084,0.297764
1877.96,178.728,0.262796
1885.31,179.394,0.245539
1892.65,179.652,0.278597
1900.0,180.968,0.289193
1907.35,181.839,0.275115
1914.69,182.836,0.305287
1922.04,183.398,0.314188
1929.39,184.415,0.276468
1936.73,185.305,0.283454
1944.08,186.011,0.290986
1951.43,186.799,0.268189
1958.78,188.157,0.646003
1966.12,187.643,0.272308
1973.47,189.186,0.299571
1980.82,189.789,0.295044
1988.16,190.725,0.421844
1995.51,191.081,0.311533
2002.86,192.277,0.290903
2010.2,192.56,0.26389
2017.55,193.485,0.360647
2024.9,193.59,0.265325
2032.24,194.75,0.266529
2039.59,196.552,0.312635
2046.94,196.177,0.293464
2054.29,197.342,0.282991
2061.63,197.526,0.292247
2068.98,199.064,0.296627
2076.33,199.834,0.319277
2083.67,200.391,0.445621
2091.02,201.189,0.293757
2098.37,201.563,0.295239
2105.71,202.58,0.268101
2113.06,203.555,0.369068
2120.41,204.197,0.315908
2127.76,205.111,0.299413
2135.1,206.1,0.290166
2142.45,207.114,0.314536
2149.8,207.666,0.331176
2157.14,207.648,0.322346
2164.49,208.263,0.320174
2171.84,209.861,0.302247
2179.18,210.264,0.325856
2186.53,211.079,0.318722
2193.88,212.147,0.364069
2201.22,212.558,0.335167
2208.57,213.671,0.29595
2215.92,214.18,0.351884
2223.27,214.828,0.31262
2230.61,215.74,0.286912
2237.96,217.361,0.320616
2245.31,217.153,0.306356
2252.65,218.057,0.309943
2260.0,218.856,0.295722
2271.02,220.222,0.331157
2282.04,221.605,0.298965
2293.06,222.905,0.41543
2304.08,223.217,0.313836
2315.1,224.424,0.374449
2326.12,225.826,0.300813
2337.14,227.296,0.443619
2348.16,230.044,1.63993
2359.18,229.875,0.325613
2370.2,230.958,0.334958
2381.22,232.048,0.473397
2392.24,233.581,0.357574
2403.27,234.272,0.328945
2414.29,235.271,0.315981
2425.31,236.662,0.323743
2436.33,238.307,0.341252
2447.35,239.591,1.11728
2458.37,243.53,2.86522
2469.39,240.887,0.335023
2480.41,242.872,0.416717
2491.43,243.69,0.377088
2502.45,244.676,0.359844
2513.47,246.881,0.407136
2524.49,248.15,0.552492
2535.51,248.182,0.384289
2546.53,249.248,0.342246
2557.55,251.46,0.50702
2568.57,252.738,0.441237
2579.59,253.152,0.381503
2590.61,254.003,0.387725
2601.63,255.607,0.362203
2612.65,256.989,0.371626
2623.67,258.697,0.492687
2634.69,259.352,0.436059
2645.71,261.121,0.399036
2656.73,261.457,0.435038
2667.76,263.224,0.447615
2678.78,264.169,1.03612
2689.8,265.36,0.44837
2700.82,265.825,0.35887
2711.84,267.501,0.39669
2722.86,269.532,0.417143
2733.88,269.702,0.400118
2744.9,270.788,0.37006
2755.92,272.378,0.403487
2766.94,273.981,0.482788
2777.96,274.618,0.386355
2788.98,276.807,0.466949
2800.0,277.184,0.395374
2814.29,279.034,0.530356
2828.57,280.523,0.408783
2842.86,281.725,0.548574
2857.14,283.233,0.412986
2871.43,284.304,0.387754
2885.71,286.752,0.40744
2900.0,287.981,0.442844
2914.29,289.734,0.413935
2928.57,291.943,0.488931
2942.86,292.08,0.441184
2957.14,294.157,0.43101
2971.43,295.593,0.416176
2985.71,297.082,0.424829
3000.0,298.722,0.400899
3014.29,301.074,0.800752
3028.57,301.822,0.401808
3042.86,303.4,0.434349
3057.14,305.379,0.433617
3071.43,306.422,0.486592
3085.71,307.637,0.524401
3100.0,310.011,0.471803
3114.29,311.162,0.509712
3128.57,312.524,0.428156
3142.86,315.327,0.862085
3157.14,316.608,0.444507
3171.43,318.619,0.595888
3185.71,318.964,0.440627
3200.0,320.668,0.443443
3214.29,322.451,0.621277
3228.57,324.024,0.489507
3242.86,324.862,0.472357
3257.14,327.521,0.509117
3271.43,328.385,0.485668
3285.71,331.065,0.61171
3300.0,331.897,0.523924
3314.29,332.813,0.47333
3328.57,334.81,0.713508
3342.86,337.23,0.744942
3357.14,338.697,0.730745
3371.43,339.499,0.537203
3385.71,340.955,0.498755
3400.0,341.964,0.490834
3414.29,343.689,0.486697
3428.57,346.703,0.588359
3442.86,347.699,0.534078
3457.14,348.742,0.47369
3471.43,350.819,0.516094
3485.71,352.17,0.537853
3500.0,354.9,0.530857
3520.41,356.02,0.510826
3540.82,358.935,0.710189
3561.22,360.891,0.523118
3581.63,362.846,0.550746
3602.04,365.272,0.616373
3622.45,366.675,0.565859
3642.86,369.113,0.532546
3663.27,371.635,0.509852
3683.67,374.146,0.575452
3704.08,376.778,0.534287
3724.49,378.241,0.574151
3744.9,381.033,0.542403
3765.31,383.813,0.579552
3785.71,386.076,0.574181
3806.12,387.547,0.54891
3826.53,389.051,0.559908
3846.94,391.647,0.54535
3867.35,393.985,0.569061
3887.76,396.919,0.804765
3908.16,399.052,0.632912
3928.57,401.434,0.645398
3948.98,403.21,0.584633
3969.39,406.725,0.602657
3989.8,408.741,0.671921
4010.2,410.671,0.705849
4030.61,413.323,0.608149
4051.02,416.318,0.753266
4071.43,416.971,0.693447
4091.84,421.067,0.749554
4112.24,421.553,0.578484
4132.65,424.116,0.645377
4153.06,426.368,0.672207
4173.47,428.611,0.699911
4193.88,431.305,0.847449
4214.29,432.771,0.61484
4234.69,436.697,1.19736
4255.1,437.908,0.619533
4275.51,441.376,1.30755
4295.92,442.981,0.649941
4316.33,446.202,0.636994
4336.73,446.612,0.646422
4357.14,449.664,0.696731
4377.55,453.062,0.816847
4397.96,454.849,0.767331
4418.37,457.647,0.898757
4438.78,459.492,1.01269
4459.18,460.214,0.711109
4479.59,462.34,0.647358
4500.0,466.23,0.810772
4530.61,468.905,0.749083
4561.22,471.67,0.682262
4591.84,476.377,0.713828
4622.45,478.852,0.717737
4653.06,482.457,0.667164
4683.67,488.06,1.37676
4714.29,490.7,0.724657
4744.9,494.557,0.767786
4775.51,497.382,0.752277
4806.12,500.334,0.738355
4836.73,502.717,0.675984
4867.35,508.091,1.15602
4897.96,510.674,0.787486
4928.57,514.607,0.886486
4959.18,517.67,0.776348
4989.8,520.714,0.811682
5020.41,524.995,0.857834
5051.02,527.354,0.719395
5081.63,532.235,0.836246
5112.24,534.271,0.875696
5142.86,539.071,1.08006
5173.47,543.281,1.17666
5204.08,545.069,0.896838
5234.69,548.173,0.753981
5265.31,553.536,1.64559
5295.92,556.653,0.855588
5326.53,559.953,1.31485
5357.14,562.455,0.831995
5387.76,566.627,0.879906
5418.37,569.889,0.881578
5448.98,574.195,0.96222
5479.59,575.988,0.876437
5510.2,581.014,0.877438
5540.82,584.357,1.16221
5571.43,588.081,1.02654
5602.04,591.409,0.847579
5632.65,594.642,0.830993
5663.27,598.276,0.889634
5693.88,603.287,0.983809
5724.49,605.022,1.23117
5755.1,609.538,0.93866
5785.71,611.402,0.870943
5816.33,617.265,0.922307
5846.94,620.565,0.981373
5877.55,623.857,0.942478
5908.16,627.88,0.920103
5938.78,630.403,0.922387
5969.39,634.503,0.951103
6000.0,639.296,1.08858
6040.82,643.543,1.02193
6081.63,647.106,0.932543
6122.45,650.807,0.962835
6163.27,656.641,1.59088
6204.08,660.767,1.02725
6244.9,664.908,0.897703
6285.71,669.344,0.947102
6326.53,675.293,0.988392
6367.35,680.723,1.0256
6408.16,685.081,1.0703
6448.98,689.142,1.165
6489.8,696.331,1.17156
6530.61,700.0,1.04585
6571.43,702.534,0.95866
6612.24,707.918,1.06518
6653.06,712.755,1.40382
6693.88,717.087,1.08956
6734.69,721.193,1.04814
6775.51,726.91,1.26795
6816.33,732.42,1.12579
6857.14,734.248,0.985039
6897.96,744.154,1.17442
6938.78,746.685,1.31701
6979.59,751.195,1.34104
7020.41,754.812,1.08868
7061.22,761.44,1.14589
7102.04,764.407,1.12298
7142.86,769.96,1.31829
7183.67,774.976,1.25926
7224.49,779.652,1.2071
7265.31,782.895,1.14367
7306.12,790.297,1.1385
7346.94,794.204,1.16701
7387.76,800.642,1.5848
7428.57,804.44,1.18103
7469.39,806.737,1.73701
7510.2,814.611,1.23297
7551.02,818.475,1.16011
7591.84,822.455,1.42148
7632.65,828.853,1.23821
7673.47,833.324,1.61979
7714.29,837.707,1.66742
7755.1,841.706,1.21989
7795.92,848.235,1.50268
7836.73,849.487,1.20876
7877.55,858.425,1.41795
7918.37,863.858,1.37863
7959.18,864.457,1.25702
8000.0,868.983,1.2352
8040.82,874.324,1.31959
8081.63,883.447,1.41829
8122.45,888.669,1.36631
8163.27,889.436,1.35639
8204.08,894.392,1.46668
8244.9,900.072,1.86819
8285.71,904.724,1.35621
8326.53,910.28,1.31924
8367.35,916.884,1.3294
8408.16,919.153,1.31074
8448.98,923.844,1.35989
8489.8,929.079,1.42118
8530.61,933.732,1.40507
8571.43,940.606,1.53613
8612.24,940.698,1.31044
8653.06,949.065,1.41922
8693.88,955.459,1.75907
8734.69,961.196,4.07786
8775.51,963.978,1.3893
8816.33,967.208,1.35205
8857.14,971.078,1.33227
8897.96,978.116,1.40666
8938.78,983.358,1.67098
8979.59,989.253,2.48047
9020.41,991.682,1.40474
9061.22,996.467,1.46239
9102.04,1002.65,1.55893
9142.86,1005.08,1.57342
9183.67,1009.69,1.4527
9224.49,1018.04,1.51179
9265.31,1022.39,1.62424
9306.12,1024.0,1.61313
9346.94,1030.97,1.58025
9387.76,1037.49,1.64225
9428.57,1043.32,1.83531
9469.39,1046.9,1.67962
9510.2,1049.64,1.65262
9551.02,1056.84,1.62535
9591.84,1062.56,1.55622
9632.65,1065.0,1.59472
9673.47,1072.32,2.25959
9714.29,1073.05,1.65144
9755.1,1080.57,1.6278
9795.92,1090.29,2.99717
9836.73,1091.55,1.97896
9877.55,1093.85,1.50871
9918.37,1101.6,1.82073
9959.18,1108.19,1.88403
10000.0,1112.87,2.00735
