########################################################################################## 
#####	 NNLOsat-Barbieri Interpolation List [Christian] 
########################################################################################## 
	 0.00000000000000000, 	 0.009141173016496327574653690817, 
	 0.00010000000000000, 	 0.009041677948680292009608905346, 
	 0.00013310000000000, 	 0.009008966540704491793301045277, 
	 0.00017280000000000, 	 0.008969877219140304225319937359, 
	 0.00021970000000000, 	 0.008923900944228041476335988591, 
	 0.00027440000000000, 	 0.008870553874994751772375956023, 
	 0.00033750000000000, 	 0.008809381404746321336807213243, 
	 0.00040960000000000, 	 0.008739961856911225221433703325, 
	 0.00049130000000000, 	 0.008661911403956666297143662803, 
	 0.00058320000000000, 	 0.008574887552257184214488106022, 
	 0.00068590000000000, 	 0.008478594475151922035816021150, 
	 0.00080000000000000, 	 0.008372786205032199668973902362, 
	 0.00092610000000000, 	 0.008257271810687081756152672085, 
	 0.00106480000000000, 	 0.008131918392881212070966157057, 
	 0.00121670000000000, 	 0.007996655873057598520881050774, 
	 0.00138240000000000, 	 0.007851478708649233320682192527, 
	 0.00156250000000000, 	 0.007696451400703433094740990583, 
	 0.00175760000000000, 	 0.007531707134770394829192952102, 
	 0.00196830000000000, 	 0.007357454777287105590621862916, 
	 0.00219520000000000, 	 0.007173973720368954747061973620, 
	 0.00243890000000000, 	 0.006981621511139406328905199217, 
	 0.00270000000000000, 	 0.006780826481468857185042065083, 
	 0.00297910000000000, 	 0.006572092292869914816055842977, 
	 0.00327680000000000, 	 0.006355993555917822078471512981, 
	 0.00359370000000000, 	 0.006133173323548690887563328289, 
	 0.00393040000000000, 	 0.005904338429857398234945620175, 
	 0.00428750000000000, 	 0.005670256513150205741891074496, 
	 0.00466560000000000, 	 0.005431750148680474996054634573, 
	 0.00506530000000000, 	 0.005189689527844543182055758734, 
	 0.00548720000000000, 	 0.004944985282416464178467663260, 
	 0.00593190000000000, 	 0.004698583458198203437194973020, 
	 0.00640000000000000, 	 0.004451450532646165046679609389, 
	 0.00689210000000000, 	 0.004204573510588100089535590342, 
	 0.00740880000000000, 	 0.003958939490694635826573133386, 
	 0.00795070000000000, 	 0.003715534285731408089409333328, 
	 0.00851840000000000, 	 0.003475330486879887534334976351, 
	 0.00911250000000000, 	 0.003239272805022447212358605029, 
	 0.00973360000000000, 	 0.003008271897063363557733861597, 
	 0.01038230000000000, 	 0.002783200010886998330972286197, 
	 0.01105920000000000, 	 0.002564866151343867840817214443, 
	 0.01176490000000000, 	 0.002354025816045495975159518309, 
	 0.01250000000000000, 	 0.002151357115627834572929577561, 
	 0.01326510000000000, 	 0.001957467274979871399431807788, 
	 0.01406080000000000, 	 0.001772875595031357231351476500, 
	 0.01488770000000000, 	 0.001598019212782707471412479983, 
	 0.01574640000000000, 	 0.001433238003186186647688882267, 
	 0.01663750000000000, 	 0.001278784525910612191595960851, 
	 0.01756160000000000, 	 0.001134811400051739024158470315, 
	 0.01851930000000000, 	 0.001001382899558421121777307405, 
	 0.01951120000000000, 	 0.000878468035974786171440897853, 
	 0.02053790000000000, 	 0.000765950676554603081779004636, 
	 0.02160000000000000, 	 0.000663628173210740221303616249, 
	 0.02269810000000000, 	 0.000571221142362335148300045429, 
	 0.02383280000000000, 	 0.000488381180633849754611774951, 
	 0.02500470000000000, 	 0.000414692326578728991375716317, 
	 0.02621440000000000, 	 0.000349685722078865637157951696, 
	 0.02746250000000000, 	 0.000292847234378023062607160343, 
	 0.02874960000000000, 	 0.000243623467915213243965150136, 
	 0.03007630000000000, 	 0.000201435047515735973127151692, 
	 0.03144320000000000, 	 0.000165685302570238554738246695, 
	 0.03285090000000000, 	 0.000135767665282502390019375715, 
	 0.03430000000000000, 	 0.000111077471756917595438994562, 
	 0.03579110000000000, 	 0.000091017835725885562220965896, 
	 0.03732480000000000, 	 0.000075008491979698866574180482, 
	 0.03890170000000000, 	 0.000062493287612940543384806857, 
	 0.04052240000000000, 	 0.000052945303146695661840586550, 
	 0.04218750000000000, 	 0.000045871809786820053110676515, 
	 0.04389760000000000, 	 0.000040819255748437987835891549, 
	 0.04565330000000000, 	 0.000037375086759728091490365132, 
	 0.04745520000000000, 	 0.000035170437722959858406566319, 
	 0.04930390000000000, 	 0.000033880933059869528510034409, 
	 0.05120000000000000, 	 0.000033226192584289197199526322, 
	 0.05314410000000000, 	 0.000032969473864612129621574910, 
	 0.05513680000000000, 	 0.000032915695403828555091075431, 
	 0.05717870000000000, 	 0.000032909126958790139755479942, 
	 0.05927040000000000, 	 0.000032830439129160371197931056, 
	 0.06141250000000000, 	 0.000032593371047769289768156892, 
	 0.06360560000000000, 	 0.000032141014640088616581645869, 
	 0.06585030000000000, 	 0.000031441997711979500107915692, 
	 0.06814720000000000, 	 0.000030486459867260617257172378, 
	 0.07049690000000000, 	 0.000029282222686076720124127154, 
	 0.07290000000000001, 	 0.000027850969686872583031987324, 
	 0.07535710000000000, 	 0.000026224663342409604846819371, 
	 0.07786880000000000, 	 0.000024442260966021193426510327, 
	 0.08043570000000000, 	 0.000022546754791902012024073371, 
	 0.08305840000000000, 	 0.000020582581518738033533400325, 
	 0.08573749999999999, 	 0.000018593426035819618974192710, 
	 0.08847360000000000, 	 0.000016620427422758719479285033, 
	 0.09126730000000000, 	 0.000014700778381167363715676180, 
	 0.09411920000000000, 	 0.000012866723265015878472565351, 
	 0.09702990000000000, 	 0.000011144868831828216030254905, 
	 0.10000000000000001, 	 0.000009555892135049456786771889, 
	 0.10249999999999999, 	 0.000008353530892851523470890585, 
	 0.10707106781186548, 	 0.000006470983407866237741826090, 
	 0.11299038105676659, 	 0.000004601526558904412546682512, 
	 0.12000000000000001, 	 0.000003097994115063465810398042, 
	 0.12795084971874737, 	 0.000002104370109750236577723275, 
	 0.13674234614174768, 	 0.000001589312716264162617617588, 
	 0.14630064794363035, 	 0.000001408921092132856942412823, 
	 0.15656854249492380, 	 0.000001384804088826071070747058, 
	 0.16750000000000001, 	 0.000001369429363218804564770754, 
	 0.17905694150420948, 	 0.000001280467693888488512848445, 
	 0.19120718173477352, 	 0.000001102237383146365796052582, 
	 0.20392304845413264, 	 0.000000864759625246387417270961, 
	 0.21718041645257968, 	 0.000000615385174531120439286045, 
	 0.23095800853708795, 	 0.000000395424084300415502506106, 
	 0.24523687548277814, 	 0.000000227987728247753255027427, 
	 0.26000000000000001, 	 0.000000116948109818752973277885, 
	 0.27523198908875057, 	 0.000000052932312690241676719378, 
	 0.29091883092036785, 	 0.000000021278442504087543558932, 
	 0.30704769981818203, 	 0.000000008249577763849749351189, 
	 0.32360679774997902, 	 0.000000004060103498304889737503, 
	 0.34058522398518165, 	 0.000000003163051989193034983340, 
	 0.35797286679028861, 	 0.000000003092421455885260609796, 
	 0.37576031259048137, 	 0.000000003061459459190765450267, 
	 0.39393876913398140, 	 0.000000002954634267715747725688, 
	 0.41249999999999998, 	 0.000000002820057776709580901156, 
	 0.43143626838353100, 	 0.000000002700019761321315267905, 
	 0.45074028853269765, 	 0.000000002609632487366852852370, 
	 0.47040518354904270, 	 0.000000002550742533054710300650, 
	 0.49042444851725164, 	 0.000000002521069297878638704190, 
	 0.51079191812887459, 	 0.000000002513573513839851149399, 
	 0.53150173811932666, 	 0.000000002511784887086809110337, 
	 0.55254833995939046, 	 0.000000002489412085903743697063, 
	 0.57392641833938740, 	 0.000000002419761007414508109721, 
	 0.59563091106185062, 	 0.000000002291665943361251640643, 
	 0.61765698102121636, 	 0.000000002120175562407393868263, 
	 0.64000000000000001, 	 0.000000001941480529108550228330, 
	 0.66265553405258526, 	 0.000000001793543288257443295566, 
	 0.68561933028205269, 	 0.000000001696214604439772716566, 
	 0.70888730484384377, 	 0.000000001645292620645071113683, 
	 0.73245553203367586, 	 0.000000001622681988122311381315, 
	 0.75632023433686701, 	 0.000000001610759953159380690950, 
	 0.78047777333282542, 	 0.000000001596610165144953415764, 
	 0.80492464136246511, 	 0.000000001563455453941980591163, 
	 0.82965745387818801, 	 0.000000001481558306214169821591, 
	 0.85467294240617908, 	 0.000000001314433212681335949930, 
	 0.87996794805940581, 	 0.000000001043517133999004015927, 
	 0.90553941554712269, 	 0.000000000695219158371615332711, 
	 0.93138438763306108, 	 0.000000000345280892406155445472, 
	 0.95750000000000002, 	 0.000000000086349035248444766220, 
	 0.98388347648318442, 	 0.000000000000000000000000000000, 
	 1.01053212463921338, 	 0.000000000000000000000000000000, 
	 1.03744333162063729, 	 0.000000000000000000000000000000, 
	 1.06461456032966861, 	 0.000000000000000000000000000000, 
	 1.09204334582718721, 	 0.000000000000000000000000000000, 
	 1.11972729197565379, 	 0.000000000000000000000000000000, 
	 1.14766406829670364, 	 0.000000000000000000000000000000, 
	 1.17585140702608193, 	 0.000000000000000000000000000000, 
	 1.20428710035026687, 	 0.000000000000000000000000000000, 
	 1.23296899781061975, 	 0.000000000000000000000000000000, 
	 1.26189500386222520, 	 0.000000000000000000000000000000, 
	 1.29106307557576505, 	 0.000000000000000000000000000000, 
	 1.32047122047183074, 	 0.000000000000000000000000000000, 
	 1.35011749447801921, 	 0.000000000000000000000000000000, 
	 1.38000000000000012, 	 0.000000000000000000000000000000, 
	 1.41011688409851454, 	 0.000000000000000000000000000000, 
	 1.44046633676493352, 	 0.000000000000000000000000000000, 
	 1.47104658928863530, 	 0.000000000000000000000000000000, 
	 1.50185591271000463, 	 0.000000000000000000000000000000, 
	 1.53289261635336804, 	 0.000000000000000000000000000000, 
	 1.56415504643463210, 	 0.000000000000000000000000000000, 
	 1.59564158473880369, 	 0.000000000000000000000000000000, 
	 1.62735064736294288, 	 0.000000000000000000000000000000, 
	 1.65928068352044944, 	 0.000000000000000000000000000000, 
	 1.69143017440288590, 	 0.000000000000000000000000000000, 
	 1.72379763209582260, 	 0.000000000000000000000000000000, 
	 1.75638159854545606, 	 0.000000000000000000000000000000, 
	 1.78918064457298365, 	 0.000000000000000000000000000000, 
	 1.82219336893393025, 	 0.000000000000000000000000000000, 
	 1.85541839741982884, 	 0.000000000000000000000000000000, 
	 1.88885438199983202, 	 0.000000000000000000000000000000, 
	 1.92250000000000010, 	 0.000000000000000000000000000000, 
	 1.95635395331817064, 	 0.000000000000000000000000000000, 
	 1.99041496767244230, 	 0.000000000000000000000000000000, 
	 2.02468179188145303, 	 0.000000000000000000000000000000, 
	 2.05915319717473855, 	 0.000000000000000000000000000000, 
	 2.09382797653157660, 	 0.000000000000000000000000000000, 
	 2.12870494404681754, 	 0.000000000000000000000000000000, 
	 2.16378293432230917, 	 0.000000000000000000000000000000, 
	 2.19906080188259434, 	 0.000000000000000000000000000000, 
	 2.23453742061365634, 	 0.000000000000000000000000000000, 
	 2.27021168322355127, 	 0.000000000000000000000000000000, 
	 2.30608250072385124, 	 0.000000000000000000000000000000, 
	 2.34214880193086206, 	 0.000000000000000000000000000000, 
	 2.37840953298567470, 	 0.000000000000000000000000000000, 
	 2.41486365689212912, 	 0.000000000000000000000000000000, 
	 2.45151015307185105, 	 0.000000000000000000000000000000, 
	 2.48834801693555541, 	 0.000000000000000000000000000000, 
	 2.52537625946985811, 	 0.000000000000000000000000000000, 
	 2.56259390683888455, 	 0.000000000000000000000000000000, 
	 2.60000000000000009, 	 0.000000000000000000000000000000, 
