########################################################################################## 
#####	 (ad.) Klein-Nystrand Interpolation List [Christian] 
########################################################################################## 
	 0.00000000000000000, 	 0.009314227958818912730953876178, 
	 0.00010000000000000, 	 0.009214729191463186946942087729, 
	 0.00013310000000000, 	 0.009182014988070594588287498539, 
	 0.00017280000000000, 	 0.009142921168772044984707214610, 
	 0.00021970000000000, 	 0.009096938119787959659001685964, 
	 0.00027440000000000, 	 0.009043581140488327757553932429, 
	 0.00033750000000000, 	 0.008982394385383967241875957654, 
	 0.00040960000000000, 	 0.008912954965578954308336179224, 
	 0.00049130000000000, 	 0.008834877163181051665241660942, 
	 0.00058320000000000, 	 0.008747816706763026847748498938, 
	 0.00068590000000000, 	 0.008651475050786635798139023734, 
	 0.00080000000000000, 	 0.008545603597089456576751942407, 
	 0.00092610000000000, 	 0.008430007792248879125440730320, 
	 0.00106480000000000, 	 0.008304551031036756791881003892, 
	 0.00121670000000000, 	 0.008169158293425274677823644254, 
	 0.00138240000000000, 	 0.008023819440858922028003696880, 
	 0.00156250000000000, 	 0.007868592096920951073357741734, 
	 0.00175760000000000, 	 0.007703604038235828746494782138, 
	 0.00196830000000000, 	 0.007529055023584555091098469148, 
	 0.00219520000000000, 	 0.007345217992866174064325868187, 
	 0.00243890000000000, 	 0.007152439572788569198402708338, 
	 0.00270000000000000, 	 0.006951139833051500453720006334, 
	 0.00297910000000000, 	 0.006741811245294843796260764179, 
	 0.00327680000000000, 	 0.006525016807182900183126328386, 
	 0.00359370000000000, 	 0.006301387305593379034585055365, 
	 0.00393040000000000, 	 0.006071617705843632313567059811, 
	 0.00428750000000000, 	 0.005836462668034452135057410516, 
	 0.00466560000000000, 	 0.005596731206695551054386417178, 
	 0.00506530000000000, 	 0.005353280525704154878263718587, 
	 0.00548720000000000, 	 0.005107009076607532845060166693, 
	 0.00593190000000000, 	 0.004858848904665940930669432163, 
	 0.00640000000000000, 	 0.004609757362772987782095768239, 
	 0.00689210000000000, 	 0.004360708288516712723137391805, 
	 0.00740880000000000, 	 0.004112682753621002725019639712, 
	 0.00795070000000000, 	 0.003866659507461833560071351457, 
	 0.00851840000000000, 	 0.003623605246910986243252805750, 
	 0.00911250000000000, 	 0.003384464853074286346673593684, 
	 0.00973360000000000, 	 0.003150151741255708195965645757, 
	 0.01038230000000000, 	 0.002921538473437780732144819495, 
	 0.01105920000000000, 	 0.002699447782530054861654944531, 
	 0.01176490000000000, 	 0.002484644154478727814949756691, 
	 0.01250000000000000, 	 0.002277826108007669370786318908, 
	 0.01326510000000000, 	 0.002079619302312293253193198339, 
	 0.01406080000000000, 	 0.001890570590575341288971933373, 
	 0.01488770000000000, 	 0.001711143121924738356651185534, 
	 0.01574640000000000, 	 0.001541712576695506656948575497, 
	 0.01663750000000000, 	 0.001382564599952715517564016956, 
	 0.01756160000000000, 	 0.001233893476608974521316341999, 
	 0.01851930000000000, 	 0.001095802068611892964022924701, 
	 0.01951120000000000, 	 0.000968303011110171595737794448, 
	 0.02053790000000000, 	 0.000851321140785329510264345387, 
	 0.02160000000000000, 	 0.000744697106225342543399381423, 
	 0.02269810000000000, 	 0.000648192087878114524789052719, 
	 0.02383280000000000, 	 0.000561493534297854372111524768, 
	 0.02500470000000000, 	 0.000484221802590718668202196540, 
	 0.02621440000000000, 	 0.000415937574631128608587671280, 
	 0.02746250000000000, 	 0.000356149907146763138043876751, 
	 0.02874960000000000, 	 0.000304324763472028621356241240, 
	 0.03007630000000000, 	 0.000259893867877682507600695105, 
	 0.03144320000000000, 	 0.000222263720037379000626920345, 
	 0.03285090000000000, 	 0.000190824607436979027221338190, 
	 0.03430000000000000, 	 0.000164959457321482770401910312, 
	 0.03579110000000000, 	 0.000144052376967985075548878138, 
	 0.03732480000000000, 	 0.000127496741444952960565367706, 
	 0.03890170000000000, 	 0.000114702701263192426844872429, 
	 0.04052240000000000, 	 0.000105103998067709126845378775, 
	 0.04218750000000000, 	 0.000098163994330152586445005503, 
	 0.04389760000000000, 	 0.000093380842402077229836253325, 
	 0.04565330000000000, 	 0.000090291738772700248370946252, 
	 0.04745520000000000, 	 0.000088476230418141419819394455, 
	 0.04930390000000000, 	 0.000087558561208049735672190317, 
	 0.05120000000000000, 	 0.000087209066938813105938389791, 
	 0.05314410000000000, 	 0.000087144647205666857995957908, 
	 0.05513680000000000, 	 0.000087128360563313089824470647, 
	 0.05717870000000000, 	 0.000086968205860404879103953135, 
	 0.05927040000000000, 	 0.000086515166930715446994525075, 
	 0.06141250000000000, 	 0.000085660609712490595464388921, 
	 0.06360560000000000, 	 0.000084333130148231148022659742, 
	 0.06585030000000000, 	 0.000082494957765117635532445273, 
	 0.06814720000000000, 	 0.000080138023601752656887436954, 
	 0.07049690000000000, 	 0.000077279802153960080123538956, 
	 0.07290000000000001, 	 0.000073959035355700722359426069, 
	 0.07535710000000000, 	 0.000070231442450839962196237898, 
	 0.07786880000000000, 	 0.000066165513166382692905771734, 
	 0.08043570000000000, 	 0.000061838473137378085391427374, 
	 0.08305840000000000, 	 0.000057332500368990903206415505, 
	 0.08573749999999999, 	 0.000052731259994774021889092641, 
	 0.08847360000000000, 	 0.000048116812023005136331535447, 
	 0.09126730000000000, 	 0.000043566933954492915277104809, 
	 0.09411920000000000, 	 0.000039152885565063100595240009, 
	 0.09702990000000000, 	 0.000034937632242453684123552338, 
	 0.10000000000000001, 	 0.000030974527460913466318966070, 
	 0.10249999999999999, 	 0.000027920226593722450653600395, 
	 0.10707106781186548, 	 0.000023019311963228207058200850, 
	 0.11299038105676659, 	 0.000017961041033851731169371235, 
	 0.12000000000000001, 	 0.000013679936990299021920070369, 
	 0.12795084971874737, 	 0.000010661816096012452314114108, 
	 0.13674234614174768, 	 0.000008961066835856440655760924, 
	 0.14630064794363035, 	 0.000008288072050931509599457601, 
	 0.15656854249492380, 	 0.000008170743366285751165716336, 
	 0.16750000000000001, 	 0.000008134635015325068028838908, 
	 0.17905694150420948, 	 0.000007842018215610655859529148, 
	 0.19120718173477352, 	 0.000007155309657792141512914520, 
	 0.20392304845413264, 	 0.000006123479152130907756214698, 
	 0.21718041645257968, 	 0.000004915593693299229517983031, 
	 0.23095800853708795, 	 0.000003736123316500038685482885, 
	 0.24523687548277814, 	 0.000002752776874860121617813241, 
	 0.26000000000000001, 	 0.000002055063592427448917126327, 
	 0.27523198908875057, 	 0.000001647237383194192105034521, 
	 0.29091883092036785, 	 0.000001467963243129411316986992, 
	 0.30704769981818203, 	 0.000001423420899545187570564260, 
	 0.32360679774997902, 	 0.000001420543513040976037707912, 
	 0.34058522398518165, 	 0.000001390936004523871292611037, 
	 0.35797286679028861, 	 0.000001301413643334098578339822, 
	 0.37576031259048137, 	 0.000001152029011163232181437239, 
	 0.39393876913398140, 	 0.000000965672960696685745224312, 
	 0.41249999999999998, 	 0.000000774471674150786274243177, 
	 0.43143626838353100, 	 0.000000607576173454512459162324, 
	 0.45074028853269765, 	 0.000000483252183353930460947675, 
	 0.47040518354904270, 	 0.000000406197715842196541874317, 
	 0.49042444851725164, 	 0.000000369357185011532379394542, 
	 0.51079191812887459, 	 0.000000358508579104580702068592, 
	 0.53150173811932666, 	 0.000000357641785779383636744030, 
	 0.55254833995939046, 	 0.000000353478607881547622866574, 
	 0.57392641833938740, 	 0.000000338155338360170672689720, 
	 0.59563091106185062, 	 0.000000309829347676497821358749, 
	 0.61765698102121636, 	 0.000000271574016069642147854131, 
	 0.64000000000000001, 	 0.000000229274703094923489640321, 
	 0.66265553405258526, 	 0.000000189938638080409050831781, 
	 0.68561933028205269, 	 0.000000157971850470052005663041, 
	 0.70888730484384377, 	 0.000000135773599123105078479657, 
	 0.73245553203367586, 	 0.000000123227398998998714785540, 
	 0.75632023433686701, 	 0.000000118130638818328388233040, 
	 0.78047777333282542, 	 0.000000117156154545931855409968, 
	 0.80492464136246511, 	 0.000000116895158581206433108768, 
	 0.82965745387818801, 	 0.000000114702092764072416082088, 
	 0.85467294240617908, 	 0.000000109174625963284658531502, 
	 0.87996794805940581, 	 0.000000100228965878804857769571, 
	 0.90553941554712269, 	 0.000000088838075997458400437387, 
	 0.93138438763306108, 	 0.000000076567245003024663992444, 
	 0.95750000000000002, 	 0.000000065061233803837047144563, 
	 0.98388347648318442, 	 0.000000055615975277964378569059, 
	 1.01053212463921338, 	 0.000000048919732573964306358501, 
	 1.03744333162063729, 	 0.000000044990911007458843509245, 
	 1.06461456032966861, 	 0.000000043287898101358262839117, 
	 1.09204334582718721, 	 0.000000042931079216592284734602, 
	 1.11972729197565379, 	 0.000000042963109050534161634494, 
	 1.14766406829670364, 	 0.000000042579363339830128196580, 
	 1.17585140702608193, 	 0.000000041280763479745218685915, 
	 1.20428710035026687, 	 0.000000038928289839052638632991, 
	 1.23296899781061975, 	 0.000000035704956833444739133775, 
	 1.26189500386222520, 	 0.000000032011000006949430107431, 
	 1.29106307557576505, 	 0.000000028328344624919498821948, 
	 1.32047122047183074, 	 0.000000025090683242179436045319, 
	 1.35011749447801921, 	 0.000000022587585214174041179285, 
	 1.38000000000000012, 	 0.000000020918305172119077188646, 
	 1.41011688409851454, 	 0.000000019997074753844517276793, 
	 1.44046633676493352, 	 0.000000019599902844613254049705, 
	 1.47104658928863530, 	 0.000000019435445066197406144500, 
	 1.50185591271000463, 	 0.000000019220169440557830553735, 
	 1.53289261635336804, 	 0.000000020903676932570379902367, 
	 1.56415504643463210, 	 0.000000017889730877197117315626, 
	 1.59564158473880369, 	 0.000000016676977159399960910194, 
	 1.62735064736294288, 	 0.000000015208044925647610722800, 
	 1.65928068352044944, 	 0.000000013648877493902750115933, 
	 1.69143017440288590, 	 0.000000012180597629272817550513, 
	 1.72379763209582260, 	 0.000000010957417252298991289314, 
	 1.75638159854545606, 	 0.000000010075857639940327831071, 
	 1.78918064457298365, 	 0.000000009560166343054164558723, 
	 1.82219336893393025, 	 0.000000009364730993774819129701, 
	 1.85541839741982884, 	 0.000000009390664729379311475719, 
	 1.88885438199983202, 	 0.000000009511240922331551131737, 
	 1.92250000000000010, 	 0.000000009599816617092416185137, 
	 1.95635395331817064, 	 0.000000009554287376137208824969, 
	 1.99041496767244230, 	 0.000000009313657432181595601245, 
	 2.02468179188145303, 	 0.000000008864505406670073242699, 
	 2.05915319717473855, 	 0.000000008237440505767135692425, 
	 2.09382797653157660, 	 0.000000007495600774533433206477, 
	 2.12870494404681754, 	 0.000000006718511976230337693529, 
	 2.16378293432230917, 	 0.000000005985057825641957646085, 
	 2.19906080188259434, 	 0.000000005358949943683167394427, 
	 2.23453742061365634, 	 0.000000004879117872594525842179, 
	 2.27021168322355127, 	 0.000000005107111202587046787543, 
	 2.30608250072385124, 	 0.000000004374539752098164298076, 
	 2.34214880193086206, 	 0.000000004299579380318863943372, 
	 2.37840953298567470, 	 0.000000004286695312233315779672, 
	 2.41486365689212912, 	 0.000000004291267181183621485700, 
	 2.45151015307185105, 	 0.000000004276854352349682540014, 
	 2.48834801693555541, 	 0.000000004220517794416565960682, 
	 2.52537625946985811, 	 0.000000004114634009609362883874, 
	 2.56259390683888455, 	 0.000000003965372054078350895903, 
	 2.60000000000000009, 	 0.000000003788631727994242141136, 
