	 0.00000000000000000, 	 0.009203032105139622581768676923, 
	 0.00010000000000000, 	 0.009103524731294200533771032724, 
	 0.00013310000000000, 	 0.009070803957177060380945299300, 
	 0.00017280000000000, 	 0.009031699874035060277011055518, 
	 0.00021970000000000, 	 0.008985701407465417761555315224, 
	 0.00027440000000000, 	 0.008932322031811710735804687999, 
	 0.00033750000000000, 	 0.008871103675560805187916280090, 
	 0.00040960000000000, 	 0.008801620793843804510525608009, 
	 0.00049130000000000, 	 0.008723484564349581055209270630, 
	 0.00058320000000000, 	 0.008636347157694557880036612119, 
	 0.00068590000000000, 	 0.008539906028165200960189373802, 
	 0.00080000000000000, 	 0.008433908165886138535993765686, 
	 0.00092610000000000, 	 0.008318154247005632440092881552, 
	 0.00106480000000000, 	 0.008192502614574813726844304540, 
	 0.00121670000000000, 	 0.008056873019577097741472648806, 
	 0.00138240000000000, 	 0.007911250049190245506314234092, 
	 0.00156250000000000, 	 0.007755686167985211161568503968, 
	 0.00175760000000000, 	 0.007590304297526333406065379705, 
	 0.00196830000000000, 	 0.007415299860871017029184670832, 
	 0.00219520000000000, 	 0.007230942220892952985999979632, 
	 0.00243890000000000, 	 0.007037575445271227782273459894, 
	 0.00270000000000000, 	 0.006835618336474839212835163949, 
	 0.00297910000000000, 	 0.006625563672175054444335451365, 
	 0.00327680000000000, 	 0.006407976610250370325116975323, 
	 0.00359370000000000, 	 0.006183492222886170092133184539, 
	 0.00393040000000000, 	 0.005952812136148215998998622922, 
	 0.00428750000000000, 	 0.005716700264714848905844846172, 
	 0.00466560000000000, 	 0.005475977646031590997943716559, 
	 0.00506530000000000, 	 0.005231516393799193198610453237, 
	 0.00548720000000000, 	 0.004984232807172191831446284027, 
	 0.00593190000000000, 	 0.004735079689034193961560958996, 
	 0.00640000000000000, 	 0.004485037943892433709436318168, 
	 0.00689210000000000, 	 0.004235107542924988061061597477, 
	 0.00740880000000000, 	 0.003986297960118315338029493233, 
	 0.00795070000000000, 	 0.003739618198828023164920208998, 
	 0.00851840000000000, 	 0.003496066542049688918858407760, 
	 0.00911250000000000, 	 0.003256620171766769645388395205, 
	 0.00973360000000000, 	 0.003022224812530875052291046146, 
	 0.01038230000000000, 	 0.002793784561533516844905600252, 
	 0.01105920000000000, 	 0.002572152071496495648328384220, 
	 0.01176490000000000, 	 0.002358119253442826721706149229, 
	 0.01250000000000000, 	 0.002152408663581456028934812963, 
	 0.01326510000000000, 	 0.001955665731997360389654572188, 
	 0.01406080000000000, 	 0.001768451980524227444210860760, 
	 0.01488770000000000, 	 0.001591239363130717704430949766, 
	 0.01574640000000000, 	 0.001424405844518834970621745661, 
	 0.01663750000000000, 	 0.001268232311670169053241519208, 
	 0.01756160000000000, 	 0.001122900889146346854047253672, 
	 0.01851930000000000, 	 0.000988494702523856714343475360, 
	 0.01951120000000000, 	 0.000864999105987047890373164982, 
	 0.02053790000000000, 	 0.000752304360469648026286948461, 
	 0.02160000000000000, 	 0.000650209718547774457621246658, 
	 0.02269810000000000, 	 0.000558428842321503807015481424, 
	 0.02383280000000000, 	 0.000476596451582478363231953900, 
	 0.02500470000000000, 	 0.000404276072462317359081096502, 
	 0.02621440000000000, 	 0.000340968732280716403312825769, 
	 0.02746250000000000, 	 0.000286122425205460125148537731, 
	 0.02874960000000000, 	 0.000239142156267415804601905727, 
	 0.03007630000000000, 	 0.000199400358810392119065374450, 
	 0.03144320000000000, 	 0.000166247473043952298825051694, 
	 0.03285090000000000, 	 0.000139022471309286884191824818, 
	 0.03430000000000000, 	 0.000117063119107753649088266013, 
	 0.03579110000000000, 	 0.000099715769853181559579172188, 
	 0.03732480000000000, 	 0.000086344505493006880542453119, 
	 0.03890170000000000, 	 0.000076339454228021937543142983, 
	 0.04052240000000000, 	 0.000069124140010078195047078797, 
	 0.04218750000000000, 	 0.000064161745626201079116882053, 
	 0.04389760000000000, 	 0.000060960201172447297753888285, 
	 0.04565330000000000, 	 0.000059076041665652422594286891, 
	 0.04745520000000000, 	 0.000058117010449306627962052368, 
	 0.04930390000000000, 	 0.000057743417898406993013678268, 
	 0.05120000000000000, 	 0.000057668296695340222812655590, 
	 0.05314410000000000, 	 0.000057656424651241496394989822, 
	 0.05513680000000000, 	 0.000057522312776738674983036809, 
	 0.05717870000000000, 	 0.000057127279264028416635827490, 
	 0.05927040000000000, 	 0.000056375748570270143656193995, 
	 0.06141250000000000, 	 0.000055210928396575405046296792, 
	 0.06360560000000000, 	 0.000053610025726814047322080908, 
	 0.06585030000000000, 	 0.000051579166109398881902899786, 
	 0.06814720000000000, 	 0.000049148178113226917093376428, 
	 0.07049690000000000, 	 0.000046365397637334423606384620, 
	 0.07290000000000001, 	 0.000043292634951517753726536047, 
	 0.07535710000000000, 	 0.000040000431597738644146858983, 
	 0.07786880000000000, 	 0.000036563715324180865633499349, 
	 0.08043570000000000, 	 0.000033057939886169143109580226, 
	 0.08305840000000000, 	 0.000029555773721306852788682715, 
	 0.08573749999999999, 	 0.000026124378101812272608573534, 
	 0.08847360000000000, 	 0.000022823292279307447682438342, 
	 0.09126730000000000, 	 0.000019702921205929408186375076, 
	 0.09411920000000000, 	 0.000016803601392208142577700675, 
	 0.09702990000000000, 	 0.000014155202981617675194684486, 
	 0.10000000000000001, 	 0.000011777211679916843063828033, 
	 0.10249999999999999, 	 0.000010023048691633070861415483, 
	 0.10707106781186548, 	 0.000007364649866272630276823382, 
	 0.11299038105676659, 	 0.000004854741500524180895272119, 
	 0.12000000000000001, 	 0.000002969118962161527535944042, 
	 0.12795084971874737, 	 0.000001834038880008433633099019, 
	 0.13674234614174768, 	 0.000001322804821998864957616963, 
	 0.14630064794363035, 	 0.000001185823254585176534877961, 
	 0.15656854249492380, 	 0.000001177024693480268969288539, 
	 0.16750000000000001, 	 0.000001133932015154278839463528, 
	 0.17905694150420948, 	 0.000000997275675550753238219736, 
	 0.19120718173477352, 	 0.000000785159736465164944222187, 
	 0.20392304845413264, 	 0.000000549774191546102140428572, 
	 0.21718041645257968, 	 0.000000340621084919926223933301, 
	 0.23095800853708795, 	 0.000000185544519327759227230406, 
	 0.24523687548277814, 	 0.000000088793253295533273747949, 
	 0.26000000000000001, 	 0.000000038945785552061867220202, 
	 0.27523198908875057, 	 0.000000019006827531879569593590, 
	 0.29091883092036785, 	 0.000000013826283220223163217180, 
	 0.30704769981818203, 	 0.000000013397975548756517496244, 
	 0.32360679774997902, 	 0.000000012883770270926463612303, 
	 0.34058522398518165, 	 0.000000011008618183805110784082, 
	 0.35797286679028861, 	 0.000000008223449090961979257706, 
	 0.37576031259048137, 	 0.000000005380940313121841015295, 
	 0.39393876913398140, 	 0.000000003083895543362278729943, 
	 0.41249999999999998, 	 0.000000001538958027159085761787, 
	 0.43143626838353100, 	 0.000000000664163968841528913497, 
	 0.45074028853269765, 	 0.000000000254580877962280477676, 
	 0.47040518354904270, 	 0.000000000105615715797800392489, 
	 0.49042444851725164, 	 0.000000000070638972634531490883, 
	 0.51079191812887459, 	 0.000000000068125723793089741252, 
	 0.53150173811932666, 	 0.000000000064765578194127767032, 
	 0.55254833995939046, 	 0.000000000053839084904888608381, 
	 0.57392641833938740, 	 0.000000000038844399389119807461, 
	 0.59563091106185062, 	 0.000000000024524014667975538315, 
	 0.61765698102121636, 	 0.000000000013594003069123337134, 
	 0.64000000000000001, 	 0.000000000006584399958937138901, 
	 0.66265553405258526, 	 0.000000000002753258556305703524, 
	 0.68561933028205269, 	 0.000000000000988831984180264773, 
	 0.70888730484384377, 	 0.000000000000334644680897239934, 
	 0.73245553203367586, 	 0.000000000000162538342199867581, 
	 0.75632023433686701, 	 0.000000000000141924748960432188, 
	 0.78047777333282542, 	 0.000000000000138535208621226209, 
	 0.80492464136246511, 	 0.000000000000118990599187391301, 
	 0.82965745387818801, 	 0.000000000000087956550875741275, 
	 0.85467294240617908, 	 0.000000000000056709021305729858, 
	 0.87996794805940581, 	 0.000000000000032209362315743581, 
	 0.90553941554712269, 	 0.000000000000016135979859022758, 
	 0.93138438763306108, 	 0.000000000000007071145172977341, 
	 0.95750000000000002, 	 0.000000000000002664413035167189, 
	 0.98388347648318442, 	 0.000000000000000853841560775102, 
	 1.01053212463921338, 	 0.000000000000000259935900555520, 
	 1.03744333162063729, 	 0.000000000000000126864354295651, 
	 1.06461456032966861, 	 0.000000000000000115585691659672, 
	 1.09204334582718721, 	 0.000000000000000110316064488488, 
	 1.11972729197565379, 	 0.000000000000000090389165878977, 
	 1.14766406829670364, 	 0.000000000000000063522244022675, 
	 1.17585140702608193, 	 0.000000000000000039043905509065, 
	 1.20428710035026687, 	 0.000000000000000021246199263942, 
	 1.23296899781061975, 	 0.000000000000000010262311462939, 
	 1.26189500386222520, 	 0.000000000000000004368850530965, 
	 1.29106307557576505, 	 0.000000000000000001610434555818, 
	 1.32047122047183074, 	 0.000000000000000000501488601770, 
	 1.35011749447801921, 	 0.000000000000000000135250531866, 
	 1.38000000000000012, 	 0.000000000000000000046653618900, 
	 1.41011688409851454, 	 0.000000000000000000035913768066, 
	 1.44046633676493352, 	 0.000000000000000000035068394412, 
	 1.47104658928863530, 	 0.000000000000000000029652952308, 
	 1.50185591271000463, 	 0.000000000000000000021232117293, 
	 1.53289261635336804, 	 0.000000000000000000013207072357, 
	 1.56415504643463210, 	 0.000000000000000000007271523770, 
	 1.59564158473880369, 	 0.000000000000000000003573247833, 
	 1.62735064736294288, 	 0.000000000000000000001565388145, 
	 1.65928068352044944, 	 0.000000000000000000000604627250, 
	 1.69143017440288590, 	 0.000000000000000000000201227242, 
	 1.72379763209582260, 	 0.000000000000000000000055945652, 
	 1.75638159854545606, 	 0.000000000000000000000013534408, 
	 1.78918064457298365, 	 0.000000000000000000000004878337, 
	 1.82219336893393025, 	 0.000000000000000000000004159766, 
	 1.85541839741982884, 	 0.000000000000000000000003947831, 
	 1.88885438199983202, 	 0.000000000000000000000003137801, 
	 1.92250000000000010, 	 0.000000000000000000000002110720, 
	 1.95635395331817064, 	 0.000000000000000000000001239175, 
	 1.99041496767244230, 	 0.000000000000000000000000647322, 
	 2.02468179188145303, 	 0.000000000000000000000000303447, 
	 2.05915319717473855, 	 0.000000000000000000000000127568, 
	 2.09382797653157660, 	 0.000000000000000000000000047610, 
	 2.12870494404681754, 	 0.000000000000000000000000015429, 
	 2.16378293432230917, 	 0.000000000000000000000000004188, 
	 2.19906080188259434, 	 0.000000000000000000000000000940, 
	 2.23453742061365634, 	 0.000000000000000000000000000251, 
	 2.27021168322355127, 	 0.000000000000000000000000000179, 
	 2.30608250072385124, 	 0.000000000000000000000000000173, 
	 2.34214880193086206, 	 0.000000000000000000000000000140, 
	 2.37840953298567470, 	 0.000000000000000000000000000095, 
	 2.41486365689212912, 	 0.000000000000000000000000000055, 
	 2.45151015307185105, 	 0.000000000000000000000000000029, 
	 2.48834801693555541, 	 0.000000000000000000000000000013, 
	 2.52537625946985811, 	 0.000000000000000000000000000006, 
	 2.56259390683888455, 	 0.000000000000000000000000000002, 
	 2.60000000000000009, 	 0.000000000000000000000000000001, 
