	 0.00000000000000000, 	 0.009000908055041103791871215378, 
	 0.00010000000000000, 	 0.008901422296567939457245799417, 
	 0.00013310000000000, 	 0.008868718098584629436209603170, 
	 0.00017280000000000, 	 0.008829639991610637589358745458, 
	 0.00021970000000000, 	 0.008783680694482823986257713500, 
	 0.00027440000000000, 	 0.008730358476207473322761032364, 
	 0.00033750000000000, 	 0.008669221195189683384918488684, 
	 0.00040960000000000, 	 0.008599850500072850345567587738, 
	 0.00049130000000000, 	 0.008521866143903357448952107234, 
	 0.00058320000000000, 	 0.008434930357671474240865983063, 
	 0.00068590000000000, 	 0.008338752223829216936312747066, 
	 0.00080000000000000, 	 0.008233091985300608137143818510, 
	 0.00092610000000000, 	 0.008117765220941637258067480332, 
	 0.00106480000000000, 	 0.007992646814544437927629871865, 
	 0.00121670000000000, 	 0.007857674641485169059196280728, 
	 0.00138240000000000, 	 0.007712852895159221996990162040, 
	 0.00156250000000000, 	 0.007558254974597542787118076291, 
	 0.00175760000000000, 	 0.007394025855270304481425824861, 
	 0.00196830000000000, 	 0.007220383867199651854729136602, 
	 0.00219520000000000, 	 0.007037621808241236939784890581, 
	 0.00243890000000000, 	 0.006846107325845784095930124380, 
	 0.00270000000000000, 	 0.006646282507835707398236024801, 
	 0.00297910000000000, 	 0.006438662631746308422087121670, 
	 0.00327680000000000, 	 0.006223834033060779945267793067, 
	 0.00359370000000000, 	 0.006002451065138776110929885732, 
	 0.00393040000000000, 	 0.005775232137672655328974880007, 
	 0.00428750000000000, 	 0.005542954835922242126655667960, 
	 0.00466560000000000, 	 0.005306450139541504969209473330, 
	 0.00506530000000000, 	 0.005066595777227924507490897099, 
	 0.00548720000000000, 	 0.004824308771355883054821056533, 
	 0.00593190000000000, 	 0.004580537244811083708029286754, 
	 0.00640000000000000, 	 0.004336251579997198006555247929, 
	 0.00689210000000000, 	 0.004092435036983184913628175394, 
	 0.00740880000000000, 	 0.003850073953525401729280908114, 
	 0.00795070000000000, 	 0.003610147663755149550351974952, 
	 0.00851840000000000, 	 0.003373618284200522159793633747, 
	 0.00911250000000000, 	 0.003141420525069069623336215358, 
	 0.00973360000000000, 	 0.002914451690954240198339064705, 
	 0.01038230000000000, 	 0.002693562038002612814974190414, 
	 0.01105920000000000, 	 0.002479545653821698270730111702, 
	 0.01176490000000000, 	 0.002273132021842790787685695264, 
	 0.01250000000000000, 	 0.002074978423399802523324764181, 
	 0.01326510000000000, 	 0.001885663318476788006400335362, 
	 0.01406080000000000, 	 0.001705680830062263281590717590, 
	 0.01488770000000000, 	 0.001535436437594542681897569203, 
	 0.01574640000000000, 	 0.001375243962473037201768577553, 
	 0.01663750000000000, 	 0.001225323903539463901365969001, 
	 0.01756160000000000, 	 0.001085803153392359563303437575, 
	 0.01851930000000000, 	 0.000956716098064176821008652851, 
	 0.01951120000000000, 	 0.000838007073701480670324670541, 
	 0.02053790000000000, 	 0.000729534125226459734085693309, 
	 0.02160000000000000, 	 0.000631073984317342593329536182, 
	 0.02269810000000000, 	 0.000542328158211393437752867452, 
	 0.02383280000000000, 	 0.000462929997552366826948921918, 
	 0.02500470000000000, 	 0.000392452591453731805103827268, 
	 0.02621440000000000, 	 0.000330417321718354272709616826, 
	 0.02746250000000000, 	 0.000276302896218880980269694270, 
	 0.02874960000000000, 	 0.000229554674143523480215473009, 
	 0.03007630000000000, 	 0.000189594093346526188599218687, 
	 0.03144320000000000, 	 0.000155828012454002889225490591, 
	 0.03285090000000000, 	 0.000127657787551533957390303975, 
	 0.03430000000000000, 	 0.000104487914954212753721428386, 
	 0.03579110000000000, 	 0.000085734087324986586525418786, 
	 0.03732480000000000, 	 0.000070830529727365323282642362, 
	 0.03890170000000000, 	 0.000059236504431480282864899700, 
	 0.04052240000000000, 	 0.000050441897711792164351804479, 
	 0.04218750000000000, 	 0.000043971827699147674600992780, 
	 0.04389760000000000, 	 0.000039390238770145833714902278, 
	 0.04565330000000000, 	 0.000036302474167050728930550979, 
	 0.04745520000000000, 	 0.000034356843766738330678452151, 
	 0.04930390000000000, 	 0.000033245227440911439002919903, 
	 0.05120000000000000, 	 0.000032702775637677078466973579, 
	 0.05314410000000000, 	 0.000032506787134388393737532974, 
	 0.05513680000000000, 	 0.000032474858948892170785495426, 
	 0.05717870000000000, 	 0.000032462414864019767174116438, 
	 0.05927040000000000, 	 0.000032359726764594820894432176, 
	 0.06141250000000000, 	 0.000032088546985107742576075196, 
	 0.06360560000000000, 	 0.000031598470224650658023414496, 
	 0.06585030000000000, 	 0.000030863140524643935833169067, 
	 0.06814720000000000, 	 0.000029876412647646694172552662, 
	 0.07049690000000000, 	 0.000028648568350103946391488341, 
	 0.07290000000000001, 	 0.000027202676980833094555218415, 
	 0.07535710000000000, 	 0.000025571177077178579772551159, 
	 0.07786880000000000, 	 0.000023792741710179032236117252, 
	 0.08043570000000000, 	 0.000021909475788557887965691401, 
	 0.08305840000000000, 	 0.000019964478889199200971728623, 
	 0.08573749999999999, 	 0.000017999792922948002204001569, 
	 0.08847360000000000, 	 0.000016054740501124810364954112, 
	 0.09126730000000000, 	 0.000014164647608338520729767858, 
	 0.09411920000000000, 	 0.000012359933406776394079784089, 
	 0.09702990000000000, 	 0.000010665540914335026696974952, 
	 0.10000000000000001, 	 0.000009100675052324825792574546, 
	 0.10249999999999999, 	 0.000007914856352177092861264682, 
	 0.10707106781186548, 	 0.000006052571368088268224157827, 
	 0.11299038105676659, 	 0.000004189789569880442318911083, 
	 0.12000000000000001, 	 0.000002668953016702310607210797, 
	 0.12795084971874737, 	 0.000001633107841027841172662450, 
	 0.13674234614174768, 	 0.000001061185363624731958632325, 
	 0.14630064794363035, 	 0.000000828109477118849128915890, 
	 0.15656854249492380, 	 0.000000776246671580523533245878, 
	 0.16750000000000001, 	 0.000000772893071790545594385437, 
	 0.17905694150420948, 	 0.000000739098645028659044446781, 
	 0.19120718173477352, 	 0.000000650332396558241864978085, 
	 0.20392304845413264, 	 0.000000519551368921495669456223, 
	 0.21718041645257968, 	 0.000000375435799727957200869454, 
	 0.23095800853708795, 	 0.000000245054431284068242024850, 
	 0.24523687548277814, 	 0.000000144779217096132358541015, 
	 0.26000000000000001, 	 0.000000078801168959378850487281, 
	 0.27523198908875057, 	 0.000000042333251899264780548563, 
	 0.29091883092036785, 	 0.000000026345320705160458879750, 
	 0.30704769981818203, 	 0.000000021613021717000588188425, 
	 0.32360679774997902, 	 0.000000021104688731270032195969, 
	 0.34058522398518165, 	 0.000000020712717009011875391858, 
	 0.35797286679028861, 	 0.000000018854587946393299894510, 
	 0.37576031259048137, 	 0.000000015575099011201419091189, 
	 0.39393876913398140, 	 0.000000011638788770290990752292, 
	 0.41249999999999998, 	 0.000000007875301691741760890163, 
	 0.43143626838353100, 	 0.000000004841808451934059708508, 
	 0.45074028853269765, 	 0.000000002743657799817162206561, 
	 0.47040518354904270, 	 0.000000001508031288312388565037, 
	 0.49042444851725164, 	 0.000000000912339420081238003722, 
	 0.51079191812887459, 	 0.000000000701388617438672610495, 
	 0.53150173811932666, 	 0.000000000663074999604977011600, 
	 0.55254833995939046, 	 0.000000000659385979167929318425, 
	 0.57392641833938740, 	 0.000000000624220613045820121383, 
	 0.59563091106185062, 	 0.000000000543739601118511248960, 
	 0.61765698102121636, 	 0.000000000432572545264616319691, 
	 0.64000000000000001, 	 0.000000000314146324899404149123, 
	 0.66265553405258526, 	 0.000000000208407584615586889674, 
	 0.68561933028205269, 	 0.000000000126674745124237157349, 
	 0.70888730484384377, 	 0.000000000071513387446869052946, 
	 0.73245553203367586, 	 0.000000000039546340253803273704, 
	 0.75632023433686701, 	 0.000000000024160662421016153527, 
	 0.78047777333282542, 	 0.000000000018659166723833668547, 
	 0.80492464136246511, 	 0.000000000017617943997833693380, 
	 0.82965745387818801, 	 0.000000000017534385969462154307, 
	 0.85467294240617908, 	 0.000000000016704165010970035195, 
	 0.87996794805940581, 	 0.000000000014727281724076738012, 
	 0.90553941554712269, 	 0.000000000011931698781349047651, 
	 0.93138438763306108, 	 0.000000000008893853728713638915, 
	 0.95750000000000002, 	 0.000000000006129588262913061346, 
	 0.98388347648318442, 	 0.000000000003952873215816858279, 
	 1.01053212463921338, 	 0.000000000002459082421059006060, 
	 1.03744333162063729, 	 0.000000000001578382196639796707, 
	 1.06461456032966861, 	 0.000000000001152346651900669113, 
	 1.09204334582718721, 	 0.000000000001002895378955335809, 
	 1.11972729197565379, 	 0.000000000000977677179023265454, 
	 1.14766406829670364, 	 0.000000000000973130004637637495, 
	 1.17585140702608193, 	 0.000000000000934564092223552632, 
	 1.20428710035026687, 	 0.000000000000846826993653415171, 
	 1.23296899781061975, 	 0.000000000000719472687475799514, 
	 1.26189500386222520, 	 0.000000000000572890394249046607, 
	 1.29106307557576505, 	 0.000000000000427909526195453265, 
	 1.32047122047183074, 	 0.000000000000300766629759275349, 
	 1.35011749447801921, 	 0.000000000000199483167635014541, 
	 1.38000000000000012, 	 0.000000000000126063843652842217, 
	 1.41011688409851454, 	 0.000000000000077627790609501463, 
	 1.44046633676493352, 	 0.000000000000048811052197906384, 
	 1.47104658928863530, 	 0.000000000000033664330238067362, 
	 1.50185591271000463, 	 0.000000000000026917453703784934, 
	 1.53289261635336804, 	 0.000000000000024594397309685798, 
	 1.56415504643463210, 	 0.000000000000024117697917200977, 
	 1.59564158473880369, 	 0.000000000000024118644829862727, 
	 1.62735064736294288, 	 0.000000000000023968102101013877, 
	 1.65928068352044944, 	 0.000000000000023657732427346095, 
	 1.69143017440288590, 	 0.000000000000023282547507311120, 
	 1.72379763209582260, 	 0.000000000000022978830084877179, 
	 1.75638159854545606, 	 0.000000000000022814182704620141, 
	 1.78918064457298365, 	 0.000000000000022770236430902391, 
	 1.82219336893393025, 	 0.000000000000022765524478087711, 
	 1.85541839741982884, 	 0.000000000000022693420053331798, 
	 1.88885438199983202, 	 0.000000000000022457426538270488, 
	 1.92250000000000010, 	 0.000000000000021994422651566129, 
	 1.95635395331817064, 	 0.000000000000021283673174236529, 
	 1.99041496767244230, 	 0.000000000000020344078583154181, 
	 2.02468179188145303, 	 0.000000000000019224012761571369, 
	 2.05915319717473855, 	 0.000000000000017988074311947321, 
	 2.09382797653157660, 	 0.000000000000016704245498490799, 
	 2.12870494404681754, 	 0.000000000000015433856901616234, 
	 2.16378293432230917, 	 0.000000000000014225490452961033, 
	 2.19906080188259434, 	 0.000000000000013112689855697575, 
	 2.23453742061365634, 	 0.000000000000012114479878134661, 
	 2.27021168322355127, 	 0.000000000000011237486163734432, 
	 2.30608250072385124, 	 0.000000000000010478739041383188, 
	 2.34214880193086206, 	 0.000000000000009827284973891628, 
	 2.37840953298567470, 	 0.000000000000009272412042944156, 
	 2.41486365689212912, 	 0.000000000000008798358081408085, 
	 2.45151015307185105, 	 0.000000000000008390321154393543, 
	 2.48834801693555541, 	 0.000000000000008034009487257734, 
	 2.52537625946985811, 	 0.000000000000007718811162920512, 
	 2.56259390683888455, 	 0.000000000000007435184577804839, 
	 2.60000000000000009, 	 0.000000000000007175334207283030, 
