	 0.00000000000000000, 	 0.008441028715177358032750731809, 
	 0.00010000000000000, 	 0.008341576664293840273622926418, 
	 0.00013310000000000, 	 0.008308898302156156323583502399, 
	 0.00017280000000000, 	 0.008269860621617311849385068001, 
	 0.00021970000000000, 	 0.008223962291644808589308190960, 
	 0.00027440000000000, 	 0.008170729161866879114439754517, 
	 0.00033750000000000, 	 0.008109717916168955598177348065, 
	 0.00040960000000000, 	 0.008040522463574836103950005395, 
	 0.00049130000000000, 	 0.007962775141118802468831461283, 
	 0.00058320000000000, 	 0.007876153886237776194367832261, 
	 0.00068590000000000, 	 0.007780388172327136128703095608, 
	 0.00080000000000000, 	 0.007675257243675071873456605687, 
	 0.00092610000000000, 	 0.007560602173390318196666282091, 
	 0.00106480000000000, 	 0.007436323884219651382532223494, 
	 0.00121670000000000, 	 0.007302390476749525023703046855, 
	 0.00138240000000000, 	 0.007158841134985301571380666985, 
	 0.00156250000000000, 	 0.007005779777739090316557302174, 
	 0.00175760000000000, 	 0.006843393179232547772483652437, 
	 0.00196830000000000, 	 0.006671940353202770318530312466, 
	 0.00219520000000000, 	 0.006491752788499313524261946640, 
	 0.00243890000000000, 	 0.006303244971076704672441337607, 
	 0.00270000000000000, 	 0.006106900841543700352020973554, 
	 0.00297910000000000, 	 0.005903281035835413435852725428, 
	 0.00327680000000000, 	 0.005693019296387634604894589785, 
	 0.00359370000000000, 	 0.005476810762222512028729592970, 
	 0.00393040000000000, 	 0.005255414591935395583754964122, 
	 0.00428750000000000, 	 0.005029650748175248410609672334, 
	 0.00466560000000000, 	 0.004800382747613337296177515867, 
	 0.00506530000000000, 	 0.004568523205734782190179377181, 
	 0.00548720000000000, 	 0.004335010003948837169207575215, 
	 0.00593190000000000, 	 0.004100819179539369821463346000, 
	 0.00640000000000000, 	 0.003866922071041470516938876045, 
	 0.00689210000000000, 	 0.003634320015128689445454979179, 
	 0.00740880000000000, 	 0.003403986749096181256557525074, 
	 0.00795070000000000, 	 0.003176897695236790154088568627, 
	 0.00851840000000000, 	 0.002953985889114928934523485182, 
	 0.00911250000000000, 	 0.002736161534019847414722637069, 
	 0.00973360000000000, 	 0.002524277087487561150452863856, 
	 0.01038230000000000, 	 0.002319132844023067806932258961, 
	 0.01105920000000000, 	 0.002121467037594460675054008902, 
	 0.01176490000000000, 	 0.001931936610127608791934172849, 
	 0.01250000000000000, 	 0.001751127191434901893621334246, 
	 0.01326510000000000, 	 0.001579526808583455116732907619, 
	 0.01406080000000000, 	 0.001417540293921088758941073671, 
	 0.01488770000000000, 	 0.001265481239170203548241588898, 
	 0.01574640000000000, 	 0.001123554148602108832336043953, 
	 0.01663750000000000, 	 0.000991879673620455837648735020, 
	 0.01756160000000000, 	 0.000870481396990373398024620766, 
	 0.01851930000000000, 	 0.000759286774038305640154022935, 
	 0.01951120000000000, 	 0.000658132025779572019628937962, 
	 0.02053790000000000, 	 0.000566784314202429238306601977, 
	 0.02160000000000000, 	 0.000484917036101268803752889491, 
	 0.02269810000000000, 	 0.000412144241365864499870852455, 
	 0.02383280000000000, 	 0.000348016830296436351262212572, 
	 0.02500470000000000, 	 0.000292037053158181289687356230, 
	 0.02621440000000000, 	 0.000243661150538202858325045885, 
	 0.02746250000000000, 	 0.000202318077592472401462705967, 
	 0.02874960000000000, 	 0.000167409930329478042268509519, 
	 0.03007630000000000, 	 0.000138329030242286617376212821, 
	 0.03144320000000000, 	 0.000114466185779271942030317633, 
	 0.03285090000000000, 	 0.000095216585595214685007296740, 
	 0.03430000000000000, 	 0.000079991225280374149029724573, 
	 0.03579110000000000, 	 0.000068223317918681845774958594, 
	 0.03732480000000000, 	 0.000059376004158025983163324280, 
	 0.03890170000000000, 	 0.000052946069184228317235866440, 
	 0.04052240000000000, 	 0.000048469487001478823095471787, 
	 0.04218750000000000, 	 0.000045525595038074642207422821, 
	 0.04389760000000000, 	 0.000043737449451606552467720912, 
	 0.04565330000000000, 	 0.000042775013482126652587800297, 
	 0.04745520000000000, 	 0.000042354518196110114600875379, 
	 0.04930390000000000, 	 0.000042237500830971755902756848, 
	 0.05120000000000000, 	 0.000042229248101149242510411047, 
	 0.05314410000000000, 	 0.000042176456811724356594107271, 
	 0.05513680000000000, 	 0.000041964229649363233079755603, 
	 0.05717870000000000, 	 0.000041512514020072232266440199, 
	 0.05927040000000000, 	 0.000040772073375270095256604069, 
	 0.06141250000000000, 	 0.000039720276291295966350752139, 
	 0.06360560000000000, 	 0.000038357067791166613566523902, 
	 0.06585030000000000, 	 0.000036700690664723496575098244, 
	 0.06814720000000000, 	 0.000034783542174257850204850684, 
	 0.07049690000000000, 	 0.000032648280505443332325226508, 
	 0.07290000000000001, 	 0.000030344106868830614552384403, 
	 0.07535710000000000, 	 0.000027923568724250602562540410, 
	 0.07786880000000000, 	 0.000025440014459114881797789642, 
	 0.08043570000000000, 	 0.000022945080275738616586329865, 
	 0.08305840000000000, 	 0.000020486666231201822418713301, 
	 0.08573749999999999, 	 0.000018107550259833637279482943, 
	 0.08847360000000000, 	 0.000015844282974003895013079268, 
	 0.09126730000000000, 	 0.000013726490890633862265355312, 
	 0.09411920000000000, 	 0.000011776841295640501781536412, 
	 0.09702990000000000, 	 0.000010010833459412145344147489, 
	 0.10000000000000001, 	 0.000008437280975503305078524660, 
	 0.10249999999999999, 	 0.000007283987441679667415681421, 
	 0.10707106781186548, 	 0.000005548792897130311034428578, 
	 0.11299038105676659, 	 0.000003925971889737250031791362, 
	 0.12000000000000001, 	 0.000002719397746503204739122956, 
	 0.12795084971874737, 	 0.000002002390487204898956178018, 
	 0.13674234614174768, 	 0.000001686864985124588206310886, 
	 0.14630064794363035, 	 0.000001608154644479658792086368, 
	 0.15656854249492380, 	 0.000001603355725191567071548403, 
	 0.16750000000000001, 	 0.000001560932480838421413125777, 
	 0.17905694150420948, 	 0.000001434679658297333879385838, 
	 0.19120718173477352, 	 0.000001230981738240262358187764, 
	 0.20392304845413264, 	 0.000000984443610653165593479211, 
	 0.21718041645257968, 	 0.000000735008681700651672957987, 
	 0.23095800853708795, 	 0.000000513444181801854323934692, 
	 0.24523687548277814, 	 0.000000336087183269466101060883, 
	 0.26000000000000001, 	 0.000000206209719651642065057194, 
	 0.27523198908875057, 	 0.000000118439443061755701371363, 
	 0.29091883092036785, 	 0.000000063461531726371021553499, 
	 0.30704769981818203, 	 0.000000031518755878081115816495, 
	 0.32360679774997902, 	 0.000000014358155239205219501581, 
	 0.34058522398518165, 	 0.000000005903672202954585773606, 
	 0.35797286679028861, 	 0.000000002145334125428132705816, 
	 0.37576031259048137, 	 0.000000000684049504593047609097, 
	 0.39393876913398140, 	 0.000000000218410627115875239247, 
	 0.41249999999999998, 	 0.000000000115129528311082497883, 
	 0.43143626838353100, 	 0.000000000106436023078756558802, 
	 0.45074028853269765, 	 0.000000000101926972260092649477, 
	 0.47040518354904270, 	 0.000000000084563851850547388840, 
	 0.49042444851725164, 	 0.000000000060191823967495957799, 
	 0.51079191812887459, 	 0.000000000036983098248828526060, 
	 0.53150173811932666, 	 0.000000000019466112900709336657, 
	 0.55254833995939046, 	 0.000000000008500316221417828638, 
	 0.57392641833938740, 	 0.000000000002845932488692732237, 
	 0.59563091106185062, 	 0.000000000000593658355034076687, 
	 0.61765698102121636, 	 0.000000000000035137477911150674, 
	 0.64000000000000001, 	 0.000000000000000000000000000000, 
	 0.66265553405258526, 	 0.000000000000000000000000000000, 
	 0.68561933028205269, 	 0.000000000000000000000000000000, 
	 0.70888730484384377, 	 0.000000000000000000000000000000, 
	 0.73245553203367586, 	 0.000000000000000000000000000000, 
	 0.75632023433686701, 	 0.000000000000000000000000000000, 
	 0.78047777333282542, 	 0.000000000000000000000000000000, 
	 0.80492464136246511, 	 0.000000000000000000000000000000, 
	 0.82965745387818801, 	 0.000000000000000000000000000000, 
	 0.85467294240617908, 	 0.000000000000000000000000000000, 
	 0.87996794805940581, 	 0.000000000000000000000000000000, 
	 0.90553941554712269, 	 0.000000000000000000000000000000, 
	 0.93138438763306108, 	 0.000000000000000000000000000000, 
	 0.95750000000000002, 	 0.000000000000000000000000000000, 
	 0.98388347648318442, 	 0.000000000000000000000000000000, 
	 1.01053212463921338, 	 0.000000000000000000000000000000, 
	 1.03744333162063729, 	 0.000000000000000000000000000000, 
	 1.06461456032966861, 	 0.000000000000000000000000000000, 
	 1.09204334582718721, 	 0.000000000000000000000000000000, 
	 1.11972729197565379, 	 0.000000000000000000000000000000, 
	 1.14766406829670364, 	 0.000000000000000000000000000000, 
	 1.17585140702608193, 	 0.000000000000000000000000000000, 
	 1.20428710035026687, 	 0.000000000000000000000000000000, 
	 1.23296899781061975, 	 0.000000000000000000000000000000, 
	 1.26189500386222520, 	 0.000000000000000000000000000000, 
	 1.29106307557576505, 	 0.000000000000000000000000000000, 
	 1.32047122047183074, 	 0.000000000000000000000000000000, 
	 1.35011749447801921, 	 0.000000000000000000000000000000, 
	 1.38000000000000012, 	 0.000000000000000000000000000000, 
	 1.41011688409851454, 	 0.000000000000000000000000000000, 
	 1.44046633676493352, 	 0.000000000000000000000000000000, 
	 1.47104658928863530, 	 0.000000000000000000000000000000, 
	 1.50185591271000463, 	 0.000000000000000000000000000000, 
	 1.53289261635336804, 	 0.000000000000000000000000000000, 
	 1.56415504643463210, 	 0.000000000000000000000000000000, 
	 1.59564158473880369, 	 0.000000000000000000000000000000, 
	 1.62735064736294288, 	 0.000000000000000000000000000000, 
	 1.65928068352044944, 	 0.000000000000000000000000000000, 
	 1.69143017440288590, 	 0.000000000000000000000000000000, 
	 1.72379763209582260, 	 0.000000000000000000000000000000, 
	 1.75638159854545606, 	 0.000000000000000000000000000000, 
	 1.78918064457298365, 	 0.000000000000000000000000000000, 
	 1.82219336893393025, 	 0.000000000000000000000000000000, 
	 1.85541839741982884, 	 0.000000000000000000000000000000, 
	 1.88885438199983202, 	 0.000000000000000000000000000000, 
	 1.92250000000000010, 	 0.000000000000000000000000000000, 
	 1.95635395331817064, 	 0.000000000000000000000000000000, 
	 1.99041496767244230, 	 0.000000000000000000000000000000, 
	 2.02468179188145303, 	 0.000000000000000000000000000000, 
	 2.05915319717473855, 	 0.000000000000000000000000000000, 
	 2.09382797653157660, 	 0.000000000000000000000000000000, 
	 2.12870494404681754, 	 0.000000000000000000000000000000, 
	 2.16378293432230917, 	 0.000000000000000000000000000000, 
	 2.19906080188259434, 	 0.000000000000000000000000000000, 
	 2.23453742061365634, 	 0.000000000000000000000000000000, 
	 2.27021168322355127, 	 0.000000000000000000000000000000, 
	 2.30608250072385124, 	 0.000000000000000000000000000000, 
	 2.34214880193086206, 	 0.000000000000000000000000000000, 
	 2.37840953298567470, 	 0.000000000000000000000000000000, 
	 2.41486365689212912, 	 0.000000000000000000000000000000, 
	 2.45151015307185105, 	 0.000000000000000000000000000000, 
	 2.48834801693555541, 	 0.000000000000000000000000000000, 
	 2.52537625946985811, 	 0.000000000000000000000000000000, 
	 2.56259390683888455, 	 0.000000000000000000000000000000, 
	 2.60000000000000009, 	 0.000000000000000000000000000000, 
