0.0,0.0,0.0
0.000204082,0.0,0.0
0.000408163,0.0,0.0
0.000612245,0.0,0.0
0.000816327,0.0,0.0
0.00102041,0.0,0.0
0.00122449,2.22084e-13,1.24824e-16
0.00142857,3.90224e-12,2.15928e-15
0.00163265,1.80166e-11,1.00447e-14
0.00183673,4.98696e-11,2.83255e-14
0.00204082,1.06124e-10,6.18841e-14
0.0022449,1.91933e-10,1.15391e-13
0.00244898,3.12667e-10,1.94211e-13
0.00265306,4.72325e-10,3.03296e-13
0.00285714,6.74062e-10,4.47613e-13
0.00306122,9.21773e-10,6.32946e-13
0.00326531,1.22031e-09,8.66053e-13
0.00346939,1.56723e-09,1.1487e-12
0.00367347,1.97055e-09,1.4895e-12
0.00387755,2.42572e-09,1.89014e-12
0.00408163,2.94042e-09,2.36232e-12
0.00428571,3.50835e-09,2.89833e-12
0.0044898,4.13865e-09,3.51231e-12
0.00469388,4.84134e-09,4.21796e-12
0.00489796,5.5914e-09,4.99621e-12
0.00510204,6.42506e-09,5.8849e-12
0.00530612,7.30646e-09,6.85477e-12
0.0055102,8.26219e-09,7.92727e-12
0.00571429,9.27789e-09,9.09678e-12
0.00591837,1.03559e-08,1.03712e-11
0.00612245,1.15048e-08,1.1772e-11
0.00632653,1.27233e-08,1.32957e-11
0.00653061,1.40198e-08,1.49039e-11
0.00673469,1.53659e-08,1.66538e-11
0.00693878,1.68042e-08,1.85528e-11
0.00714286,1.82709e-08,2.05452e-11
0.00734694,1.98878e-08,2.2754e-11
0.00755102,2.1507e-08,2.49958e-11
0.0077551,2.3293e-08,2.75812e-11
0.00795918,2.49973e-08,3.0034e-11
0.00816327,2.68987e-08,3.2775e-11
0.00836735,2.88461e-08,3.57425e-11
0.00857143,3.08007e-08,3.87624e-11
0.00877551,3.29177e-08,4.20327e-11
0.00897959,3.51346e-08,4.53766e-11
0.00918367,3.73171e-08,4.88661e-11
0.00938776,3.9528e-08,5.25682e-11
0.00959184,4.19947e-08,5.65182e-11
0.00979592,4.43986e-08,6.05141e-11
0.01,4.68661e-08,6.4648e-11
0.0118367,7.29411e-08,1.11153e-10
0.0136735,1.05046e-07,1.74489e-10
0.0155102,1.43742e-07,2.56278e-10
0.0173469,1.88049e-07,3.56067e-10
0.0191837,2.38918e-07,4.78602e-10
0.0210204,2.96134e-07,6.23906e-10
0.0228571,3.5976e-07,7.88949e-10
0.0246939,4.27787e-07,9.6618e-10
0.0265306,5.03879e-07,1.17903e-09
0.0283673,5.85088e-07,1.41915e-09
0.0302041,6.75358e-07,1.66334e-09
0.0320408,7.686e-07,1.94666e-09
0.0338776,8.65122e-07,2.22797e-09
0.0357143,9.70878e-07,2.55683e-09
0.037551,1.08447e-06,2.91097e-09
0.0393878,1.2068e-06,3.3008e-09
0.0412245,1.32741e-06,3.6654e-09
0.0430612,1.45699e-06,4.04119e-09
0.044898,1.58626e-06,4.4285e-09
0.0467347,1.72936e-06,4.8368e-09
0.0485714,1.88019e-06,5.29364e-09
0.0504082,2.02313e-06,5.78102e-09
0.0522449,2.17733e-06,6.26292e-09
0.0540816,2.33849e-06,6.57955e-09
0.0559184,2.51672e-06,7.15294e-09
0.0577551,2.68235e-06,7.59974e-09
0.0595918,2.86946e-06,8.16451e-09
0.0614286,3.06178e-06,8.72302e-09
0.0632653,3.24061e-06,9.13313e-09
0.065102,3.41954e-06,9.6001e-09
0.0669388,3.64284e-06,1.03557e-08
0.0687755,3.83943e-06,1.0916e-08
0.0706122,4.06408e-06,1.13463e-08
0.072449,4.25293e-06,1.17465e-08
0.0742857,4.48823e-06,1.24166e-08
0.0761224,4.70667e-06,1.33174e-08
0.0779592,4.94743e-06,1.37279e-08
0.0797959,5.16294e-06,1.405e-08
0.0816327,5.42647e-06,1.47452e-08
0.0834694,5.6553e-06,1.49899e-08
0.0853061,5.90577e-06,1.59211e-08
0.0871429,6.14785e-06,1.62675e-08
0.0889796,6.42123e-06,1.6963e-08
0.0908163,6.67815e-06,1.76369e-08
0.0926531,6.94211e-06,1.78645e-08
0.0944898,7.19056e-06,1.81259e-08
0.0963265,7.478e-06,1.90953e-08
0.0981633,7.7571e-06,1.97419e-08
0.1,8.04177e-06,2.06282e-08
0.102041,8.28848e-06,2.0192e-08
0.104082,8.68909e-06,2.23422e-08
0.106122,9.00389e-06,2.18046e-08
0.108163,9.32949e-06,2.28662e-08
0.110204,9.68076e-06,2.34016e-08
0.112245,9.99457e-06,2.4304e-08
0.114286,1.04067e-05,2.51595e-08
0.116327,1.07543e-05,2.64879e-08
0.118367,1.11015e-05,2.6903e-08
0.120408,1.1451e-05,2.71012e-08
0.122449,1.18346e-05,2.80895e-08
0.12449,1.22127e-05,2.87695e-08
0.126531,1.2559e-05,2.89786e-08
0.128571,1.29127e-05,2.95259e-08
0.130612,1.33242e-05,3.10438e-08
0.132653,1.37143e-05,3.17652e-08
0.134694,1.41146e-05,3.26413e-08
0.136735,1.44629e-05,3.28612e-08
0.138776,1.48906e-05,3.3683e-08
0.140816,1.52556e-05,3.38796e-08
0.142857,1.56876e-05,3.55627e-08
0.144898,1.61246e-05,3.70028e-08
0.146939,1.65426e-05,3.63587e-08
0.14898,1.69374e-05,3.70802e-08
0.15102,1.74132e-05,3.8453e-08
0.153061,1.78483e-05,3.95062e-08
0.155102,1.82158e-05,4.0476e-08
0.157143,1.86862e-05,4.12899e-08
0.159184,1.91194e-05,4.18513e-08
0.161224,1.96004e-05,4.23826e-08
0.163265,2.00453e-05,4.42133e-08
0.165306,2.04755e-05,4.61238e-08
0.167347,2.0893e-05,4.49717e-08
0.169388,2.14111e-05,4.64834e-08
0.171429,2.18393e-05,4.62329e-08
0.173469,2.23555e-05,4.64719e-08
0.17551,2.27898e-05,4.87906e-08
0.177551,2.32476e-05,4.95946e-08
0.179592,2.37546e-05,5.03035e-08
0.181633,2.41795e-05,5.11485e-08
0.183673,2.46601e-05,5.12775e-08
0.185714,2.51568e-05,5.28751e-08
0.187755,2.5659e-05,5.33586e-08
0.189796,2.61615e-05,5.3873e-08
0.191837,2.67034e-05,5.62487e-08
0.193878,2.71935e-05,5.73384e-08
0.195918,2.7682e-05,5.78568e-08
0.197959,2.82585e-05,5.82081e-08
0.2,2.87265e-05,6.0235e-08
0.202041,2.91582e-05,5.91083e-08
0.204082,2.97083e-05,6.18876e-08
0.206122,3.02167e-05,6.19193e-08
0.208163,3.07056e-05,6.09062e-08
0.210204,3.12812e-05,6.4181e-08
0.212245,3.17586e-05,6.33698e-08
0.214286,3.22768e-05,6.61499e-08
0.216327,3.27779e-05,6.43149e-08
0.218367,3.34214e-05,6.76874e-08
0.220408,3.38792e-05,6.79305e-08
0.222449,3.44776e-05,7.058e-08
0.22449,3.50228e-05,7.12583e-08
0.226531,3.55408e-05,6.99507e-08
0.228571,3.61557e-05,7.35945e-08
0.230612,3.6611e-05,7.19042e-08
0.232653,3.72741e-05,7.59325e-08
0.234694,3.78341e-05,7.60485e-08
0.236735,3.84861e-05,7.54645e-08
0.238776,3.90033e-05,7.7323e-08
0.240816,3.95954e-05,8.06505e-08
0.242857,4.01378e-05,7.86583e-08
0.244898,4.0545e-05,7.66854e-08
0.246939,4.1178e-05,7.84244e-08
0.24898,4.17644e-05,8.02386e-08
0.25102,4.24746e-05,8.589e-08
0.253061,4.28888e-05,8.27166e-08
0.255102,4.36651e-05,8.65521e-08
0.257143,4.40924e-05,8.44767e-08
0.259184,4.48035e-05,8.64348e-08
0.261224,4.53579e-05,8.78768e-08
0.263265,4.60515e-05,9.04563e-08
0.265306,4.65747e-05,9.07036e-08
0.267347,4.71657e-05,9.09326e-08
0.269388,4.76749e-05,9.0018e-08
0.271429,4.83056e-05,9.11e-08
0.273469,4.90319e-05,9.3662e-08
0.27551,4.95357e-05,9.51376e-08
0.277551,5.01204e-05,9.96397e-08
0.279592,5.08154e-05,9.72309e-08
0.281633,5.13623e-05,9.8313e-08
0.283673,5.20654e-05,1.02383e-07
0.285714,5.26901e-05,9.87165e-08
0.287755,5.33987e-05,1.01917e-07
0.289796,5.39151e-05,1.00812e-07
0.291837,5.45758e-05,1.01663e-07
0.293878,5.50621e-05,1.02188e-07
0.295918,5.59157e-05,1.06665e-07
0.297959,5.65334e-05,1.04008e-07
0.3,5.71309e-05,1.07339e-07
0.302041,5.75472e-05,1.05611e-07
0.304082,5.8369e-05,1.10758e-07
0.306122,5.90617e-05,1.09357e-07
0.308163,5.98075e-05,1.13832e-07
0.310204,6.04755e-05,1.13449e-07
0.312245,6.118e-05,1.21318e-07
0.314286,6.16266e-05,1.14642e-07
0.316327,6.2467e-05,1.15251e-07
0.318367,6.30906e-05,1.21684e-07
0.320408,6.38194e-05,1.19489e-07
0.322449,6.4292e-05,1.16992e-07
0.32449,6.49756e-05,1.22768e-07
0.326531,6.56684e-05,1.17978e-07
0.328571,6.62592e-05,1.22065e-07
0.330612,6.71767e-05,1.29697e-07
0.332653,6.7684e-05,1.2526e-07
0.334694,6.83298e-05,1.25441e-07
0.336735,6.88812e-05,1.23846e-07
0.338776,6.98739e-05,1.28359e-07
0.340816,7.05341e-05,1.27058e-07
0.342857,7.10655e-05,1.29361e-07
0.344898,7.1804e-05,1.30003e-07
0.346939,7.23821e-05,1.37646e-07
0.34898,7.31928e-05,1.42318e-07
0.35102,7.38339e-05,1.33182e-07
0.353061,7.46927e-05,1.37502e-07
0.355102,7.54525e-05,1.38796e-07
0.357143,7.5879e-05,1.35356e-07
0.359184,7.678e-05,1.41252e-07
0.361224,7.74322e-05,1.36618e-07
0.363265,7.82011e-05,1.41207e-07
0.365306,7.89896e-05,1.43301e-07
0.367347,7.9462e-05,1.39624e-07
0.369388,8.04904e-05,1.50199e-07
0.371429,8.069e-05,1.46544e-07
0.373469,8.19279e-05,1.4903e-07
0.37551,8.23736e-05,1.46881e-07
0.377551,8.29746e-05,1.46879e-07
0.379592,8.3777e-05,1.48375e-07
0.381633,8.45675e-05,1.49488e-07
0.383673,8.55721e-05,1.54402e-07
0.385714,8.62126e-05,1.62625e-07
0.387755,8.67047e-05,1.54009e-07
0.389796,8.76415e-05,1.55365e-07
0.391837,8.80051e-05,1.52333e-07
0.393878,8.87415e-05,1.52287e-07
0.395918,8.96286e-05,1.64084e-07
0.397959,9.07949e-05,1.7261e-07
0.4,9.09712e-05,1.5945e-07
0.402041,9.17416e-05,1.58337e-07
0.404082,9.27765e-05,1.63944e-07
0.406122,9.32673e-05,1.64146e-07
0.408163,9.40803e-05,1.67952e-07
0.410204,9.49402e-05,1.63584e-07
0.412245,9.54247e-05,1.68746e-07
0.414286,9.60503e-05,1.64731e-07
0.416327,9.75363e-05,1.85732e-07
0.418367,9.81556e-05,1.84273e-07
0.420408,9.87572e-05,1.81428e-07
0.422449,9.95518e-05,1.76501e-07
0.42449,0.000100447,1.77687e-07
0.426531,0.000100949,1.73361e-07
0.428571,0.000101701,1.80305e-07
0.430612,0.000102364,1.72253e-07
0.432653,0.00010354,1.88071e-07
0.434694,0.000104011,1.85563e-07
0.436735,0.000104896,1.83659e-07
0.438776,0.000105697,1.8374e-07
0.440816,0.000106955,1.94284e-07
0.442857,0.000107392,1.84483e-07
0.444898,0.000108302,1.99445e-07
0.446939,0.000108446,1.8982e-07
0.44898,0.000109681,1.98836e-07
0.45102,0.000110625,1.96749e-07
0.453061,0.000110991,1.90935e-07
0.455102,0.000111566,1.92952e-07
0.457143,0.000112805,1.9495e-07
0.459184,0.000113077,1.97563e-07
0.461224,0.000114186,2.00768e-07
0.463265,0.000115059,2.15501e-07
0.465306,0.00011589,2.01901e-07
0.467347,0.000116871,2.05759e-07
0.469388,0.000117457,2.05552e-07
0.471429,0.000117934,2.00972e-07
0.473469,0.000119114,1.99244e-07
0.47551,0.000119993,2.14242e-07
0.477551,0.000120646,2.08095e-07
0.479592,0.000121621,2.12507e-07
0.481633,0.000122129,2.08523e-07
0.483673,0.000123141,2.14324e-07
0.485714,0.000123555,2.09736e-07
0.487755,0.00012444,2.13371e-07
0.489796,0.000125618,2.08458e-07
0.491837,0.000126083,2.11255e-07
0.493878,0.000127421,2.2054e-07
0.495918,0.000128032,2.24843e-07
0.497959,0.000128391,2.17144e-07
0.5,0.000129754,2.32337e-07
0.502041,0.000130648,2.20802e-07
0.504082,0.000131258,2.29119e-07
0.506122,0.000131976,2.29379e-07
0.508163,0.000132799,2.31001e-07
0.510204,0.000133891,2.34322e-07
0.512245,0.000134351,2.24533e-07
0.514286,0.000135024,2.27458e-07
0.516327,0.000136323,2.31808e-07
0.518367,0.000137267,2.44273e-07
0.520408,0.000137655,2.30472e-07
0.522449,0.00013859,2.29523e-07
0.52449,0.000139344,2.34479e-07
0.526531,0.000140501,2.43718e-07
0.528571,0.000141321,2.46556e-07
0.530612,0.000142262,2.41886e-07
0.532653,0.000143306,2.43881e-07
0.534694,0.000143559,2.41993e-07
0.536735,0.000144492,2.36927e-07
0.538776,0.000145443,2.39793e-07
0.540816,0.000146449,2.45848e-07
0.542857,0.000147023,2.38736e-07
0.544898,0.000147903,2.4853e-07
0.546939,0.000148795,2.50047e-07
0.54898,0.000149552,2.60825e-07
0.55102,0.000150098,2.42546e-07
0.553061,0.00015143,2.61258e-07
0.555102,0.000152344,2.581e-07
0.557143,0.000152982,2.55078e-07
0.559184,0.000154096,2.71057e-07
0.561224,0.000155128,2.6652e-07
0.563265,0.00015541,2.5395e-07
0.565306,0.000156714,2.70151e-07
0.567347,0.000157802,2.80268e-07
0.569388,0.000158434,2.73766e-07
0.571429,0.000159002,2.59982e-07
0.573469,0.000159841,2.6119e-07
0.57551,0.000160485,2.64441e-07
0.577551,0.000162222,2.79046e-07
0.579592,0.000163,2.91665e-07
0.581633,0.000163886,2.88302e-07
0.583673,0.000164727,2.70643e-07
0.585714,0.000165738,2.84771e-07
0.587755,0.000166469,2.86552e-07
0.589796,0.000167183,2.80462e-07
0.591837,0.00016813,2.89124e-07
0.593878,0.000168996,2.92199e-07
0.595918,0.000169915,2.88831e-07
0.597959,0.000170979,2.83402e-07
0.6,0.000171517,2.84351e-07
0.602041,0.000172291,2.94844e-07
0.604082,0.000173674,3.13166e-07
0.606122,0.000173676,2.85549e-07
0.608163,0.000175125,2.80173e-07
0.610204,0.000175863,2.97157e-07
0.612245,0.000176803,2.90011e-07
0.614286,0.000177074,2.97723e-07
0.616327,0.000178795,3.25993e-07
0.618367,0.000179068,2.9363e-07
0.620408,0.000180226,3.02328e-07
0.622449,0.000181529,3.32286e-07
0.62449,0.000182266,3.11794e-07
0.626531,0.000182923,3.08765e-07
0.628571,0.000184042,3.09116e-07
0.630612,0.000184882,3.18478e-07
0.632653,0.000185673,2.96137e-07
0.634694,0.000186317,3.06278e-07
0.636735,0.000187837,3.13071e-07
0.638776,0.000188986,3.16959e-07
0.640816,0.000189823,3.31393e-07
0.642857,0.000190263,3.13234e-07
0.644898,0.000191502,3.17958e-07
0.646939,0.000192164,3.16499e-07
0.64898,0.00019363,3.39928e-07
0.65102,0.000194194,3.33427e-07
0.653061,0.000194818,3.30313e-07
0.655102,0.000196245,3.35125e-07
0.657143,0.000196661,3.31436e-07
0.659184,0.000197139,3.14709e-07
0.661224,0.000198903,3.31093e-07
0.663265,0.00019966,3.36152e-07
0.665306,0.000200272,3.29968e-07
0.667347,0.000201216,3.21262e-07
0.669388,0.00020226,3.28847e-07
0.671429,0.000203541,3.37265e-07
0.673469,0.000204632,3.74556e-07
0.67551,0.00020551,3.49823e-07
0.677551,0.00020611,3.48355e-07
0.679592,0.000206785,3.42274e-07
0.681633,0.000208767,3.52922e-07
0.683673,0.00020958,3.53357e-07
0.685714,0.000210063,3.60403e-07
0.687755,0.000210481,3.40336e-07
0.689796,0.000211775,3.37181e-07
0.691837,0.000212766,3.55842e-07
0.693878,0.000213618,3.46368e-07
0.695918,0.000214679,3.50673e-07
0.697959,0.000215139,3.53149e-07
0.7,0.000216752,3.49479e-07
0.702041,0.000216994,3.55182e-07
0.704082,0.000217914,3.59581e-07
0.706122,0.00021884,3.41551e-07
0.708163,0.000220654,3.73191e-07
0.710204,0.00022164,3.86303e-07
0.712245,0.000221941,3.63531e-07
0.714286,0.000223143,3.70476e-07
0.716327,0.00022396,3.71405e-07
0.718367,0.00022547,3.74459e-07
0.720408,0.000226057,3.63237e-07
0.722449,0.000226441,3.72315e-07
0.72449,0.000227748,3.80718e-07
0.726531,0.000228779,3.88075e-07
0.728571,0.000229815,3.81529e-07
0.730612,0.000231714,4.33301e-07
0.732653,0.000232063,3.96313e-07
0.734694,0.000232915,4.28282e-07
0.736735,0.000233986,4.05462e-07
0.738776,0.000234986,3.80168e-07
0.740816,0.000236382,3.92447e-07
0.742857,0.000237288,4.00893e-07
0.744898,0.0002378,3.80624e-07
0.746939,0.000238412,3.89556e-07
0.74898,0.000239718,3.9551e-07
0.75102,0.000240257,3.88703e-07
0.753061,0.000241125,4.19073e-07
0.755102,0.000242071,3.90485e-07
0.757143,0.000243611,4.10992e-07
0.759184,0.000244854,3.97217e-07
0.761224,0.000245416,3.92504e-07
0.763265,0.000246352,4.1218e-07
0.765306,0.000247211,3.98506e-07
0.767347,0.00024828,4.26578e-07
0.769388,0.000249187,4.17978e-07
0.771429,0.000249754,3.92584e-07
0.773469,0.000251206,4.28083e-07
0.77551,0.000251945,4.03448e-07
0.777551,0.000253346,4.10994e-07
0.779592,0.00025427,4.13889e-07
0.781633,0.000255063,4.2808e-07
0.783673,0.000256672,4.31167e-07
0.785714,0.000256946,4.15036e-07
0.787755,0.000258082,4.132e-07
0.789796,0.000259377,4.22384e-07
0.791837,0.000260866,4.16394e-07
0.793878,0.000260824,4.19181e-07
0.795918,0.000262696,4.41632e-07
0.797959,0.00026331,4.3728e-07
0.8,0.00026438,4.55501e-07
0.802041,0.000265062,4.26963e-07
0.804082,0.000265542,4.21241e-07
0.806122,0.000267408,4.4829e-07
0.808163,0.000268064,4.43512e-07
0.810204,0.000268937,4.8073e-07
0.812245,0.000270181,4.46839e-07
0.814286,0.000270467,4.50853e-07
0.816327,0.000272199,4.3551e-07
0.818367,0.000273088,4.42777e-07
0.820408,0.000273608,4.3819e-07
0.822449,0.000274566,4.44679e-07
0.82449,0.000276181,4.48677e-07
0.826531,0.000277281,4.57081e-07
0.828571,0.000277851,4.88156e-07
0.830612,0.000279906,4.60158e-07
0.832653,0.000280286,4.49022e-07
0.834694,0.000281436,4.71092e-07
0.836735,0.000282557,4.83702e-07
0.838776,0.000283318,4.47947e-07
0.840816,0.000284236,4.59547e-07
0.842857,0.000285581,4.62685e-07
0.844898,0.000285618,4.71137e-07
0.846939,0.000287008,4.53027e-07
0.84898,0.000288013,4.8461e-07
0.85102,0.000289591,4.71389e-07
0.853061,0.000291013,4.83521e-07
0.855102,0.00029204,4.81217e-07
0.857143,0.000291186,4.36448e-07
0.859184,0.000293493,4.85289e-07
0.861224,0.000293559,4.83551e-07
0.863265,0.000295215,4.91502e-07
0.865306,0.000296839,4.85859e-07
0.867347,0.000296642,4.84753e-07
0.869388,0.000298182,4.60359e-07
0.871429,0.000299393,4.84108e-07
0.873469,0.000300722,4.9026e-07
0.87551,0.000301345,5.14544e-07
0.877551,0.00030262,5.05307e-07
0.879592,0.000303397,4.79732e-07
0.881633,0.000304646,4.88959e-07
0.883673,0.00030577,5.10173e-07
0.885714,0.000305632,4.85669e-07
0.887755,0.000307304,4.92311e-07
0.889796,0.000309416,5.32844e-07
0.891837,0.00031015,5.02739e-07
0.893878,0.000310087,5.16745e-07
0.895918,0.00031201,4.85007e-07
0.897959,0.000313257,5.06191e-07
0.9,0.00031299,5.10387e-07
0.902041,0.000315469,5.16135e-07
0.904082,0.000315518,5.02099e-07
0.906122,0.000316517,5.14162e-07
0.908163,0.000318402,5.35949e-07
0.910204,0.000319295,4.95975e-07
0.912245,0.000319907,5.18991e-07
0.914286,0.000321676,5.38127e-07
0.916327,0.000322349,5.29682e-07
0.918367,0.00032342,5.35172e-07
0.920408,0.000324365,5.54761e-07
0.922449,0.000326061,5.52949e-07
0.92449,0.000326442,5.33236e-07
0.926531,0.000328319,5.11193e-07
0.928571,0.000328163,5.12825e-07
0.930612,0.000328987,5.10147e-07
0.932653,0.00033111,5.24219e-07
0.934694,0.000331084,5.31625e-07
0.936735,0.000333613,5.30074e-07
0.938776,0.000333573,5.37113e-07
0.940816,0.000334323,5.2014e-07
0.942857,0.000335721,5.42583e-07
0.944898,0.000337323,5.49128e-07
0.946939,0.000338099,5.67188e-07
0.94898,0.000340254,5.5654e-07
0.95102,0.000340209,5.30722e-07
0.953061,0.000341641,5.72967e-07
0.955102,0.000342926,5.5014e-07
0.957143,0.000342716,5.25414e-07
0.959184,0.0003435,5.2884e-07
0.961224,0.000346141,5.669e-07
0.963265,0.000347061,5.89903e-07
0.965306,0.000347563,5.3702e-07
0.967347,0.000349194,5.90888e-07
0.969388,0.000349644,5.37093e-07
0.971429,0.000351576,5.52443e-07
0.973469,0.000351402,5.33763e-07
0.97551,0.000352177,5.5435e-07
0.977551,0.000353518,5.43463e-07
0.979592,0.000354167,5.38116e-07
0.981633,0.000356005,5.66213e-07
0.983673,0.000356741,5.34307e-07
0.985714,0.000357674,5.65423e-07
0.987755,0.00035936,5.65504e-07
0.989796,0.000361217,6.59861e-07
0.991837,0.000361449,5.69131e-07
0.993878,0.000362232,5.59813e-07
0.995918,0.000363385,5.68721e-07
0.997959,0.000364606,6.75897e-07
1.0,0.000365286,6.26621e-07
1.08163,0.000408941,6.27723e-07
1.16327,0.000454725,7.29923e-07
1.2449,0.000499741,7.55657e-07
1.32653,0.000547764,9.25626e-07
1.40816,0.000595634,1.01783e-06
1.4898,0.000644828,1.03193e-06
1.57143,0.000693622,1.10687e-06
1.65306,0.000742517,1.12552e-06
1.73469,0.000793587,1.21409e-06
1.81633,0.000844241,1.24433e-06
1.89796,0.000896109,1.32231e-06
1.97959,0.000948932,1.48493e-06
2.06122,0.00100414,1.50794e-06
2.14286,0.00106025,1.62229e-06
2.22449,0.00111524,1.64915e-06
2.30612,0.00117438,1.96927e-06
2.38776,0.00122905,1.96821e-06
2.46939,0.00128357,2.04087e-06
2.55102,0.00133976,1.98115e-06
2.63265,0.00139785,2.14978e-06
2.71429,0.00145705,2.23998e-06
2.79592,0.00151322,2.33306e-06
2.87755,0.00157404,2.57449e-06
2.95918,0.00162785,2.3618e-06
3.04082,0.00168719,2.4932e-06
3.12245,0.00175591,2.61356e-06
3.20408,0.00181276,3.61924e-06
3.28571,0.00187601,2.96349e-06
3.36735,0.00193616,2.95928e-06
3.44898,0.00199201,3.55415e-06
3.53061,0.00205698,3.06479e-06
3.61224,0.00211751,3.09006e-06
3.69388,0.00218135,3.2926e-06
3.77551,0.00224187,3.1892e-06
3.85714,0.0023061,3.56089e-06
3.93878,0.00237024,3.47975e-06
4.02041,0.00244013,4.8237e-06
4.10204,0.00250218,3.87164e-06
4.18367,0.00256773,4.48217e-06
4.26531,0.00262076,3.91955e-06
4.34694,0.00269914,4.07257e-06
4.42857,0.00276349,4.65185e-06
4.5102,0.00282437,4.23282e-06
4.59184,0.00289044,4.30265e-06
4.67347,0.0029637,4.43405e-06
4.7551,0.00302701,7.16495e-06
4.83673,0.00309392,4.83881e-06
4.91837,0.00316934,6.28413e-06
5.0,0.00322201,4.61557e-06
5.10204,0.00330799,5.0473e-06
5.20408,0.0034118,5.86786e-06
5.30612,0.00347944,5.16696e-06
5.40816,0.00356273,5.22041e-06
5.5102,0.00364979,5.68951e-06
5.61224,0.00374563,6.09875e-06
5.71429,0.00383702,6.28141e-06
5.81633,0.00391128,5.76845e-06
5.91837,0.00400053,6.04403e-06
6.02041,0.00409646,7.09747e-06
6.12245,0.00417297,6.31446e-06
6.22449,0.00426343,6.49037e-06
6.32653,0.00434983,6.68547e-06
6.42857,0.00443919,6.18512e-06
6.53061,0.00452994,7.17206e-06
6.63265,0.00461306,7.17424e-06
6.73469,0.00470752,7.06818e-06
6.83673,0.00479531,6.88457e-06
6.93878,0.00489808,9.46421e-06
7.04082,0.00497536,7.83066e-06
7.14286,0.00506968,7.28719e-06
7.2449,0.00515201,8.38736e-06
7.34694,0.00523789,7.38102e-06
7.44898,0.00534749,8.11922e-06
7.55102,0.00543039,8.39516e-06
7.65306,0.00553868,8.71687e-06
7.7551,0.00563187,9.60643e-06
7.85714,0.00571845,9.24947e-06
7.95918,0.00581779,1.22755e-05
8.06122,0.00591221,9.36332e-06
8.16327,0.00597831,9.06409e-06
8.26531,0.00608517,1.16468e-05
8.36735,0.00619354,9.76116e-06
8.46939,0.00627633,9.6767e-06
8.57143,0.00635848,9.55312e-06
8.67347,0.00645905,9.72868e-06
8.77551,0.0065556,9.37008e-06
8.87755,0.00665869,1.15162e-05
8.97959,0.00674242,1.06381e-05
9.08163,0.00683168,1.10496e-05
9.18367,0.00693086,1.01334e-05
9.28571,0.00703664,1.06872e-05
9.38776,0.00713995,1.23148e-05
9.4898,0.00723673,1.13196e-05
9.59184,0.00732684,1.06983e-05
9.69388,0.00740754,1.04952e-05
9.79592,0.00749266,1.22109e-05
9.89796,0.00760634,1.14758e-05
10.0,0.00771653,1.26916e-05
10.2041,0.00791473,1.29751e-05
10.4082,0.00812344,1.24107e-05
10.6122,0.00828581,1.37797e-05
10.8163,0.00850414,1.4024e-05
11.0204,0.00871673,1.63141e-05
11.2245,0.00885923,1.23969e-05
11.4286,0.00909967,1.44316e-05
11.6327,0.00925238,1.41684e-05
11.8367,0.00948748,1.55029e-05
12.0408,0.00968948,1.44082e-05
12.2449,0.00993093,1.81058e-05
12.449,0.0100732,1.53578e-05
12.6531,0.0102714,1.48605e-05
12.8571,0.010482,1.50658e-05
13.0612,0.0106851,1.5835e-05
13.2653,0.010906,1.86074e-05
13.4694,0.0111158,1.78159e-05
13.6735,0.0113417,1.77717e-05
13.8776,0.0115572,2.14472e-05
14.0816,0.0117351,1.85552e-05
14.2857,0.0119246,1.97293e-05
14.4898,0.0121564,2.01904e-05
14.6939,0.0123665,2.00561e-05
14.898,0.0125526,2.06817e-05
15.102,0.0127659,2.16899e-05
15.3061,0.0129831,2.00194e-05
15.5102,0.0131784,1.99774e-05
15.7143,0.0134243,2.30838e-05
15.9184,0.0136207,2.28206e-05
16.1224,0.0138414,2.43688e-05
16.3265,0.0140057,2.04631e-05
16.5306,0.0142556,2.25862e-05
16.7347,0.014452,2.25497e-05
16.9388,0.0146993,2.42729e-05
17.1429,0.0148684,2.51503e-05
17.3469,0.0151221,4.0927e-05
17.551,0.015343,2.26493e-05
17.7551,0.0155097,2.45269e-05
17.9592,0.0157588,2.67503e-05
18.1633,0.0159645,2.46376e-05
18.3673,0.0162267,2.61512e-05
18.5714,0.0164098,3.44067e-05
18.7755,0.01669,3.16477e-05
18.9796,0.0168679,2.80007e-05
19.1837,0.0170592,2.56279e-05
19.3878,0.0172547,2.95721e-05
19.5918,0.01751,2.70167e-05
19.7959,0.0176551,2.55937e-05
20.0,0.0179254,3.01344e-05
20.4082,0.0183335,2.76371e-05
20.8163,0.0188111,2.69906e-05
21.2245,0.0192937,3.05098e-05
21.6327,0.019708,3.54277e-05
22.0408,0.0201465,3.00575e-05
22.449,0.0206122,3.44982e-05
22.8571,0.021026,3.05947e-05
23.2653,0.0215469,3.6957e-05
23.6735,0.021974,4.14491e-05
24.0816,0.0224704,4.26613e-05
24.4898,0.022865,3.42329e-05
24.898,0.0233495,3.89903e-05
25.3061,0.0237891,4.07896e-05
25.7143,0.0241583,3.43891e-05
26.1224,0.0246715,3.78569e-05
26.5306,0.025255,4.66098e-05
26.9388,0.025611,3.95357e-05
27.3469,0.0260426,3.9222e-05
27.7551,0.0264604,3.91477e-05
28.1633,0.0269417,4.11142e-05
28.5714,0.027466,4.39913e-05
28.9796,0.0278579,4.44517e-05
29.3878,0.0284987,5.83107e-05
29.7959,0.0288628,4.45e-05
30.2041,0.0292839,4.64153e-05
30.6122,0.0298029,4.52794e-05
31.0204,0.0302832,4.65607e-05
31.4286,0.0307117,5.05129e-05
31.8367,0.0311676,5.36912e-05
32.2449,0.0316326,4.66086e-05
32.6531,0.0323009,5.76376e-05
33.0612,0.0327151,5.13777e-05
33.4694,0.0332109,6.2904e-05
33.8776,0.0336601,6.21374e-05
34.2857,0.0341332,5.58212e-05
34.6939,0.0345369,6.17207e-05
35.102,0.0349523,5.33227e-05
35.5102,0.0356901,6.08545e-05
35.9184,0.0359993,5.32365e-05
36.3265,0.0364743,5.98779e-05
36.7347,0.0369115,5.68982e-05
37.1429,0.0373485,5.96368e-05
37.551,0.0379201,6.03297e-05
37.9592,0.0385259,7.29332e-05
38.3673,0.0388916,5.74633e-05
38.7755,0.0394607,7.04718e-05
39.1837,0.0399695,8.05943e-05
39.5918,0.0403581,6.61778e-05
40.0,0.040945,6.8508e-05
40.4082,0.0412087,6.2571e-05
40.8163,0.0418086,6.61585e-05
41.2245,0.0423652,6.81059e-05
41.6327,0.0427731,7.18614e-05
42.0408,0.0434813,9.88578e-05
42.449,0.0438044,7.70348e-05
42.8571,0.044288,7.1499e-05
43.2653,0.0448006,6.92154e-05
43.6735,0.0452945,8.09651e-05
44.0816,0.0456573,6.89938e-05
44.4898,0.0461971,6.77534e-05
44.898,0.0467185,7.08573e-05
45.3061,0.0473323,7.01289e-05
45.7143,0.0478101,9.41823e-05
46.1224,0.0482766,7.92181e-05
46.5306,0.0490708,0.000225677
46.9388,0.0493277,7.67376e-05
47.3469,0.0497997,8.46499e-05
47.7551,0.0502215,7.7695e-05
48.1633,0.0506824,7.86372e-05
48.5714,0.0512289,7.6922e-05
48.9796,0.0519943,0.000110678
49.3878,0.0522203,7.9474e-05
49.7959,0.0528836,0.000123607
50.2041,0.05354,0.000126427
50.6122,0.0538702,9.35773e-05
51.0204,0.0542756,8.38479e-05
51.4286,0.0547588,8.20685e-05
51.8367,0.0553126,9.23595e-05
52.2449,0.0558758,9.03128e-05
52.6531,0.0564846,0.000100624
53.0612,0.0570097,0.00011931
53.4694,0.0573637,9.45595e-05
53.8776,0.0580015,0.000107554
54.2857,0.0585077,9.47396e-05
54.6939,0.0591323,0.000222349
55.102,0.0595956,0.000108841
55.5102,0.0600017,9.20823e-05
55.9184,0.0604915,0.000111583
56.3265,0.0609831,9.62348e-05
56.7347,0.0614752,0.000101731
57.1429,0.0621279,0.000188372
57.551,0.0624419,9.88153e-05
57.9592,0.0630729,0.000108521
58.3673,0.0636518,0.000163958
58.7755,0.0642006,0.000110758
59.1837,0.0644578,0.000101193
59.5918,0.0652583,0.000143387
60.0,0.0656667,0.000119043
60.4082,0.0662362,0.000128401
60.8163,0.0666658,0.000134087
61.2245,0.0674017,0.000150817
61.6327,0.0677398,0.000107974
62.0408,0.0683044,0.000110379
62.449,0.0687833,0.000129277
62.8571,0.0692693,0.000112653
63.2653,0.0700139,0.000114905
63.6735,0.0702003,0.000109863
64.0816,0.0708106,0.000106842
64.4898,0.0713866,0.000113923
64.898,0.0720655,0.000119293
65.3061,0.0723799,0.000109415
65.7143,0.0730436,0.000123324
66.1224,0.0738796,0.0001879
66.5306,0.0739882,0.000120502
66.9388,0.0747739,0.000135031
67.3469,0.0750719,0.000131294
67.7551,0.0757241,0.000127326
68.1633,0.0758777,0.000109101
68.5714,0.077014,0.000205382
68.9796,0.0769392,0.0001126
69.3878,0.0778125,0.000122347
69.7959,0.078337,0.000205432
70.2041,0.0786733,0.000132999
70.6122,0.0794838,0.000134605
71.0204,0.079989,0.000153069
71.4286,0.0803584,0.000116784
71.8367,0.0809767,0.00013694
72.2449,0.0815496,0.000194732
72.6531,0.0821227,0.000135407
73.0612,0.0825695,0.000127363
73.4694,0.0829708,0.000130871
73.8776,0.083763,0.000177022
74.2857,0.0840343,0.000157027
74.6939,0.0849071,0.000157771
75.102,0.0854116,0.000163188
75.5102,0.086045,0.000217038
75.9184,0.0861647,0.000130251
76.3265,0.0867073,0.000137572
76.7347,0.0875269,0.000159871
77.1429,0.0879427,0.000230742
77.551,0.0884736,0.000153666
77.9592,0.0887378,0.000140805
78.3673,0.0894456,0.000166043
78.7755,0.0899505,0.000180746
79.1837,0.0905715,0.000152457
79.5918,0.0911639,0.000154646
80.0,0.0916118,0.000141763
80.4082,0.0920308,0.00015992
80.8163,0.0926233,0.000152009
81.2245,0.0931506,0.000151146
81.6327,0.0937846,0.000148614
82.0408,0.0940708,0.00015914
82.449,0.0949952,0.000167528
82.8571,0.095397,0.000143283
83.2653,0.0960973,0.000177632
83.6735,0.0965377,0.000149149
84.0816,0.0971836,0.000157536
84.4898,0.097612,0.000170262
84.898,0.0978522,0.000157081
85.3061,0.0984198,0.000148897
85.7143,0.0991017,0.000149448
86.1224,0.0997655,0.000187499
86.5306,0.100172,0.000158517
86.9388,0.100757,0.000155374
87.3469,0.101591,0.000194651
87.7551,0.102026,0.000163231
88.1633,0.102524,0.000186214
88.5714,0.103004,0.000164476
88.9796,0.103702,0.000197029
89.3878,0.104027,0.000194111
89.7959,0.104649,0.000167326
90.2041,0.105281,0.000168308
90.6122,0.105858,0.000195309
91.0204,0.10643,0.000166057
91.4286,0.106927,0.000169669
91.8367,0.107739,0.000207461
92.2449,0.108212,0.000236334
92.6531,0.108171,0.000177822
93.0612,0.108858,0.00017487
93.4694,0.10936,0.000171898
93.8776,0.110144,0.000178795
94.2857,0.110996,0.000182561
94.6939,0.111059,0.000171874
95.102,0.111671,0.000197792
95.5102,0.112879,0.000430891
95.9184,0.113145,0.000186512
96.3265,0.113476,0.00018329
96.7347,0.1144,0.000195741
97.1429,0.114538,0.000174835
97.551,0.114934,0.000173341
97.9592,0.11613,0.000212987
98.3673,0.116565,0.000228771
98.7755,0.116832,0.0001959
99.1837,0.117212,0.000187416
99.5918,0.117654,0.000173146
100.0,0.11853,0.000347957
100.816,0.119429,0.000196996
101.633,0.120571,0.000219401
102.449,0.121869,0.000204945
103.265,0.123033,0.000206147
104.082,0.12416,0.000215742
104.898,0.125383,0.000219549
105.714,0.12622,0.000203627
106.531,0.127573,0.000224192
107.347,0.128734,0.000225983
108.163,0.129514,0.000199615
108.98,0.130844,0.000202684
109.796,0.132261,0.000246434
110.612,0.132906,0.000213614
111.429,0.134183,0.000242182
112.245,0.13517,0.00025419
113.061,0.136656,0.000248287
113.878,0.137652,0.000236869
114.694,0.138794,0.000238803
115.51,0.140051,0.000217927
116.327,0.140907,0.000245726
117.143,0.142075,0.000285112
117.959,0.143595,0.000314901
118.776,0.144543,0.000276865
119.592,0.145404,0.000245471
120.408,0.146884,0.000260163
121.224,0.148178,0.000444911
122.041,0.149073,0.000255462
122.857,0.150445,0.000255566
123.673,0.151356,0.000285984
124.49,0.152735,0.000292658
125.306,0.153596,0.000252851
126.122,0.155144,0.000250004
126.939,0.156112,0.000403717
127.755,0.15773,0.000325876
128.571,0.158616,0.00034333
129.388,0.158954,0.000255519
130.204,0.1602,0.000277049
131.02,0.161584,0.000276366
131.837,0.16305,0.00029732
132.653,0.163802,0.000248325
133.469,0.164997,0.000269704
134.286,0.166703,0.000326823
135.102,0.167307,0.000270667
135.918,0.168574,0.000288024
136.735,0.169404,0.00026859
137.551,0.171272,0.000330675
138.367,0.172021,0.000282255
139.184,0.173627,0.000309988
140.0,0.174704,0.000478379
140.816,0.175605,0.000326075
141.633,0.177012,0.000387204
142.449,0.17791,0.000288458
143.265,0.178874,0.000299042
144.082,0.180432,0.00038974
144.898,0.181421,0.000307849
145.714,0.183028,0.000302902
146.531,0.184303,0.000412371
147.347,0.184551,0.000300961
148.163,0.185978,0.000325107
148.98,0.186836,0.000295902
149.796,0.188132,0.000288636
150.612,0.189451,0.000342632
151.429,0.191026,0.000389092
152.245,0.191631,0.000516281
153.061,0.192299,0.000297811
153.878,0.193799,0.000311677
154.694,0.19551,0.000392258
155.51,0.197057,0.000373761
156.327,0.19736,0.000309111
157.143,0.198799,0.000579214
157.959,0.200295,0.000342981
158.776,0.201229,0.000340335
159.592,0.202235,0.000321004
160.408,0.203628,0.000350058
161.224,0.206296,0.000405624
162.041,0.206436,0.000329832
162.857,0.206595,0.000326726
163.673,0.208358,0.000315387
164.49,0.2094,0.000368167
165.306,0.211173,0.000407495
166.122,0.212041,0.000337476
166.939,0.2132,0.000408244
167.755,0.215481,0.000646546
168.571,0.216095,0.000453822
169.388,0.217108,0.00036294
170.204,0.21804,0.000403904
171.02,0.219758,0.000526285
171.837,0.220254,0.000370113
172.653,0.221974,0.000388112
173.469,0.222207,0.000344946
174.286,0.224104,0.000630647
175.102,0.224319,0.000344178
175.918,0.225873,0.000390148
176.735,0.227082,0.000423014
177.551,0.228646,0.000380189
178.367,0.229483,0.000346869
179.184,0.231381,0.000411014
180.0,0.232582,0.000410753
180.816,0.233129,0.000366442
181.633,0.234084,0.00036769
182.449,0.23543,0.000409667
183.265,0.236439,0.000377049
184.082,0.238271,0.00040495
184.898,0.239963,0.000446881
185.714,0.240871,0.00049764
186.531,0.241772,0.000450593
187.347,0.242568,0.000393055
188.163,0.243408,0.000385425
188.98,0.246182,0.000486054
189.796,0.246526,0.000395272
190.612,0.247886,0.000405877
191.429,0.248187,0.000390535
192.245,0.25008,0.000459066
193.061,0.250439,0.000381539
193.878,0.253131,0.000628989
194.694,0.253799,0.000392752
195.51,0.254827,0.000407315
196.327,0.255835,0.00047373
197.143,0.257003,0.000412478
197.959,0.258376,0.000464551
198.776,0.260499,0.00052035
199.592,0.260884,0.000475175
200.408,0.261977,0.000414241
201.224,0.26348,0.000484095
202.041,0.264782,0.000438229
202.857,0.265966,0.000464458
203.673,0.267214,0.000538445
204.49,0.267823,0.000455685
205.306,0.269422,0.000432241
206.122,0.270474,0.00056364
206.939,0.271987,0.000510099
207.755,0.273388,0.000481203
208.571,0.275484,0.000631692
209.388,0.2761,0.000520262
210.204,0.276566,0.000463229
211.02,0.278122,0.000486397
211.837,0.278743,0.000459897
212.653,0.279617,0.000452377
213.469,0.281084,0.000537211
214.286,0.28309,0.000516501
215.102,0.284708,0.000556075
215.918,0.285314,0.000533621
216.735,0.286379,0.000484483
217.551,0.288025,0.000528845
218.367,0.289864,0.000460922
219.184,0.290145,0.000524467
220.0,0.291462,0.00054976
221.633,0.294305,0.000939357
223.265,0.296733,0.000951649
224.898,0.299478,0.000590702
226.531,0.301755,0.000691498
228.163,0.30403,0.000468341
229.796,0.307269,0.000611592
231.429,0.309278,0.000574407
233.061,0.311527,0.000632018
234.694,0.313434,0.000602831
236.327,0.316548,0.00054629
237.959,0.3187,0.000570924
239.592,0.320963,0.000553716
241.224,0.324209,0.000568031
242.857,0.325678,0.000598673
244.49,0.329216,0.000617425
246.122,0.33065,0.000550852
247.755,0.334068,0.00053719
249.388,0.335301,0.000540176
251.02,0.338647,0.000592162
252.653,0.340418,0.000555916
254.286,0.344112,0.000890727
255.918,0.346568,0.00081573
257.551,0.347979,0.000610523
259.184,0.352172,0.000583337
260.816,0.35426,0.000618631
262.449,0.356726,0.000608307
264.082,0.359524,0.000664951
265.714,0.360833,0.000688223
267.347,0.363104,0.000602281
268.98,0.366349,0.000691989
270.612,0.368738,0.000701886
272.245,0.372114,0.000851856
273.878,0.374639,0.00077673
275.51,0.375153,0.000693571
277.143,0.378795,0.000631344
278.776,0.381109,0.000817745
280.408,0.383554,0.000653114
282.041,0.387264,0.000692837
283.673,0.389205,0.000647445
285.306,0.392459,0.000736263
286.939,0.393326,0.000626918
288.571,0.397311,0.000742919
290.204,0.399943,0.000774061
291.837,0.401283,0.00067102
293.469,0.404678,0.000919006
295.102,0.406662,0.000691073
296.735,0.411823,0.00123257
298.367,0.411696,0.000674315
300.0,0.414087,0.000710908
301.633,0.417182,0.00072427
303.265,0.419983,0.000767021
304.898,0.422528,0.000757378
306.531,0.422692,0.000630068
308.163,0.427827,0.000830228
309.796,0.429698,0.000704657
311.429,0.431452,0.000878396
313.061,0.433953,0.000715634
314.694,0.436968,0.00080401
316.327,0.438528,0.00071761
317.959,0.442964,0.000893177
319.592,0.445675,0.000835825
321.224,0.446993,0.000758968
322.857,0.449843,0.000755297
324.49,0.452418,0.00084828
326.122,0.454194,0.000742352
327.755,0.458325,0.000880364
329.388,0.460559,0.000788203
331.02,0.462412,0.00082794
332.653,0.466489,0.000849601
334.286,0.46827,0.000757434
335.918,0.471649,0.000879644
337.551,0.473004,0.000854354
339.184,0.474952,0.000815938
340.816,0.476846,0.000813894
342.449,0.48002,0.000737709
344.082,0.482524,0.000846284
345.714,0.485724,0.000884144
347.347,0.488738,0.000877887
348.98,0.490233,0.000808024
350.612,0.494596,0.000965199
352.245,0.496299,0.000921308
353.878,0.499436,0.000953909
355.51,0.499916,0.000806553
357.143,0.503967,0.000964046
358.776,0.506396,0.000964284
360.408,0.510477,0.000948457
362.041,0.510573,0.000831871
363.673,0.514205,0.000886835
365.306,0.516569,0.000810997
366.939,0.518526,0.000881803
368.571,0.522496,0.000941838
370.204,0.524561,0.00114265
371.837,0.526735,0.000904743
373.469,0.528485,0.000824013
375.102,0.532617,0.00113502
376.735,0.53556,0.000931434
378.367,0.537643,0.000865716
380.0,0.541131,0.00114655
382.449,0.545134,0.00100399
384.898,0.548704,0.000945271
387.347,0.55051,0.000891875
389.796,0.556009,0.000850011
392.245,0.559876,0.000937648
394.694,0.563097,0.00103724
397.143,0.569044,0.00182657
399.592,0.57139,0.00100335
402.041,0.574766,0.000936544
404.49,0.580244,0.00102358
406.939,0.583902,0.00111594
409.388,0.588152,0.00112077
411.837,0.58966,0.000924319
414.286,0.59595,0.0012238
416.735,0.600472,0.00161447
419.184,0.602512,0.00116934
421.633,0.606852,0.00113214
424.082,0.611925,0.00104068
426.531,0.617193,0.00147779
428.98,0.619487,0.00108645
431.429,0.622108,0.00105338
433.878,0.626855,0.00130251
436.327,0.631927,0.001165
438.776,0.634205,0.00109856
441.224,0.639465,0.00113101
443.673,0.643327,0.00126441
446.122,0.645612,0.00114012
448.571,0.6492,0.00104557
451.02,0.654015,0.00124893
453.469,0.659601,0.00150056
455.918,0.664279,0.00122015
458.367,0.666982,0.00124524
460.816,0.672417,0.00151375
463.265,0.675767,0.00134562
465.714,0.681105,0.0017739
468.163,0.682795,0.00118806
470.612,0.685705,0.00123796
473.061,0.6896,0.00120459
475.51,0.695518,0.00112781
477.959,0.700571,0.00135597
480.408,0.700957,0.00108575
482.857,0.706255,0.00115532
485.306,0.713371,0.00143596
487.755,0.716592,0.00129171
490.204,0.720341,0.00141671
492.653,0.724284,0.00187153
495.102,0.727249,0.00126975
497.551,0.731248,0.0012449
500.0,0.734427,0.0012075
502.449,0.739241,0.00129519
504.898,0.743946,0.00129381
507.347,0.74701,0.00126129
509.796,0.750003,0.00124134
512.245,0.75382,0.00129316
514.694,0.756866,0.00131422
517.143,0.766611,0.00271177
519.592,0.769094,0.00196894
522.041,0.771515,0.00130103
524.49,0.776295,0.00230532
526.939,0.784342,0.00207805
529.388,0.785255,0.00187986
531.837,0.78966,0.0028683
534.286,0.790154,0.0013106
536.735,0.796428,0.00133184
539.184,0.802168,0.00184809
541.633,0.806228,0.00203619
544.082,0.811214,0.00190213
546.531,0.813619,0.00253044
548.98,0.818566,0.00201423
551.429,0.819376,0.00151131
553.878,0.827311,0.00145998
556.327,0.828379,0.00138769
558.776,0.832826,0.00161123
561.224,0.839919,0.00194861
563.673,0.84154,0.00154124
566.122,0.844672,0.00163246
568.571,0.847751,0.00156854
571.02,0.852035,0.00134379
573.469,0.858041,0.00162204
575.918,0.8614,0.00158171
578.367,0.865652,0.00162279
580.816,0.874085,0.00242548
583.265,0.873472,0.00151988
585.714,0.879409,0.00154385
588.163,0.881113,0.00153321
590.612,0.885473,0.0016004
593.061,0.889441,0.0014175
595.51,0.89117,0.00150988
597.959,0.894625,0.00140785
600.408,0.901044,0.00155561
602.857,0.902294,0.00140348
605.306,0.909394,0.00165038
607.755,0.91216,0.00144589
610.204,0.919961,0.00216591
612.653,0.924058,0.00155379
615.102,0.929578,0.00187525
617.551,0.92833,0.00163641
620.0,0.934256,0.00214669
622.449,0.940417,0.00159237
624.898,0.946865,0.00308308
627.347,0.950965,0.00418212
629.796,0.952897,0.00293804
632.245,0.955886,0.00160874
634.694,0.960443,0.00290138
637.143,0.967721,0.00182444
639.592,0.968337,0.00185717
642.041,0.972781,0.0016909
644.49,0.97646,0.00167197
646.939,0.983855,0.00271268
649.388,0.986323,0.00182096
651.837,0.987902,0.00188378
654.286,0.99422,0.00289808
656.735,0.99729,0.00183752
659.184,1.00209,0.00190442
661.633,1.00395,0.00182392
664.082,1.00752,0.00168632
666.531,1.01357,0.0017272
668.98,1.01714,0.00168644
671.429,1.02214,0.00182376
673.878,1.02595,0.00161782
676.327,1.02927,0.00173135
678.776,1.033,0.00166901
681.224,1.03755,0.00212088
683.673,1.04256,0.00169119
686.122,1.04777,0.00209422
688.571,1.05465,0.00188684
691.02,1.05436,0.00232378
693.469,1.06021,0.00217525
695.918,1.06437,0.00217458
698.367,1.06803,0.0018676
700.816,1.07353,0.00198126
703.265,1.07603,0.0019647
705.714,1.07989,0.00200618
708.163,1.08267,0.00189219
710.612,1.08906,0.00217475
713.061,1.09309,0.00187295
715.51,1.09354,0.00176795
717.959,1.10304,0.00219508
720.408,1.10394,0.00181342
722.857,1.11189,0.00270213
725.306,1.11384,0.00182063
727.755,1.12292,0.00225648
730.204,1.12271,0.00232044
732.653,1.12511,0.00220646
735.102,1.1317,0.0025881
737.551,1.13191,0.00200365
740.0,1.1382,0.00184783
743.265,1.14013,0.00184055
746.531,1.15256,0.00213211
749.796,1.15641,0.0021884
753.061,1.16277,0.00250098
756.327,1.16683,0.00243389
759.592,1.1721,0.00228543
762.857,1.18405,0.00278114
766.122,1.17953,0.00205997
769.388,1.19444,0.00337941
772.653,1.1927,0.00188134
775.918,1.19868,0.00225591
779.184,1.20661,0.00219928
782.449,1.21188,0.00229249
785.714,1.21821,0.00226423
788.98,1.22178,0.00216823
792.245,1.22728,0.00249432
795.51,1.23586,0.00219265
798.776,1.23855,0.00225584
802.041,1.24584,0.00245196
805.306,1.24986,0.00212244
808.571,1.26284,0.00272867
811.837,1.26793,0.00236647
815.102,1.27384,0.00258405
818.367,1.27429,0.00261141
821.633,1.27773,0.00201825
824.898,1.28421,0.0021146
828.163,1.29022,0.00222625
831.429,1.29728,0.00250018
834.694,1.30138,0.00221656
837.959,1.30534,0.00202368
841.224,1.31956,0.00464324
844.49,1.31788,0.00235326
847.755,1.32265,0.00219671
851.02,1.33059,0.00260274
854.286,1.34074,0.00284217
857.551,1.3413,0.00238199
860.816,1.34476,0.00228777
864.082,1.3525,0.00231147
867.347,1.36128,0.00258338
870.612,1.36226,0.00259054
873.878,1.36801,0.00233922
877.143,1.37191,0.00234517
880.408,1.38404,0.00311576
883.673,1.3818,0.00227607
886.939,1.39362,0.00248209
890.204,1.39964,0.00229384
893.469,1.39867,0.00233629
896.735,1.4123,0.0029035
900.0,1.40933,0.00234254
903.265,1.4184,0.00222111
906.531,1.43134,0.00539671
909.796,1.43331,0.00280023
913.061,1.43689,0.00273848
916.327,1.44616,0.00316488
919.592,1.45031,0.00244499
922.857,1.45429,0.00258187
926.122,1.46448,0.00383801
929.388,1.47026,0.00280946
932.653,1.47388,0.00254993
935.918,1.47956,0.00281383
939.184,1.48765,0.00265127
942.449,1.48686,0.00269314
945.714,1.50227,0.00342787
948.98,1.50463,0.00317892
952.245,1.51025,0.00335147
955.51,1.51922,0.0039261
958.776,1.51672,0.00244283
962.041,1.52881,0.00324943
965.306,1.52459,0.00236529
968.571,1.54223,0.00315979
971.837,1.54514,0.00277419
975.102,1.54668,0.00309281
978.367,1.55681,0.00277376
981.633,1.56199,0.00349616
984.898,1.57113,0.0030319
988.163,1.57398,0.00325498
991.429,1.57449,0.00287833
994.694,1.58398,0.00333232
997.959,1.59207,0.00376549
1001.22,1.59727,0.00300218
1004.49,1.59928,0.00280538
1007.76,1.61085,0.00316885
1011.02,1.61632,0.0029663
1014.29,1.616,0.00262797
1017.55,1.62456,0.00284985
1020.82,1.63487,0.00294927
1024.08,1.63723,0.00449142
1027.35,1.63425,0.00256695
1030.61,1.65613,0.00738037
1033.88,1.65458,0.0032573
1037.14,1.65346,0.00273066
1040.41,1.66143,0.00286047
1043.67,1.67316,0.00398507
1046.94,1.67672,0.00304428
1050.2,1.68007,0.00321346
1053.47,1.68724,0.00380583
1056.73,1.68927,0.00289953
1060.0,1.7001,0.00363108
1064.9,1.71102,0.00513296
1069.8,1.71458,0.00314464
1074.69,1.7262,0.00336068
1079.59,1.73678,0.00372146
1084.49,1.74283,0.00308435
1089.39,1.75666,0.0043315
1094.29,1.75995,0.0028598
1099.18,1.77018,0.0063284
1104.08,1.77677,0.00352521
1108.98,1.7868,0.00326016
1113.88,1.79162,0.00327714
1118.78,1.79847,0.00316935
1123.67,1.81506,0.00469478
1128.57,1.8195,0.0028867
1133.47,1.82642,0.00321715
1138.37,1.82983,0.00297833
1143.27,1.84946,0.00526146
1148.16,1.85243,0.00333723
1153.06,1.86753,0.00340912
1157.96,1.87565,0.00351525
1162.86,1.88754,0.00382656
1167.76,1.8896,0.00404755
1172.65,1.89376,0.00301767
1177.55,1.90588,0.00321551
1182.45,1.92399,0.00341393
1187.35,1.92716,0.00336737
1192.24,1.93949,0.00457909
1197.14,1.94347,0.00350723
1202.04,1.95088,0.00365633
1206.94,1.96156,0.00345302
1211.84,1.97041,0.00573463
1216.73,1.97279,0.00387193
1221.63,1.98787,0.00450954
1226.53,1.99805,0.00367605
1231.43,2.00799,0.00369589
1236.33,2.01325,0.00435522
1241.22,2.0243,0.00400124
1246.12,2.02708,0.00338671
1251.02,2.04499,0.00486362
1255.92,2.04621,0.00370574
1260.82,2.06418,0.00416432
1265.71,2.06986,0.00517955
1270.61,2.0768,0.00353345
1275.51,2.08221,0.00360678
1280.41,2.08395,0.00336714
1285.31,2.11167,0.00876926
1290.2,2.11338,0.00395953
1295.1,2.13379,0.0125808
1300.0,2.12804,0.00369507
1304.9,2.1394,0.00379869
1309.8,2.15093,0.00488295
1314.69,2.15597,0.00371199
1319.59,2.1699,0.00471888
1324.49,2.17589,0.00455895
1329.39,2.18402,0.0041155
1334.29,2.18638,0.00354064
1339.18,2.20529,0.00651543
1344.08,2.21346,0.00667741
1348.98,2.21465,0.00393022
1353.88,2.23294,0.00480296
1358.78,2.23343,0.00360445
1363.67,2.24311,0.0040854
1368.57,2.25967,0.00465049
1373.47,2.26519,0.00439032
1378.37,2.27385,0.00380377
1383.27,2.286,0.00590075
1388.16,2.29399,0.00429361
1393.06,2.29903,0.00436022
1397.96,2.31148,0.00542204
1402.86,2.31645,0.00396476
1407.76,2.33238,0.00505471
1412.65,2.33221,0.00419342
1417.55,2.34702,0.00479785
1422.45,2.35453,0.00469091
1427.35,2.3728,0.00830913
1432.24,2.37141,0.00466684
1437.14,2.38315,0.00456823
1442.04,2.39664,0.00495412
1446.94,2.41916,0.0187705
1451.84,2.40779,0.0041569
1456.73,2.41857,0.00725044
1461.63,2.43024,0.009141
1466.53,2.42877,0.00417055
1471.43,2.44333,0.00569204
1476.33,2.44623,0.00404486
1481.22,2.46191,0.00439256
1486.12,2.47239,0.00471795
1491.02,2.48008,0.00450857
1495.92,2.49202,0.00601884
1500.82,2.50168,0.00540675
1505.71,2.5106,0.00650025
1510.61,2.5124,0.00502876
1515.51,2.53465,0.00515327
1520.41,2.53692,0.00444588
1525.31,2.53562,0.00432466
1530.2,2.54982,0.00511221
1535.1,2.56382,0.00491394
1540.0,2.56512,0.00430191
1547.35,2.58281,0.00522603
1554.69,2.58857,0.00410198
1562.04,2.60445,0.00485857
1569.39,2.61499,0.00467721
1576.73,2.64092,0.00539682
1584.08,2.65914,0.00633773
1591.43,2.6637,0.00469477
1598.78,2.67442,0.00457132
1606.12,2.68718,0.00558558
1613.47,2.70242,0.00573539
1620.82,2.72709,0.00737654
1628.16,2.73244,0.00528758
1635.51,2.76318,0.0163934
1642.86,2.75762,0.00462047
1650.2,2.76634,0.0047964
1657.55,2.79042,0.00591536
1664.9,2.80625,0.00563865
1672.24,2.81785,0.00559892
1679.59,2.82328,0.00507593
1686.94,2.83407,0.00475707
1694.29,2.86354,0.00774187
1701.63,2.87444,0.00543079
1708.98,2.88527,0.00519532
1716.33,2.899,0.0053586
1723.67,2.92377,0.0093129
1731.02,2.93103,0.00619181
1738.37,2.94163,0.00672325
1745.71,2.94615,0.00552192
1753.06,2.9603,0.00552955
1760.41,2.99043,0.00662108
1767.76,3.01347,0.0115491
1775.1,3.00419,0.00521687
1782.45,3.01835,0.00540985
1789.8,3.04757,0.00577284
1797.14,3.04409,0.0053622
1804.49,3.06264,0.00868512
1811.84,3.0832,0.00596361
1819.18,3.09238,0.00579123
1826.53,3.10141,0.00722474
1833.88,3.12706,0.00758993
1841.22,3.13283,0.00757528
1848.57,3.12968,0.00590905
1855.92,3.15687,0.00651617
1863.27,3.16784,0.00837048
1870.61,3.17876,0.00608068
1877.96,3.19455,0.0064699
1885.31,3.21998,0.00634536
1892.65,3.2297,0.00608245
1900.0,3.24528,0.00597242
1907.35,3.25162,0.00627332
1914.69,3.2627,0.00556793
1922.04,3.2799,0.00663948
1929.39,3.30382,0.00969264
1936.73,3.31699,0.0111473
1944.08,3.31517,0.00528912
1951.43,3.34396,0.00622561
1958.78,3.34462,0.00559485
1966.12,3.37468,0.00687741
1973.47,3.38204,0.00624653
1980.82,3.39664,0.00835947
1988.16,3.39943,0.00663542
1995.51,3.42275,0.00711102
2002.86,3.43329,0.00829739
2010.2,3.43599,0.0061398
2017.55,3.4747,0.00727388
2024.9,3.47044,0.00713874
2032.24,3.48608,0.00682995
2039.59,3.51146,0.00701355
2046.94,3.51362,0.00655762
2054.29,3.52753,0.00711367
2061.63,3.54793,0.00641021
2068.98,3.55911,0.00963045
2076.33,3.56662,0.00682999
2083.67,3.58457,0.00634534
2091.02,3.58991,0.0063745
2098.37,3.62136,0.00711239
2105.71,3.62252,0.0069813
2113.06,3.63725,0.00702253
2120.41,3.65777,0.00694866
2127.76,3.67726,0.00711868
2135.1,3.68797,0.00783402
2142.45,3.69697,0.00824206
2149.8,3.70761,0.00682867
2157.14,3.72455,0.00655505
2164.49,3.75299,0.00820504
2171.84,3.74775,0.00726121
2179.18,3.77867,0.0095936
2186.53,3.78183,0.0080352
2193.88,3.78641,0.00654304
2201.22,3.81605,0.00733216
2208.57,3.82847,0.00803149
2215.92,3.83479,0.00692781
2223.27,3.85211,0.00688603
2230.61,3.87565,0.00791186
2237.96,3.87541,0.00731258
2245.31,3.89955,0.00690221
2252.65,3.90692,0.00762669
2260.0,3.91302,0.00630764
2271.02,3.94935,0.00858318
2282.04,3.96314,0.00822532
2293.06,3.99073,0.00879786
2304.08,3.9957,0.00683817
2315.1,4.02804,0.00737554
2326.12,4.04202,0.00761713
2337.14,4.092,0.0113706
2348.16,4.10491,0.00766521
2359.18,4.11547,0.00785889
2370.2,4.14162,0.0115958
2381.22,4.15845,0.00753131
2392.24,4.1738,0.00820482
2403.27,4.1966,0.00762693
2414.29,4.21369,0.00710045
2425.31,4.24226,0.00842947
2436.33,4.29583,0.015039
2447.35,4.28856,0.0131174
2458.37,4.31606,0.00956163
2469.39,4.31878,0.00735448
2480.41,4.32631,0.00771199
2491.43,4.37531,0.00863982
2502.45,4.37665,0.00749638
2513.47,4.41824,0.00885205
2524.49,4.4371,0.0125107
2535.51,4.46813,0.00935831
2546.53,4.47669,0.00901037
2557.55,4.48984,0.00870838
2568.57,4.51898,0.0104182
2579.59,4.53297,0.00888798
2590.61,4.54311,0.00787048
2601.63,4.57327,0.00958897
2612.65,4.60029,0.0083393
2623.67,4.61588,0.00941826
2634.69,4.64089,0.00884494
2645.71,4.67127,0.0101761
2656.73,4.69763,0.00967102
2667.76,4.70335,0.00842914
2678.78,4.72876,0.00786581
2689.8,4.75097,0.00996693
2700.82,4.77159,0.00893555
2711.84,4.80227,0.00881615
2722.86,4.8105,0.00811563
2733.88,4.83452,0.00983361
2744.9,4.86172,0.00932984
2755.92,4.89371,0.0167445
2766.94,4.8896,0.00853807
2777.96,4.91937,0.00871439
2788.98,4.96052,0.015205
2800.0,4.9708,0.0104121
2814.29,4.99245,0.00850244
2828.57,5.02479,0.0151205
2842.86,5.03418,0.00868043
2857.14,5.08688,0.0177324
2871.43,5.10878,0.00939278
2885.71,5.13254,0.0111801
2900.0,5.14233,0.00882261
2914.29,5.21122,0.015283
2928.57,5.21311,0.00932349
2942.86,5.26288,0.0104507
2957.14,5.28218,0.010107
2971.43,5.28651,0.00901444
2985.71,5.34125,0.0103137
3000.0,5.34631,0.0114644
3014.29,5.37481,0.0112914
3028.57,5.40775,0.00959997
3042.86,5.43877,0.00977397
3057.14,5.47515,0.010148
3071.43,5.49296,0.0113454
3085.71,5.52053,0.011163
3100.0,5.60044,0.0505405
3114.29,5.59979,0.0127095
3128.57,5.61771,0.0141289
3142.86,5.61312,0.0104048
3157.14,5.6654,0.0113056
3171.43,5.66195,0.00971763
3185.71,5.73614,0.0140055
3200.0,5.75309,0.00973553
3214.29,5.80415,0.02316
3228.57,5.82483,0.0135261
3242.86,5.85603,0.0150586
3257.14,5.83706,0.00976939
3271.43,5.88146,0.0103137
3285.71,5.93524,0.0115369
3300.0,5.93973,0.0112442
3314.29,5.99564,0.0152682
3328.57,6.01813,0.0106775
3342.86,6.02601,0.010427
3357.14,6.07139,0.0201722
3371.43,6.10565,0.0126212
3385.71,6.10948,0.0135556
3400.0,6.15357,0.0122659
3414.29,6.14694,0.011234
3428.57,6.23595,0.0279734
3442.86,6.20299,0.0103796
3457.14,6.24118,0.0105617
3471.43,6.28951,0.0127561
3485.71,6.32986,0.013443
3500.0,6.34869,0.0129879
3520.41,6.38151,0.0145125
3540.82,6.43422,0.0125295
3561.22,6.46025,0.0123268
3581.63,6.49663,0.0122909
3602.04,6.55606,0.0188109
3622.45,6.57898,0.0128605
3642.86,6.65811,0.0312524
3663.27,6.67104,0.0132798
3683.67,6.68986,0.0124196
3704.08,6.79923,0.0258359
3724.49,6.78552,0.0127043
3744.9,6.83838,0.0133514
3765.31,6.8872,0.0164539
3785.71,6.91623,0.0134588
3806.12,6.94919,0.0144313
3826.53,6.99985,0.0124312
3846.94,7.06894,0.0212345
3867.35,7.07309,0.0133413
3887.76,7.12674,0.0142486
3908.16,7.13999,0.0118942
3928.57,7.20455,0.0157726
3948.98,7.25798,0.0159196
3969.39,7.26379,0.0124227
3989.8,7.3037,0.0126517
4010.2,7.35832,0.0135511
4030.61,7.39247,0.0132368
4051.02,7.46473,0.0167221
4071.43,7.49443,0.0140595
4091.84,7.52217,0.0144938
4112.24,7.54493,0.0124984
4132.65,7.60389,0.0143768
4153.06,7.65276,0.0156333
4173.47,7.69454,0.0160735
4193.88,7.72488,0.0141415
4214.29,7.77113,0.0147688
4234.69,7.82692,0.0157977
4255.1,7.86085,0.014988
4275.51,7.87664,0.0154751
4295.92,7.9329,0.0146899
4316.33,7.96682,0.0148853
4336.73,7.99833,0.0129403
4357.14,8.0909,0.0184945
4377.55,8.10937,0.0200534
4397.96,8.14809,0.0157421
4418.37,8.16977,0.0143483
4438.78,8.21637,0.0144792
4459.18,8.23371,0.0153188
4479.59,8.2868,0.0133791
4500.0,8.34592,0.018257
4530.61,8.44601,0.0355481
4561.22,8.47028,0.0167577
4591.84,8.55539,0.0161653
4622.45,8.59321,0.0161633
4653.06,8.67529,0.016888
4683.67,8.71433,0.0152564
4714.29,8.75765,0.0157365
4744.9,8.85032,0.0197965
4775.51,8.9226,0.0162833
4806.12,8.97721,0.0161686
4836.73,9.04806,0.0169968
4867.35,9.09533,0.022976
4897.96,9.182,0.0190002
4928.57,9.30838,0.042673
4959.18,9.36081,0.0630114
4989.8,9.35565,0.0200683
5020.41,9.39901,0.017185
5051.02,9.46699,0.0164232
5081.63,9.51475,0.0176957
5112.24,9.61007,0.0216392
5142.86,9.64447,0.0171695
5173.47,9.7437,0.0257476
5204.08,9.78258,0.0173295
5234.69,9.85459,0.0189772
5265.31,9.93098,0.0190082
5295.92,10.0058,0.0189978
5326.53,10.0161,0.0184273
5357.14,10.1351,0.0230182
5387.76,10.1762,0.0181456
5418.37,10.2341,0.0187173
5448.98,10.2541,0.0171653
5479.59,10.3386,0.0196557
5510.2,10.4153,0.0190374
5540.82,10.493,0.02098
5571.43,10.5606,0.0211458
5602.04,10.6275,0.0201874
5632.65,10.7668,0.0592376
5663.27,10.6974,0.01779
5693.88,10.8053,0.0195617
5724.49,10.8672,0.0234803
5755.1,10.9328,0.0184153
5785.71,10.9698,0.0184792
5816.33,11.1228,0.0683801
5846.94,11.158,0.022464
5877.55,11.2194,0.0239692
5908.16,11.2529,0.0251855
5938.78,11.353,0.0282788
5969.39,11.3812,0.0204664
6000.0,11.4396,0.0218991
6040.82,11.5267,0.0195644
6081.63,11.6507,0.0284944
6122.45,11.734,0.031015
6163.27,11.7839,0.0224403
6204.08,11.8433,0.0207883
6244.9,11.9461,0.0221538
6285.71,12.04,0.0298655
6326.53,12.0867,0.022333
6367.35,12.1628,0.0216892
6408.16,12.2825,0.0224028
6448.98,12.4701,0.0716976
6489.8,12.4287,0.0208709
6530.61,12.546,0.0265508
6571.43,12.6142,0.0224924
6612.24,12.7209,0.0245392
6653.06,12.7872,0.0232076
6693.88,12.9227,0.030414
6734.69,13.0282,0.0296092
6775.51,13.0504,0.0225484
6816.33,13.135,0.0232855
6857.14,13.2296,0.0254558
6897.96,13.3551,0.0287075
6938.78,13.4127,0.0272328
6979.59,13.5082,0.0365596
7020.41,13.7782,0.135832
7061.22,13.6716,0.0262679
7102.04,13.7692,0.0328659
7142.86,13.8179,0.0295092
7183.67,13.9277,0.0265486
7224.49,14.0076,0.0275708
7265.31,14.1041,0.0264939
7306.12,14.2196,0.0290498
7346.94,14.2443,0.0258443
7387.76,14.3587,0.0281924
7428.57,14.4857,0.0417005
7469.39,14.5096,0.0407188
7510.2,14.6504,0.0411179
7551.02,14.707,0.0260604
7591.84,14.7952,0.035287
7632.65,14.872,0.0290375
7673.47,14.972,0.032923
7714.29,15.0501,0.0288982
7755.1,15.0675,0.0266164
7795.92,15.1882,0.0271339
7836.73,15.3428,0.0455855
7877.55,15.4465,0.0381657
7918.37,15.4792,0.0302053
7959.18,15.5769,0.0296268
8000.0,15.6291,0.0308687
8040.82,15.7177,0.0284827
8081.63,15.8307,0.0420366
8122.45,15.9039,0.0300958
8163.27,16.0292,0.0385508
8204.08,16.1061,0.0435744
8244.9,16.2106,0.031826
8285.71,16.2932,0.0502846
8326.53,16.3692,0.0378989
8367.35,16.4742,0.041996
8408.16,16.5572,0.0402593
8448.98,16.5922,0.0310588
8489.8,16.6682,0.0323637
8530.61,16.7565,0.0333884
8571.43,16.8995,0.035017
8612.24,16.9283,0.0306686
8653.06,17.0357,0.0320063
8693.88,17.1387,0.0324797
8734.69,17.229,0.0347159
8775.51,17.2884,0.0311491
8816.33,17.3807,0.0295844
8857.14,17.4827,0.0701559
8897.96,17.5878,0.033583
8938.78,17.6864,0.0427625
8979.59,17.7479,0.0324525
9020.41,17.8197,0.0363142
9061.22,17.9351,0.037542
9102.04,18.0291,0.0375286
9142.86,18.14,0.035715
9183.67,18.2563,0.0366503
9224.49,18.2342,0.0307288
9265.31,18.3725,0.0353188
9306.12,18.4446,0.0319315
9346.94,18.5457,0.0329456
9387.76,18.6499,0.0347329
9428.57,18.7569,0.0426655
9469.39,18.8708,0.0394829
9510.2,18.9452,0.0452135
9551.02,18.9578,0.0362944
9591.84,19.1401,0.090694
9632.65,19.1735,0.0370735
9673.47,19.2383,0.0435023
9714.29,19.3738,0.0407018
9755.1,19.4043,0.0397036
9795.92,19.553,0.0424572
9836.73,19.9033,0.292279
9877.55,19.6246,0.0345596
9918.37,19.8191,0.0499633
9959.18,19.8797,0.0421085
10000.0,19.9286,0.039018
